
---------------------------------- DAY 0

Update Fixed Elements from Intrinsic Faults
Update Fixed Elements from Heavy Faults
Update Fixed Elements from Attack
Propagate Intrinsic Fault
Propagate Heavy Faults
Propagate Attacks
Inject Intrinsic Failure To Source
Inject Heavy Fault To Sources
Inject Attack Multiple To Source
Inject Intrinsic Fault To Pipeline
Inject Heavy Fault To Pipeline
Inject Attack To Pipeline
----------- Statistics ------------
	Sources Under Attack: 0
	Sources with Heavy Fault: 0
	Sources with Intrinsic Fault: 0
	Arcs with reduce capacity due to Attack: 0
	Arcs with reduce capacity due to Heavy Fault: 0
	Arcs with reduce capacity due to Intrinsic Fault: 0
	Arcs with Attacks: 0
	Arcs with Heavy Fault: 0
	Arcs with Intrinsic Fault: 0
--------- SOURCES STATISTICS ---------------
Demand del real Source[0]: -31.0, flusso erogato: 8.069999999999997, flusso entrante: 0.0, efficienza: 26.032258064516117 %
Demand del real Source[8]: -10.5, flusso erogato: 3.8600000000000003, flusso entrante: 0.0, efficienza: 36.76190476190476 %
Demand del real Source[9]: -7.1, flusso erogato: 14.169999999999996, flusso entrante: 7.070000000000007, efficienza: 199.57746478873236 %
Demand del real Source[17]: -25.0, flusso erogato: 25.000000000000007, flusso entrante: 0.0, efficienza: 100.00000000000003 %
Flusso totale entrante nei Real Source: 7.070000000000007
Flusso totale uscente dai Real Source: 51.1
Flusso netto sui real Source: -44.029999999999994
--- SINKS STATISTICS ---
Sink 3 SODDISFATTO. Flusso netto: 3.4299999999999997, Demand: 3.43, percentage: 99.99999999999999
Sink 4 SODDISFATTO. Flusso netto: 0.5700000000000003, Demand: 0.57, percentage: 100.00000000000007
Sink 5 SODDISFATTO. Flusso netto: 0.6600000000000019, Demand: 0.66, percentage: 100.00000000000028
Sink 11 SODDISFATTO. Flusso netto: 1.03, Demand: 1.03, percentage: 100.0
Sink 15 SODDISFATTO. Flusso netto: 0.4600000000000044, Demand: 0.46, percentage: 100.00000000000095
Sink 16 SODDISFATTO. Flusso netto: 8.399999999999993, Demand: 8.4, percentage: 99.99999999999991
Sink 19 SODDISFATTO. Flusso netto: 0.5399999999999938, Demand: 0.54, percentage: 99.99999999999885
Sink 23 SODDISFATTO. Flusso netto: 0.5999999999999996, Demand: 0.6, percentage: 99.99999999999994
Sink 24 SODDISFATTO. Flusso netto: 0.8000000000000007, Demand: 0.8, percentage: 100.00000000000009
Sink 25 SODDISFATTO. Flusso netto: 3.5, Demand: 3.5, percentage: 100.0
Sink 26 SODDISFATTO. Flusso netto: 6.000000000000007, Demand: 6.0, percentage: 100.00000000000011
Sink 28 SODDISFATTO. Flusso netto: 0.4, Demand: 0.4, percentage: 100.0
Sink 30 SODDISFATTO. Flusso netto: 0.9799999999999933, Demand: 0.98, percentage: 99.99999999999932
Sink 31 SODDISFATTO. Flusso netto: 0.3999999999999999, Demand: 0.4, percentage: 99.99999999999997
Sink 32 SODDISFATTO. Flusso netto: 0.9999999999999989, Demand: 1.0, percentage: 99.99999999999989
Sink 34 SODDISFATTO. Flusso netto: 1.7400000000000002, Demand: 1.74, percentage: 100.00000000000003
Sink 35 SODDISFATTO. Flusso netto: 1.3, Demand: 1.3, percentage: 100.0
Sink 37 SODDISFATTO. Flusso netto: 1.0, Demand: 1.0, percentage: 100.0
Sink 39 SODDISFATTO. Flusso netto: 0.40000000000000036, Demand: 0.4, percentage: 100.00000000000009
Sink 40 SODDISFATTO. Flusso netto: 0.5, Demand: 0.5, percentage: 100.0
Sink 41 SODDISFATTO. Flusso netto: 1.0600000000000005, Demand: 1.06, percentage: 100.00000000000004
Sink 42 SODDISFATTO. Flusso netto: 2.8200000000000007, Demand: 2.82, percentage: 100.00000000000003
Sink 45 SODDISFATTO. Flusso netto: 0.6800000000000002, Demand: 0.68, percentage: 100.00000000000003
Sink 46 SODDISFATTO. Flusso netto: 1.17, Demand: 1.17, percentage: 100.0
Sink 49 non è soddisfatto. Flusso netto: 4.59, Demand: 7.0, percentage: 65.57142857142857
Flusso totale entrante nei SINK: 86.46000000000001
Flusso totale uscente nei SINK: 42.430000000000014
Flusso totale netto nei SINK: 44.029999999999994
Total DEMAND dei SINK: 46.44
Percentual di flusso ai SINK: 0.9481050818260119
Numero di Sink soddisfatti: 24.0, numero totale di sink: 25.0
Percentuale di Sink soddisfatti: 0.96

---------------------------------- DAY 1

Update Fixed Elements from Intrinsic Faults
Update Fixed Elements from Heavy Faults
Update Fixed Elements from Attack
Propagate Intrinsic Fault
Propagate Heavy Faults
Propagate Attacks
Inject Intrinsic Failure To Source
Source NODO_11 is failing for an Intrinsic Fault in day: 1
pipeline ARCO_3 has reduced capacity due to NODO_11 Intrinsic fault
pipeline ARCO_90 has reduced capacity due to NODO_11 Intrinsic fault
pipeline ARCO_91 has reduced capacity due to NODO_11 Intrinsic fault
pipeline ARCO_92 has reduced capacity due to NODO_11 Intrinsic fault
pipeline V_EDGE_53_9 has reduced capacity due to NODO_11 Intrinsic fault
pipeline ARCO_20 has reduced capacity due to NODO_11 Intrinsic fault
pipeline ARCO_21 has reduced capacity due to NODO_11 Intrinsic fault
pipeline ARCO_22 has reduced capacity due to NODO_11 Intrinsic fault
pipeline ARCO_73 has reduced capacity due to NODO_11 Intrinsic fault
Inject Heavy Fault To Sources
Inject Attack Multiple To Source
Inject Intrinsic Fault To Pipeline
Inject Heavy Fault To Pipeline
Inject Attack To Pipeline
----------- Statistics ------------
	Sources Under Attack: 0
	Sources with Heavy Fault: 0
	Sources with Intrinsic Fault: 1
	Arcs with reduce capacity due to Attack: 0
	Arcs with reduce capacity due to Heavy Fault: 0
	Arcs with reduce capacity due to Intrinsic Fault: 9
	Arcs with Attacks: 0
	Arcs with Heavy Fault: 0
	Arcs with Intrinsic Fault: 0
--------- SOURCES STATISTICS ---------------
Demand del real Source[0]: -31.0, flusso erogato: 8.729999999999993, flusso entrante: 0.0, efficienza: 28.161290322580623 %
Demand del real Source[8]: -10.5, flusso erogato: 3.8600000000000003, flusso entrante: 0.0, efficienza: 36.76190476190476 %
Demand del real Source[9]: -7.1, flusso erogato: 13.409999999999997, flusso entrante: 7.73, efficienza: 188.87323943661968 %
Demand del real Source[17]: -25.0, flusso erogato: 25.000000000000007, flusso entrante: 0.0, efficienza: 100.00000000000003 %
Flusso totale entrante nei Real Source: 7.73
Flusso totale uscente dai Real Source: 51.0
Flusso netto sui real Source: -43.269999999999996
--- SINKS STATISTICS ---
Sink 3 SODDISFATTO. Flusso netto: 3.4299999999999997, Demand: 3.43, percentage: 99.99999999999999
Sink 4 SODDISFATTO. Flusso netto: 0.5700000000000003, Demand: 0.57, percentage: 100.00000000000007
Sink 5 SODDISFATTO. Flusso netto: 0.6600000000000001, Demand: 0.66, percentage: 100.00000000000003
Sink 11 SODDISFATTO. Flusso netto: 1.03, Demand: 1.03, percentage: 100.0
Sink 15 SODDISFATTO. Flusso netto: 0.4600000000000044, Demand: 0.46, percentage: 100.00000000000095
Sink 16 SODDISFATTO. Flusso netto: 8.399999999999993, Demand: 8.4, percentage: 99.99999999999991
Sink 19 SODDISFATTO. Flusso netto: 0.5399999999999938, Demand: 0.54, percentage: 99.99999999999885
Sink 23 SODDISFATTO. Flusso netto: 0.5999999999999996, Demand: 0.6, percentage: 99.99999999999994
Sink 24 SODDISFATTO. Flusso netto: 0.8000000000000007, Demand: 0.8, percentage: 100.00000000000009
Sink 25 SODDISFATTO. Flusso netto: 3.5, Demand: 3.5, percentage: 100.0
Sink 26 SODDISFATTO. Flusso netto: 6.000000000000007, Demand: 6.0, percentage: 100.00000000000011
Sink 28 SODDISFATTO. Flusso netto: 0.4, Demand: 0.4, percentage: 100.0
Sink 30 SODDISFATTO. Flusso netto: 0.9799999999999933, Demand: 0.98, percentage: 99.99999999999932
Sink 31 SODDISFATTO. Flusso netto: 0.3999999999999999, Demand: 0.4, percentage: 99.99999999999997
Sink 32 SODDISFATTO. Flusso netto: 0.9999999999999989, Demand: 1.0, percentage: 99.99999999999989
Sink 34 SODDISFATTO. Flusso netto: 1.7400000000000002, Demand: 1.74, percentage: 100.00000000000003
Sink 35 SODDISFATTO. Flusso netto: 1.3, Demand: 1.3, percentage: 100.0
Sink 37 SODDISFATTO. Flusso netto: 1.0, Demand: 1.0, percentage: 100.0
Sink 39 SODDISFATTO. Flusso netto: 0.40000000000000036, Demand: 0.4, percentage: 100.00000000000009
Sink 40 SODDISFATTO. Flusso netto: 0.5, Demand: 0.5, percentage: 100.0
Sink 41 SODDISFATTO. Flusso netto: 1.0600000000000005, Demand: 1.06, percentage: 100.00000000000004
Sink 42 SODDISFATTO. Flusso netto: 2.819999999999999, Demand: 2.82, percentage: 99.99999999999997
Sink 45 SODDISFATTO. Flusso netto: 0.6800000000000002, Demand: 0.68, percentage: 100.00000000000003
Sink 46 SODDISFATTO. Flusso netto: 1.17, Demand: 1.17, percentage: 100.0
Sink 49 non è soddisfatto. Flusso netto: 3.83, Demand: 7.0, percentage: 54.714285714285715
Flusso totale entrante nei SINK: 85.282
Flusso totale uscente nei SINK: 42.01200000000001
Flusso totale netto nei SINK: 43.26999999999999
Total DEMAND dei SINK: 46.44
Percentual di flusso ai SINK: 0.9317398794142978
Numero di Sink soddisfatti: 24.0, numero totale di sink: 25.0
Percentuale di Sink soddisfatti: 0.96

---------------------------------- DAY 2

Update Fixed Elements from Intrinsic Faults
Update Fixed Elements from Heavy Faults
Update Fixed Elements from Attack
Propagate Intrinsic Fault
Node NODO_11 has still failing due to Intrinsic Fault
pipeline ARCO_3 still has reduced capacity: 9.688 due to Intrinsic Fault
pipeline ARCO_90 still has reduced capacity: 1.6 due to Intrinsic Fault
pipeline ARCO_91 still has reduced capacity: 9.688 due to Intrinsic Fault
pipeline ARCO_92 still has reduced capacity: 39.328 due to Intrinsic Fault
pipeline V_EDGE_53_9 still has reduced capacity: 5.68 due to Intrinsic Fault
pipeline ARCO_20 still has reduced capacity: 1.6 due to Intrinsic Fault
pipeline ARCO_21 still has reduced capacity: 9.688 due to Intrinsic Fault
pipeline ARCO_22 still has reduced capacity: 39.328 due to Intrinsic Fault
pipeline ARCO_73 still has reduced capacity: 9.688 due to Intrinsic Fault
Propagate Heavy Faults
Propagate Attacks
Inject Intrinsic Failure To Source
Inject Heavy Fault To Sources
Inject Attack Multiple To Source
Inject Intrinsic Fault To Pipeline
Inject Heavy Fault To Pipeline
Inject Attack To Pipeline
----------- Statistics ------------
	Sources Under Attack: 0
	Sources with Heavy Fault: 0
	Sources with Intrinsic Fault: 1
	Arcs with reduce capacity due to Attack: 0
	Arcs with reduce capacity due to Heavy Fault: 0
	Arcs with reduce capacity due to Intrinsic Fault: 9
	Arcs with Attacks: 0
	Arcs with Heavy Fault: 0
	Arcs with Intrinsic Fault: 0
--------- SOURCES STATISTICS ---------------
Demand del real Source[0]: -31.0, flusso erogato: 8.729999999999993, flusso entrante: 0.0, efficienza: 28.161290322580623 %
Demand del real Source[8]: -10.5, flusso erogato: 3.8600000000000003, flusso entrante: 0.0, efficienza: 36.76190476190476 %
Demand del real Source[9]: -7.1, flusso erogato: 13.409999999999997, flusso entrante: 7.73, efficienza: 188.87323943661968 %
Demand del real Source[17]: -25.0, flusso erogato: 25.000000000000007, flusso entrante: 0.0, efficienza: 100.00000000000003 %
Flusso totale entrante nei Real Source: 7.73
Flusso totale uscente dai Real Source: 51.0
Flusso netto sui real Source: -43.269999999999996
--- SINKS STATISTICS ---
Sink 3 SODDISFATTO. Flusso netto: 3.4299999999999997, Demand: 3.43, percentage: 99.99999999999999
Sink 4 SODDISFATTO. Flusso netto: 0.5700000000000003, Demand: 0.57, percentage: 100.00000000000007
Sink 5 SODDISFATTO. Flusso netto: 0.6600000000000001, Demand: 0.66, percentage: 100.00000000000003
Sink 11 SODDISFATTO. Flusso netto: 1.03, Demand: 1.03, percentage: 100.0
Sink 15 SODDISFATTO. Flusso netto: 0.4600000000000044, Demand: 0.46, percentage: 100.00000000000095
Sink 16 SODDISFATTO. Flusso netto: 8.399999999999993, Demand: 8.4, percentage: 99.99999999999991
Sink 19 SODDISFATTO. Flusso netto: 0.5399999999999938, Demand: 0.54, percentage: 99.99999999999885
Sink 23 SODDISFATTO. Flusso netto: 0.5999999999999996, Demand: 0.6, percentage: 99.99999999999994
Sink 24 SODDISFATTO. Flusso netto: 0.8000000000000007, Demand: 0.8, percentage: 100.00000000000009
Sink 25 SODDISFATTO. Flusso netto: 3.5, Demand: 3.5, percentage: 100.0
Sink 26 SODDISFATTO. Flusso netto: 6.000000000000007, Demand: 6.0, percentage: 100.00000000000011
Sink 28 SODDISFATTO. Flusso netto: 0.4, Demand: 0.4, percentage: 100.0
Sink 30 SODDISFATTO. Flusso netto: 0.9799999999999933, Demand: 0.98, percentage: 99.99999999999932
Sink 31 SODDISFATTO. Flusso netto: 0.3999999999999999, Demand: 0.4, percentage: 99.99999999999997
Sink 32 SODDISFATTO. Flusso netto: 0.9999999999999989, Demand: 1.0, percentage: 99.99999999999989
Sink 34 SODDISFATTO. Flusso netto: 1.7400000000000002, Demand: 1.74, percentage: 100.00000000000003
Sink 35 SODDISFATTO. Flusso netto: 1.3, Demand: 1.3, percentage: 100.0
Sink 37 SODDISFATTO. Flusso netto: 1.0, Demand: 1.0, percentage: 100.0
Sink 39 SODDISFATTO. Flusso netto: 0.40000000000000036, Demand: 0.4, percentage: 100.00000000000009
Sink 40 SODDISFATTO. Flusso netto: 0.5, Demand: 0.5, percentage: 100.0
Sink 41 SODDISFATTO. Flusso netto: 1.0600000000000005, Demand: 1.06, percentage: 100.00000000000004
Sink 42 SODDISFATTO. Flusso netto: 2.819999999999999, Demand: 2.82, percentage: 99.99999999999997
Sink 45 SODDISFATTO. Flusso netto: 0.6800000000000002, Demand: 0.68, percentage: 100.00000000000003
Sink 46 SODDISFATTO. Flusso netto: 1.17, Demand: 1.17, percentage: 100.0
Sink 49 non è soddisfatto. Flusso netto: 3.83, Demand: 7.0, percentage: 54.714285714285715
Flusso totale entrante nei SINK: 85.282
Flusso totale uscente nei SINK: 42.01200000000001
Flusso totale netto nei SINK: 43.26999999999999
Total DEMAND dei SINK: 46.44
Percentual di flusso ai SINK: 0.9317398794142978
Numero di Sink soddisfatti: 24.0, numero totale di sink: 25.0
Percentuale di Sink soddisfatti: 0.96

---------------------------------- DAY 3

Update Fixed Elements from Intrinsic Faults
Update Fixed Elements from Heavy Faults
Update Fixed Elements from Attack
Propagate Intrinsic Fault
Node NODO_11 has still failing due to Intrinsic Fault
pipeline ARCO_3 still has reduced capacity: 9.688 due to Intrinsic Fault
pipeline ARCO_90 still has reduced capacity: 1.6 due to Intrinsic Fault
pipeline ARCO_91 still has reduced capacity: 9.688 due to Intrinsic Fault
pipeline ARCO_92 still has reduced capacity: 39.328 due to Intrinsic Fault
pipeline V_EDGE_53_9 still has reduced capacity: 5.68 due to Intrinsic Fault
pipeline ARCO_20 still has reduced capacity: 1.6 due to Intrinsic Fault
pipeline ARCO_21 still has reduced capacity: 9.688 due to Intrinsic Fault
pipeline ARCO_22 still has reduced capacity: 39.328 due to Intrinsic Fault
pipeline ARCO_73 still has reduced capacity: 9.688 due to Intrinsic Fault
Propagate Heavy Faults
Propagate Attacks
Inject Intrinsic Failure To Source
Source NODO_2 is failing for an Intrinsic Fault in day: 3
pipeline ARCO_70 has reduced capacity due to NODO_2 Intrinsic fault
pipeline V_EDGE_53_0 has reduced capacity due to NODO_2 Intrinsic fault
pipeline ARCO_0 has reduced capacity due to NODO_2 Intrinsic fault
Inject Heavy Fault To Sources
Inject Attack Multiple To Source
Inject Intrinsic Fault To Pipeline
Inject Heavy Fault To Pipeline
Inject Attack To Pipeline
----------- Statistics ------------
	Sources Under Attack: 0
	Sources with Heavy Fault: 0
	Sources with Intrinsic Fault: 2
	Arcs with reduce capacity due to Attack: 0
	Arcs with reduce capacity due to Heavy Fault: 0
	Arcs with reduce capacity due to Intrinsic Fault: 12
	Arcs with Attacks: 0
	Arcs with Heavy Fault: 0
	Arcs with Intrinsic Fault: 0
--------- SOURCES STATISTICS ---------------
Demand del real Source[0]: -31.0, flusso erogato: 8.729999999999997, flusso entrante: 0.0, efficienza: 28.161290322580633 %
Demand del real Source[8]: -10.5, flusso erogato: 3.8600000000000003, flusso entrante: 0.0, efficienza: 36.76190476190476 %
Demand del real Source[9]: -7.1, flusso erogato: 13.409999999999997, flusso entrante: 7.73, efficienza: 188.87323943661968 %
Demand del real Source[17]: -25.0, flusso erogato: 25.000000000000007, flusso entrante: 0.0, efficienza: 100.00000000000003 %
Flusso totale entrante nei Real Source: 7.73
Flusso totale uscente dai Real Source: 51.0
Flusso netto sui real Source: -43.269999999999996
--- SINKS STATISTICS ---
Sink 3 SODDISFATTO. Flusso netto: 3.4299999999999997, Demand: 3.43, percentage: 99.99999999999999
Sink 4 SODDISFATTO. Flusso netto: 0.5700000000000003, Demand: 0.57, percentage: 100.00000000000007
Sink 5 SODDISFATTO. Flusso netto: 0.6600000000000001, Demand: 0.66, percentage: 100.00000000000003
Sink 11 SODDISFATTO. Flusso netto: 1.03, Demand: 1.03, percentage: 100.0
Sink 15 SODDISFATTO. Flusso netto: 0.4600000000000044, Demand: 0.46, percentage: 100.00000000000095
Sink 16 SODDISFATTO. Flusso netto: 8.399999999999993, Demand: 8.4, percentage: 99.99999999999991
Sink 19 SODDISFATTO. Flusso netto: 0.5399999999999938, Demand: 0.54, percentage: 99.99999999999885
Sink 23 SODDISFATTO. Flusso netto: 0.5999999999999996, Demand: 0.6, percentage: 99.99999999999994
Sink 24 SODDISFATTO. Flusso netto: 0.8000000000000007, Demand: 0.8, percentage: 100.00000000000009
Sink 25 SODDISFATTO. Flusso netto: 3.5, Demand: 3.5, percentage: 100.0
Sink 26 SODDISFATTO. Flusso netto: 6.000000000000007, Demand: 6.0, percentage: 100.00000000000011
Sink 28 SODDISFATTO. Flusso netto: 0.4, Demand: 0.4, percentage: 100.0
Sink 30 SODDISFATTO. Flusso netto: 0.9799999999999933, Demand: 0.98, percentage: 99.99999999999932
Sink 31 SODDISFATTO. Flusso netto: 0.3999999999999999, Demand: 0.4, percentage: 99.99999999999997
Sink 32 SODDISFATTO. Flusso netto: 0.9999999999999989, Demand: 1.0, percentage: 99.99999999999989
Sink 34 SODDISFATTO. Flusso netto: 1.7400000000000002, Demand: 1.74, percentage: 100.00000000000003
Sink 35 SODDISFATTO. Flusso netto: 1.3, Demand: 1.3, percentage: 100.0
Sink 37 SODDISFATTO. Flusso netto: 1.0, Demand: 1.0, percentage: 100.0
Sink 39 SODDISFATTO. Flusso netto: 0.40000000000000036, Demand: 0.4, percentage: 100.00000000000009
Sink 40 SODDISFATTO. Flusso netto: 0.5, Demand: 0.5, percentage: 100.0
Sink 41 SODDISFATTO. Flusso netto: 1.0600000000000005, Demand: 1.06, percentage: 100.00000000000004
Sink 42 SODDISFATTO. Flusso netto: 2.819999999999999, Demand: 2.82, percentage: 99.99999999999997
Sink 45 SODDISFATTO. Flusso netto: 0.6800000000000002, Demand: 0.68, percentage: 100.00000000000003
Sink 46 SODDISFATTO. Flusso netto: 1.17, Demand: 1.17, percentage: 100.0
Sink 49 non è soddisfatto. Flusso netto: 3.83, Demand: 7.0, percentage: 54.714285714285715
Flusso totale entrante nei SINK: 85.282
Flusso totale uscente nei SINK: 42.01200000000001
Flusso totale netto nei SINK: 43.26999999999999
Total DEMAND dei SINK: 46.44
Percentual di flusso ai SINK: 0.9317398794142978
Numero di Sink soddisfatti: 24.0, numero totale di sink: 25.0
Percentuale di Sink soddisfatti: 0.96

---------------------------------- DAY 4

Update Fixed Elements from Intrinsic Faults
Source NODO_11 fixed from Intrinsic Fault
Pipeline ARCO_3 fixed due to Source NODO_11 fixing from Intrinsic Fault
Pipeline ARCO_90 fixed due to Source NODO_11 fixing from Intrinsic Fault
Pipeline ARCO_91 fixed due to Source NODO_11 fixing from Intrinsic Fault
Pipeline ARCO_92 fixed due to Source NODO_11 fixing from Intrinsic Fault
Pipeline V_EDGE_53_9 fixed due to Source NODO_11 fixing from Intrinsic Fault
Pipeline ARCO_20 fixed due to Source NODO_11 fixing from Intrinsic Fault
Pipeline ARCO_21 fixed due to Source NODO_11 fixing from Intrinsic Fault
Pipeline ARCO_22 fixed due to Source NODO_11 fixing from Intrinsic Fault
Pipeline ARCO_73 fixed due to Source NODO_11 fixing from Intrinsic Fault
Update Fixed Elements from Heavy Faults
Update Fixed Elements from Attack
Propagate Intrinsic Fault
Node NODO_2 has still failing due to Intrinsic Fault
pipeline ARCO_70 still has reduced capacity: 24.8 due to Intrinsic Fault
pipeline V_EDGE_53_0 still has reduced capacity: 24.8 due to Intrinsic Fault
pipeline ARCO_0 still has reduced capacity: 24.8 due to Intrinsic Fault
Propagate Heavy Faults
Propagate Attacks
Inject Intrinsic Failure To Source
Source NODO_19 is failing for an Intrinsic Fault in day: 4
pipeline ARCO_35 has reduced capacity due to NODO_19 Intrinsic fault
pipeline ARCO_109 has reduced capacity due to NODO_19 Intrinsic fault
pipeline ARCO_110 has reduced capacity due to NODO_19 Intrinsic fault
pipeline V_EDGE_53_17 has reduced capacity due to NODO_19 Intrinsic fault
pipeline ARCO_39 has reduced capacity due to NODO_19 Intrinsic fault
pipeline ARCO_40 has reduced capacity due to NODO_19 Intrinsic fault
pipeline ARCO_105 has reduced capacity due to NODO_19 Intrinsic fault
Inject Heavy Fault To Sources
Inject Attack Multiple To Source
Inject Intrinsic Fault To Pipeline
Inject Heavy Fault To Pipeline
Inject Attack To Pipeline
----------- Statistics ------------
	Sources Under Attack: 0
	Sources with Heavy Fault: 0
	Sources with Intrinsic Fault: 2
	Arcs with reduce capacity due to Attack: 0
	Arcs with reduce capacity due to Heavy Fault: 0
	Arcs with reduce capacity due to Intrinsic Fault: 10
	Arcs with Attacks: 0
	Arcs with Heavy Fault: 0
	Arcs with Intrinsic Fault: 0
--------- SOURCES STATISTICS ---------------
Demand del real Source[0]: -31.0, flusso erogato: 9.79, flusso entrante: 0.0, efficienza: 31.58064516129032 %
Demand del real Source[8]: -10.5, flusso erogato: 7.45, flusso entrante: 0.0, efficienza: 70.95238095238095 %
Demand del real Source[9]: -7.1, flusso erogato: 15.889999999999999, flusso entrante: 8.790000000000006, efficienza: 223.80281690140845 %
Demand del real Source[17]: -25.0, flusso erogato: 0.0, flusso entrante: 0.0, efficienza: 0.0 %
Flusso totale entrante nei Real Source: 8.790000000000006
Flusso totale uscente dai Real Source: 33.13
Flusso netto sui real Source: -24.339999999999996
--- SINKS STATISTICS ---
Sink 3 SODDISFATTO. Flusso netto: 3.4299999999999997, Demand: 3.43, percentage: 99.99999999999999
Sink 4 SODDISFATTO. Flusso netto: 0.5700000000000003, Demand: 0.57, percentage: 100.00000000000007
Sink 5 SODDISFATTO. Flusso netto: 0.6600000000000019, Demand: 0.66, percentage: 100.00000000000028
Sink 11 SODDISFATTO. Flusso netto: 1.0299999999999978, Demand: 1.03, percentage: 99.99999999999979
Sink 15 SODDISFATTO. Flusso netto: 0.46000000000000263, Demand: 0.46, percentage: 100.00000000000058
Sink 16 non è soddisfatto. Flusso netto: 2.83, Demand: 8.4, percentage: 33.69047619047619
Sink 19 non è soddisfatto. Flusso netto: 0.0, Demand: 0.54, percentage: 0.0
Sink 23 non è soddisfatto. Flusso netto: 0.0, Demand: 0.6, percentage: 0.0
Sink 24 non è soddisfatto. Flusso netto: 0.0, Demand: 0.8, percentage: 0.0
Sink 25 non è soddisfatto. Flusso netto: 0.0, Demand: 3.5, percentage: 0.0
Sink 26 non è soddisfatto. Flusso netto: 0.0, Demand: 6.0, percentage: 0.0
Sink 28 non è soddisfatto. Flusso netto: 0.0, Demand: 0.4, percentage: 0.0
Sink 30 non è soddisfatto. Flusso netto: 0.0, Demand: 0.98, percentage: 0.0
Sink 31 non è soddisfatto. Flusso netto: 0.0, Demand: 0.4, percentage: 0.0
Sink 32 SODDISFATTO. Flusso netto: 1.0, Demand: 1.0, percentage: 100.0
Sink 34 SODDISFATTO. Flusso netto: 1.7400000000000002, Demand: 1.74, percentage: 100.00000000000003
Sink 35 SODDISFATTO. Flusso netto: 1.3, Demand: 1.3, percentage: 100.0
Sink 37 SODDISFATTO. Flusso netto: 1.0, Demand: 1.0, percentage: 100.0
Sink 39 non è soddisfatto. Flusso netto: 0.0, Demand: 0.4, percentage: 0.0
Sink 40 non è soddisfatto. Flusso netto: 0.0, Demand: 0.5, percentage: 0.0
Sink 41 SODDISFATTO. Flusso netto: 1.0600000000000005, Demand: 1.06, percentage: 100.00000000000004
Sink 42 SODDISFATTO. Flusso netto: 2.8200000000000007, Demand: 2.82, percentage: 100.00000000000003
Sink 45 SODDISFATTO. Flusso netto: 0.6800000000000002, Demand: 0.68, percentage: 100.00000000000003
Sink 46 SODDISFATTO. Flusso netto: 1.17, Demand: 1.17, percentage: 100.0
Sink 49 non è soddisfatto. Flusso netto: 4.59, Demand: 7.0, percentage: 65.57142857142857
Flusso totale entrante nei SINK: 43.980000000000004
Flusso totale uscente nei SINK: 19.639999999999997
Flusso totale netto nei SINK: 24.340000000000007
Total DEMAND dei SINK: 46.44
Percentual di flusso ai SINK: 0.5241171403962104
Numero di Sink soddisfatti: 13.0, numero totale di sink: 25.0
Percentuale di Sink soddisfatti: 0.52

---------------------------------- DAY 5

Update Fixed Elements from Intrinsic Faults
Update Fixed Elements from Heavy Faults
Update Fixed Elements from Attack
Propagate Intrinsic Fault
Node NODO_2 has still failing due to Intrinsic Fault
Node NODO_19 has still failing due to Intrinsic Fault
pipeline ARCO_70 still has reduced capacity: 24.8 due to Intrinsic Fault
pipeline V_EDGE_53_0 still has reduced capacity: 24.8 due to Intrinsic Fault
pipeline ARCO_0 still has reduced capacity: 24.8 due to Intrinsic Fault
pipeline ARCO_35 still has reduced capacity: 0.0 due to Intrinsic Fault
pipeline ARCO_109 still has reduced capacity: 0.0 due to Intrinsic Fault
pipeline ARCO_110 still has reduced capacity: 0.0 due to Intrinsic Fault
pipeline V_EDGE_53_17 still has reduced capacity: 0.0 due to Intrinsic Fault
pipeline ARCO_39 still has reduced capacity: 0.0 due to Intrinsic Fault
pipeline ARCO_40 still has reduced capacity: 0.0 due to Intrinsic Fault
pipeline ARCO_105 still has reduced capacity: 0.0 due to Intrinsic Fault
Propagate Heavy Faults
Propagate Attacks
Inject Intrinsic Failure To Source
Inject Heavy Fault To Sources
Inject Attack Multiple To Source
Inject Intrinsic Fault To Pipeline
Inject Heavy Fault To Pipeline
Inject Attack To Pipeline
----------- Statistics ------------
	Sources Under Attack: 0
	Sources with Heavy Fault: 0
	Sources with Intrinsic Fault: 2
	Arcs with reduce capacity due to Attack: 0
	Arcs with reduce capacity due to Heavy Fault: 0
	Arcs with reduce capacity due to Intrinsic Fault: 10
	Arcs with Attacks: 0
	Arcs with Heavy Fault: 0
	Arcs with Intrinsic Fault: 0
--------- SOURCES STATISTICS ---------------
Demand del real Source[0]: -31.0, flusso erogato: 9.79, flusso entrante: 0.0, efficienza: 31.58064516129032 %
Demand del real Source[8]: -10.5, flusso erogato: 7.45, flusso entrante: 0.0, efficienza: 70.95238095238095 %
Demand del real Source[9]: -7.1, flusso erogato: 15.889999999999999, flusso entrante: 8.790000000000006, efficienza: 223.80281690140845 %
Demand del real Source[17]: -25.0, flusso erogato: 0.0, flusso entrante: 0.0, efficienza: 0.0 %
Flusso totale entrante nei Real Source: 8.790000000000006
Flusso totale uscente dai Real Source: 33.13
Flusso netto sui real Source: -24.339999999999996
--- SINKS STATISTICS ---
Sink 3 SODDISFATTO. Flusso netto: 3.4299999999999997, Demand: 3.43, percentage: 99.99999999999999
Sink 4 SODDISFATTO. Flusso netto: 0.5700000000000003, Demand: 0.57, percentage: 100.00000000000007
Sink 5 SODDISFATTO. Flusso netto: 0.6600000000000019, Demand: 0.66, percentage: 100.00000000000028
Sink 11 SODDISFATTO. Flusso netto: 1.0299999999999978, Demand: 1.03, percentage: 99.99999999999979
Sink 15 SODDISFATTO. Flusso netto: 0.46000000000000263, Demand: 0.46, percentage: 100.00000000000058
Sink 16 non è soddisfatto. Flusso netto: 2.83, Demand: 8.4, percentage: 33.69047619047619
Sink 19 non è soddisfatto. Flusso netto: 0.0, Demand: 0.54, percentage: 0.0
Sink 23 non è soddisfatto. Flusso netto: 0.0, Demand: 0.6, percentage: 0.0
Sink 24 non è soddisfatto. Flusso netto: 0.0, Demand: 0.8, percentage: 0.0
Sink 25 non è soddisfatto. Flusso netto: 0.0, Demand: 3.5, percentage: 0.0
Sink 26 non è soddisfatto. Flusso netto: 0.0, Demand: 6.0, percentage: 0.0
Sink 28 non è soddisfatto. Flusso netto: 0.0, Demand: 0.4, percentage: 0.0
Sink 30 non è soddisfatto. Flusso netto: 0.0, Demand: 0.98, percentage: 0.0
Sink 31 non è soddisfatto. Flusso netto: 0.0, Demand: 0.4, percentage: 0.0
Sink 32 SODDISFATTO. Flusso netto: 1.0, Demand: 1.0, percentage: 100.0
Sink 34 SODDISFATTO. Flusso netto: 1.7400000000000002, Demand: 1.74, percentage: 100.00000000000003
Sink 35 SODDISFATTO. Flusso netto: 1.3, Demand: 1.3, percentage: 100.0
Sink 37 SODDISFATTO. Flusso netto: 1.0, Demand: 1.0, percentage: 100.0
Sink 39 non è soddisfatto. Flusso netto: 0.0, Demand: 0.4, percentage: 0.0
Sink 40 non è soddisfatto. Flusso netto: 0.0, Demand: 0.5, percentage: 0.0
Sink 41 SODDISFATTO. Flusso netto: 1.0600000000000005, Demand: 1.06, percentage: 100.00000000000004
Sink 42 SODDISFATTO. Flusso netto: 2.8200000000000007, Demand: 2.82, percentage: 100.00000000000003
Sink 45 SODDISFATTO. Flusso netto: 0.6800000000000002, Demand: 0.68, percentage: 100.00000000000003
Sink 46 SODDISFATTO. Flusso netto: 1.17, Demand: 1.17, percentage: 100.0
Sink 49 non è soddisfatto. Flusso netto: 4.59, Demand: 7.0, percentage: 65.57142857142857
Flusso totale entrante nei SINK: 43.980000000000004
Flusso totale uscente nei SINK: 19.639999999999997
Flusso totale netto nei SINK: 24.340000000000007
Total DEMAND dei SINK: 46.44
Percentual di flusso ai SINK: 0.5241171403962104
Numero di Sink soddisfatti: 13.0, numero totale di sink: 25.0
Percentuale di Sink soddisfatti: 0.52

---------------------------------- DAY 6

Update Fixed Elements from Intrinsic Faults
Source NODO_2 fixed from Intrinsic Fault
Pipeline ARCO_70 fixed due to Source NODO_2 fixing from Intrinsic Fault
Pipeline V_EDGE_53_0 fixed due to Source NODO_2 fixing from Intrinsic Fault
Pipeline ARCO_0 fixed due to Source NODO_2 fixing from Intrinsic Fault
Update Fixed Elements from Heavy Faults
Update Fixed Elements from Attack
Propagate Intrinsic Fault
Node NODO_19 has still failing due to Intrinsic Fault
pipeline ARCO_35 still has reduced capacity: 0.0 due to Intrinsic Fault
pipeline ARCO_109 still has reduced capacity: 0.0 due to Intrinsic Fault
pipeline ARCO_110 still has reduced capacity: 0.0 due to Intrinsic Fault
pipeline V_EDGE_53_17 still has reduced capacity: 0.0 due to Intrinsic Fault
pipeline ARCO_39 still has reduced capacity: 0.0 due to Intrinsic Fault
pipeline ARCO_40 still has reduced capacity: 0.0 due to Intrinsic Fault
pipeline ARCO_105 still has reduced capacity: 0.0 due to Intrinsic Fault
Propagate Heavy Faults
Propagate Attacks
Inject Intrinsic Failure To Source
Inject Heavy Fault To Sources
Inject Attack Multiple To Source
Inject Intrinsic Fault To Pipeline
Inject Heavy Fault To Pipeline
Inject Attack To Pipeline
----------- Statistics ------------
	Sources Under Attack: 0
	Sources with Heavy Fault: 0
	Sources with Intrinsic Fault: 1
	Arcs with reduce capacity due to Attack: 0
	Arcs with reduce capacity due to Heavy Fault: 0
	Arcs with reduce capacity due to Intrinsic Fault: 7
	Arcs with Attacks: 0
	Arcs with Heavy Fault: 0
	Arcs with Intrinsic Fault: 0
--------- SOURCES STATISTICS ---------------
Demand del real Source[0]: -31.0, flusso erogato: 9.79, flusso entrante: 0.0, efficienza: 31.58064516129032 %
Demand del real Source[8]: -10.5, flusso erogato: 7.45, flusso entrante: 0.0, efficienza: 70.95238095238095 %
Demand del real Source[9]: -7.1, flusso erogato: 15.889999999999999, flusso entrante: 8.790000000000006, efficienza: 223.80281690140845 %
Demand del real Source[17]: -25.0, flusso erogato: 0.0, flusso entrante: 0.0, efficienza: 0.0 %
Flusso totale entrante nei Real Source: 8.790000000000006
Flusso totale uscente dai Real Source: 33.13
Flusso netto sui real Source: -24.339999999999996
--- SINKS STATISTICS ---
Sink 3 SODDISFATTO. Flusso netto: 3.4299999999999997, Demand: 3.43, percentage: 99.99999999999999
Sink 4 SODDISFATTO. Flusso netto: 0.5700000000000003, Demand: 0.57, percentage: 100.00000000000007
Sink 5 SODDISFATTO. Flusso netto: 0.6600000000000019, Demand: 0.66, percentage: 100.00000000000028
Sink 11 SODDISFATTO. Flusso netto: 1.0299999999999978, Demand: 1.03, percentage: 99.99999999999979
Sink 15 SODDISFATTO. Flusso netto: 0.46000000000000263, Demand: 0.46, percentage: 100.00000000000058
Sink 16 non è soddisfatto. Flusso netto: 2.83, Demand: 8.4, percentage: 33.69047619047619
Sink 19 non è soddisfatto. Flusso netto: 0.0, Demand: 0.54, percentage: 0.0
Sink 23 non è soddisfatto. Flusso netto: 0.0, Demand: 0.6, percentage: 0.0
Sink 24 non è soddisfatto. Flusso netto: 0.0, Demand: 0.8, percentage: 0.0
Sink 25 non è soddisfatto. Flusso netto: 0.0, Demand: 3.5, percentage: 0.0
Sink 26 non è soddisfatto. Flusso netto: 0.0, Demand: 6.0, percentage: 0.0
Sink 28 non è soddisfatto. Flusso netto: 0.0, Demand: 0.4, percentage: 0.0
Sink 30 non è soddisfatto. Flusso netto: 0.0, Demand: 0.98, percentage: 0.0
Sink 31 non è soddisfatto. Flusso netto: 0.0, Demand: 0.4, percentage: 0.0
Sink 32 SODDISFATTO. Flusso netto: 1.0, Demand: 1.0, percentage: 100.0
Sink 34 SODDISFATTO. Flusso netto: 1.7400000000000002, Demand: 1.74, percentage: 100.00000000000003
Sink 35 SODDISFATTO. Flusso netto: 1.3, Demand: 1.3, percentage: 100.0
Sink 37 SODDISFATTO. Flusso netto: 1.0, Demand: 1.0, percentage: 100.0
Sink 39 non è soddisfatto. Flusso netto: 0.0, Demand: 0.4, percentage: 0.0
Sink 40 non è soddisfatto. Flusso netto: 0.0, Demand: 0.5, percentage: 0.0
Sink 41 SODDISFATTO. Flusso netto: 1.0600000000000005, Demand: 1.06, percentage: 100.00000000000004
Sink 42 SODDISFATTO. Flusso netto: 2.8200000000000007, Demand: 2.82, percentage: 100.00000000000003
Sink 45 SODDISFATTO. Flusso netto: 0.6800000000000002, Demand: 0.68, percentage: 100.00000000000003
Sink 46 SODDISFATTO. Flusso netto: 1.17, Demand: 1.17, percentage: 100.0
Sink 49 non è soddisfatto. Flusso netto: 4.59, Demand: 7.0, percentage: 65.57142857142857
Flusso totale entrante nei SINK: 43.980000000000004
Flusso totale uscente nei SINK: 19.639999999999997
Flusso totale netto nei SINK: 24.340000000000007
Total DEMAND dei SINK: 46.44
Percentual di flusso ai SINK: 0.5241171403962104
Numero di Sink soddisfatti: 13.0, numero totale di sink: 25.0
Percentuale di Sink soddisfatti: 0.52

---------------------------------- DAY 7

Update Fixed Elements from Intrinsic Faults
Update Fixed Elements from Heavy Faults
Update Fixed Elements from Attack
Propagate Intrinsic Fault
Node NODO_19 has still failing due to Intrinsic Fault
pipeline ARCO_35 still has reduced capacity: 0.0 due to Intrinsic Fault
pipeline ARCO_109 still has reduced capacity: 0.0 due to Intrinsic Fault
pipeline ARCO_110 still has reduced capacity: 0.0 due to Intrinsic Fault
pipeline V_EDGE_53_17 still has reduced capacity: 0.0 due to Intrinsic Fault
pipeline ARCO_39 still has reduced capacity: 0.0 due to Intrinsic Fault
pipeline ARCO_40 still has reduced capacity: 0.0 due to Intrinsic Fault
pipeline ARCO_105 still has reduced capacity: 0.0 due to Intrinsic Fault
Propagate Heavy Faults
Propagate Attacks
Inject Intrinsic Failure To Source
Inject Heavy Fault To Sources
Inject Attack Multiple To Source
Inject Intrinsic Fault To Pipeline
Inject Heavy Fault To Pipeline
Inject Attack To Pipeline
----------- Statistics ------------
	Sources Under Attack: 0
	Sources with Heavy Fault: 0
	Sources with Intrinsic Fault: 1
	Arcs with reduce capacity due to Attack: 0
	Arcs with reduce capacity due to Heavy Fault: 0
	Arcs with reduce capacity due to Intrinsic Fault: 7
	Arcs with Attacks: 0
	Arcs with Heavy Fault: 0
	Arcs with Intrinsic Fault: 0
--------- SOURCES STATISTICS ---------------
Demand del real Source[0]: -31.0, flusso erogato: 9.79, flusso entrante: 0.0, efficienza: 31.58064516129032 %
Demand del real Source[8]: -10.5, flusso erogato: 7.45, flusso entrante: 0.0, efficienza: 70.95238095238095 %
Demand del real Source[9]: -7.1, flusso erogato: 15.889999999999999, flusso entrante: 8.790000000000006, efficienza: 223.80281690140845 %
Demand del real Source[17]: -25.0, flusso erogato: 0.0, flusso entrante: 0.0, efficienza: 0.0 %
Flusso totale entrante nei Real Source: 8.790000000000006
Flusso totale uscente dai Real Source: 33.13
Flusso netto sui real Source: -24.339999999999996
--- SINKS STATISTICS ---
Sink 3 SODDISFATTO. Flusso netto: 3.4299999999999997, Demand: 3.43, percentage: 99.99999999999999
Sink 4 SODDISFATTO. Flusso netto: 0.5700000000000003, Demand: 0.57, percentage: 100.00000000000007
Sink 5 SODDISFATTO. Flusso netto: 0.6600000000000019, Demand: 0.66, percentage: 100.00000000000028
Sink 11 SODDISFATTO. Flusso netto: 1.0299999999999978, Demand: 1.03, percentage: 99.99999999999979
Sink 15 SODDISFATTO. Flusso netto: 0.46000000000000263, Demand: 0.46, percentage: 100.00000000000058
Sink 16 non è soddisfatto. Flusso netto: 2.83, Demand: 8.4, percentage: 33.69047619047619
Sink 19 non è soddisfatto. Flusso netto: 0.0, Demand: 0.54, percentage: 0.0
Sink 23 non è soddisfatto. Flusso netto: 0.0, Demand: 0.6, percentage: 0.0
Sink 24 non è soddisfatto. Flusso netto: 0.0, Demand: 0.8, percentage: 0.0
Sink 25 non è soddisfatto. Flusso netto: 0.0, Demand: 3.5, percentage: 0.0
Sink 26 non è soddisfatto. Flusso netto: 0.0, Demand: 6.0, percentage: 0.0
Sink 28 non è soddisfatto. Flusso netto: 0.0, Demand: 0.4, percentage: 0.0
Sink 30 non è soddisfatto. Flusso netto: 0.0, Demand: 0.98, percentage: 0.0
Sink 31 non è soddisfatto. Flusso netto: 0.0, Demand: 0.4, percentage: 0.0
Sink 32 SODDISFATTO. Flusso netto: 1.0, Demand: 1.0, percentage: 100.0
Sink 34 SODDISFATTO. Flusso netto: 1.7400000000000002, Demand: 1.74, percentage: 100.00000000000003
Sink 35 SODDISFATTO. Flusso netto: 1.3, Demand: 1.3, percentage: 100.0
Sink 37 SODDISFATTO. Flusso netto: 1.0, Demand: 1.0, percentage: 100.0
Sink 39 non è soddisfatto. Flusso netto: 0.0, Demand: 0.4, percentage: 0.0
Sink 40 non è soddisfatto. Flusso netto: 0.0, Demand: 0.5, percentage: 0.0
Sink 41 SODDISFATTO. Flusso netto: 1.0600000000000005, Demand: 1.06, percentage: 100.00000000000004
Sink 42 SODDISFATTO. Flusso netto: 2.8200000000000007, Demand: 2.82, percentage: 100.00000000000003
Sink 45 SODDISFATTO. Flusso netto: 0.6800000000000002, Demand: 0.68, percentage: 100.00000000000003
Sink 46 SODDISFATTO. Flusso netto: 1.17, Demand: 1.17, percentage: 100.0
Sink 49 non è soddisfatto. Flusso netto: 4.59, Demand: 7.0, percentage: 65.57142857142857
Flusso totale entrante nei SINK: 43.980000000000004
Flusso totale uscente nei SINK: 19.639999999999997
Flusso totale netto nei SINK: 24.340000000000007
Total DEMAND dei SINK: 46.44
Percentual di flusso ai SINK: 0.5241171403962104
Numero di Sink soddisfatti: 13.0, numero totale di sink: 25.0
Percentuale di Sink soddisfatti: 0.52

---------------------------------- DAY 8

Update Fixed Elements from Intrinsic Faults
Source NODO_19 fixed from Intrinsic Fault
Pipeline ARCO_35 fixed due to Source NODO_19 fixing from Intrinsic Fault
Pipeline ARCO_109 fixed due to Source NODO_19 fixing from Intrinsic Fault
Pipeline ARCO_110 fixed due to Source NODO_19 fixing from Intrinsic Fault
Pipeline V_EDGE_53_17 fixed due to Source NODO_19 fixing from Intrinsic Fault
Pipeline ARCO_39 fixed due to Source NODO_19 fixing from Intrinsic Fault
Pipeline ARCO_40 fixed due to Source NODO_19 fixing from Intrinsic Fault
Pipeline ARCO_105 fixed due to Source NODO_19 fixing from Intrinsic Fault
Update Fixed Elements from Heavy Faults
Update Fixed Elements from Attack
Propagate Intrinsic Fault
Propagate Heavy Faults
Propagate Attacks
Inject Intrinsic Failure To Source
Inject Heavy Fault To Sources
Inject Attack Multiple To Source
Inject Intrinsic Fault To Pipeline
Inject Heavy Fault To Pipeline
Inject Attack To Pipeline
----------- Statistics ------------
	Sources Under Attack: 0
	Sources with Heavy Fault: 0
	Sources with Intrinsic Fault: 0
	Arcs with reduce capacity due to Attack: 0
	Arcs with reduce capacity due to Heavy Fault: 0
	Arcs with reduce capacity due to Intrinsic Fault: 0
	Arcs with Attacks: 0
	Arcs with Heavy Fault: 0
	Arcs with Intrinsic Fault: 0
--------- SOURCES STATISTICS ---------------
Demand del real Source[0]: -31.0, flusso erogato: 8.069999999999997, flusso entrante: 0.0, efficienza: 26.032258064516117 %
Demand del real Source[8]: -10.5, flusso erogato: 3.8600000000000003, flusso entrante: 0.0, efficienza: 36.76190476190476 %
Demand del real Source[9]: -7.1, flusso erogato: 14.169999999999996, flusso entrante: 7.070000000000007, efficienza: 199.57746478873236 %
Demand del real Source[17]: -25.0, flusso erogato: 25.000000000000007, flusso entrante: 0.0, efficienza: 100.00000000000003 %
Flusso totale entrante nei Real Source: 7.070000000000007
Flusso totale uscente dai Real Source: 51.1
Flusso netto sui real Source: -44.029999999999994
--- SINKS STATISTICS ---
Sink 3 SODDISFATTO. Flusso netto: 3.4299999999999997, Demand: 3.43, percentage: 99.99999999999999
Sink 4 SODDISFATTO. Flusso netto: 0.5700000000000003, Demand: 0.57, percentage: 100.00000000000007
Sink 5 SODDISFATTO. Flusso netto: 0.6600000000000019, Demand: 0.66, percentage: 100.00000000000028
Sink 11 SODDISFATTO. Flusso netto: 1.03, Demand: 1.03, percentage: 100.0
Sink 15 SODDISFATTO. Flusso netto: 0.4600000000000044, Demand: 0.46, percentage: 100.00000000000095
Sink 16 SODDISFATTO. Flusso netto: 8.399999999999993, Demand: 8.4, percentage: 99.99999999999991
Sink 19 SODDISFATTO. Flusso netto: 0.5399999999999938, Demand: 0.54, percentage: 99.99999999999885
Sink 23 SODDISFATTO. Flusso netto: 0.5999999999999996, Demand: 0.6, percentage: 99.99999999999994
Sink 24 SODDISFATTO. Flusso netto: 0.8000000000000007, Demand: 0.8, percentage: 100.00000000000009
Sink 25 SODDISFATTO. Flusso netto: 3.5, Demand: 3.5, percentage: 100.0
Sink 26 SODDISFATTO. Flusso netto: 6.000000000000007, Demand: 6.0, percentage: 100.00000000000011
Sink 28 SODDISFATTO. Flusso netto: 0.4, Demand: 0.4, percentage: 100.0
Sink 30 SODDISFATTO. Flusso netto: 0.9799999999999933, Demand: 0.98, percentage: 99.99999999999932
Sink 31 SODDISFATTO. Flusso netto: 0.3999999999999999, Demand: 0.4, percentage: 99.99999999999997
Sink 32 SODDISFATTO. Flusso netto: 0.9999999999999989, Demand: 1.0, percentage: 99.99999999999989
Sink 34 SODDISFATTO. Flusso netto: 1.7400000000000002, Demand: 1.74, percentage: 100.00000000000003
Sink 35 SODDISFATTO. Flusso netto: 1.3, Demand: 1.3, percentage: 100.0
Sink 37 SODDISFATTO. Flusso netto: 1.0, Demand: 1.0, percentage: 100.0
Sink 39 SODDISFATTO. Flusso netto: 0.40000000000000036, Demand: 0.4, percentage: 100.00000000000009
Sink 40 SODDISFATTO. Flusso netto: 0.5, Demand: 0.5, percentage: 100.0
Sink 41 SODDISFATTO. Flusso netto: 1.0600000000000005, Demand: 1.06, percentage: 100.00000000000004
Sink 42 SODDISFATTO. Flusso netto: 2.8200000000000007, Demand: 2.82, percentage: 100.00000000000003
Sink 45 SODDISFATTO. Flusso netto: 0.6800000000000002, Demand: 0.68, percentage: 100.00000000000003
Sink 46 SODDISFATTO. Flusso netto: 1.17, Demand: 1.17, percentage: 100.0
Sink 49 non è soddisfatto. Flusso netto: 4.59, Demand: 7.0, percentage: 65.57142857142857
Flusso totale entrante nei SINK: 86.46000000000001
Flusso totale uscente nei SINK: 42.430000000000014
Flusso totale netto nei SINK: 44.029999999999994
Total DEMAND dei SINK: 46.44
Percentual di flusso ai SINK: 0.9481050818260119
Numero di Sink soddisfatti: 24.0, numero totale di sink: 25.0
Percentuale di Sink soddisfatti: 0.96

---------------------------------- DAY 9

Update Fixed Elements from Intrinsic Faults
Update Fixed Elements from Heavy Faults
Update Fixed Elements from Attack
Propagate Intrinsic Fault
Propagate Heavy Faults
Propagate Attacks
Inject Intrinsic Failure To Source
Inject Heavy Fault To Sources
Inject Attack Multiple To Source
Inject Intrinsic Fault To Pipeline
Inject Heavy Fault To Pipeline
Inject Attack To Pipeline
----------- Statistics ------------
	Sources Under Attack: 0
	Sources with Heavy Fault: 0
	Sources with Intrinsic Fault: 0
	Arcs with reduce capacity due to Attack: 0
	Arcs with reduce capacity due to Heavy Fault: 0
	Arcs with reduce capacity due to Intrinsic Fault: 0
	Arcs with Attacks: 0
	Arcs with Heavy Fault: 0
	Arcs with Intrinsic Fault: 0
--------- SOURCES STATISTICS ---------------
Demand del real Source[0]: -31.0, flusso erogato: 8.069999999999997, flusso entrante: 0.0, efficienza: 26.032258064516117 %
Demand del real Source[8]: -10.5, flusso erogato: 3.8600000000000003, flusso entrante: 0.0, efficienza: 36.76190476190476 %
Demand del real Source[9]: -7.1, flusso erogato: 14.169999999999996, flusso entrante: 7.070000000000007, efficienza: 199.57746478873236 %
Demand del real Source[17]: -25.0, flusso erogato: 25.000000000000007, flusso entrante: 0.0, efficienza: 100.00000000000003 %
Flusso totale entrante nei Real Source: 7.070000000000007
Flusso totale uscente dai Real Source: 51.1
Flusso netto sui real Source: -44.029999999999994
--- SINKS STATISTICS ---
Sink 3 SODDISFATTO. Flusso netto: 3.4299999999999997, Demand: 3.43, percentage: 99.99999999999999
Sink 4 SODDISFATTO. Flusso netto: 0.5700000000000003, Demand: 0.57, percentage: 100.00000000000007
Sink 5 SODDISFATTO. Flusso netto: 0.6600000000000019, Demand: 0.66, percentage: 100.00000000000028
Sink 11 SODDISFATTO. Flusso netto: 1.03, Demand: 1.03, percentage: 100.0
Sink 15 SODDISFATTO. Flusso netto: 0.4600000000000044, Demand: 0.46, percentage: 100.00000000000095
Sink 16 SODDISFATTO. Flusso netto: 8.399999999999993, Demand: 8.4, percentage: 99.99999999999991
Sink 19 SODDISFATTO. Flusso netto: 0.5399999999999938, Demand: 0.54, percentage: 99.99999999999885
Sink 23 SODDISFATTO. Flusso netto: 0.5999999999999996, Demand: 0.6, percentage: 99.99999999999994
Sink 24 SODDISFATTO. Flusso netto: 0.8000000000000007, Demand: 0.8, percentage: 100.00000000000009
Sink 25 SODDISFATTO. Flusso netto: 3.5, Demand: 3.5, percentage: 100.0
Sink 26 SODDISFATTO. Flusso netto: 6.000000000000007, Demand: 6.0, percentage: 100.00000000000011
Sink 28 SODDISFATTO. Flusso netto: 0.4, Demand: 0.4, percentage: 100.0
Sink 30 SODDISFATTO. Flusso netto: 0.9799999999999933, Demand: 0.98, percentage: 99.99999999999932
Sink 31 SODDISFATTO. Flusso netto: 0.3999999999999999, Demand: 0.4, percentage: 99.99999999999997
Sink 32 SODDISFATTO. Flusso netto: 0.9999999999999989, Demand: 1.0, percentage: 99.99999999999989
Sink 34 SODDISFATTO. Flusso netto: 1.7400000000000002, Demand: 1.74, percentage: 100.00000000000003
Sink 35 SODDISFATTO. Flusso netto: 1.3, Demand: 1.3, percentage: 100.0
Sink 37 SODDISFATTO. Flusso netto: 1.0, Demand: 1.0, percentage: 100.0
Sink 39 SODDISFATTO. Flusso netto: 0.40000000000000036, Demand: 0.4, percentage: 100.00000000000009
Sink 40 SODDISFATTO. Flusso netto: 0.5, Demand: 0.5, percentage: 100.0
Sink 41 SODDISFATTO. Flusso netto: 1.0600000000000005, Demand: 1.06, percentage: 100.00000000000004
Sink 42 SODDISFATTO. Flusso netto: 2.8200000000000007, Demand: 2.82, percentage: 100.00000000000003
Sink 45 SODDISFATTO. Flusso netto: 0.6800000000000002, Demand: 0.68, percentage: 100.00000000000003
Sink 46 SODDISFATTO. Flusso netto: 1.17, Demand: 1.17, percentage: 100.0
Sink 49 non è soddisfatto. Flusso netto: 4.59, Demand: 7.0, percentage: 65.57142857142857
Flusso totale entrante nei SINK: 86.46000000000001
Flusso totale uscente nei SINK: 42.430000000000014
Flusso totale netto nei SINK: 44.029999999999994
Total DEMAND dei SINK: 46.44
Percentual di flusso ai SINK: 0.9481050818260119
Numero di Sink soddisfatti: 24.0, numero totale di sink: 25.0
Percentuale di Sink soddisfatti: 0.96

---------------------------------- DAY 10

Update Fixed Elements from Intrinsic Faults
Update Fixed Elements from Heavy Faults
Update Fixed Elements from Attack
Propagate Intrinsic Fault
Propagate Heavy Faults
Propagate Attacks
Inject Intrinsic Failure To Source
Inject Heavy Fault To Sources
Inject Attack Multiple To Source
Inject Intrinsic Fault To Pipeline
Inject Heavy Fault To Pipeline
Inject Attack To Pipeline
----------- Statistics ------------
	Sources Under Attack: 0
	Sources with Heavy Fault: 0
	Sources with Intrinsic Fault: 0
	Arcs with reduce capacity due to Attack: 0
	Arcs with reduce capacity due to Heavy Fault: 0
	Arcs with reduce capacity due to Intrinsic Fault: 0
	Arcs with Attacks: 0
	Arcs with Heavy Fault: 0
	Arcs with Intrinsic Fault: 0
--------- SOURCES STATISTICS ---------------
Demand del real Source[0]: -31.0, flusso erogato: 8.069999999999997, flusso entrante: 0.0, efficienza: 26.032258064516117 %
Demand del real Source[8]: -10.5, flusso erogato: 3.8600000000000003, flusso entrante: 0.0, efficienza: 36.76190476190476 %
Demand del real Source[9]: -7.1, flusso erogato: 14.169999999999996, flusso entrante: 7.070000000000007, efficienza: 199.57746478873236 %
Demand del real Source[17]: -25.0, flusso erogato: 25.000000000000007, flusso entrante: 0.0, efficienza: 100.00000000000003 %
Flusso totale entrante nei Real Source: 7.070000000000007
Flusso totale uscente dai Real Source: 51.1
Flusso netto sui real Source: -44.029999999999994
--- SINKS STATISTICS ---
Sink 3 SODDISFATTO. Flusso netto: 3.4299999999999997, Demand: 3.43, percentage: 99.99999999999999
Sink 4 SODDISFATTO. Flusso netto: 0.5700000000000003, Demand: 0.57, percentage: 100.00000000000007
Sink 5 SODDISFATTO. Flusso netto: 0.6600000000000019, Demand: 0.66, percentage: 100.00000000000028
Sink 11 SODDISFATTO. Flusso netto: 1.03, Demand: 1.03, percentage: 100.0
Sink 15 SODDISFATTO. Flusso netto: 0.4600000000000044, Demand: 0.46, percentage: 100.00000000000095
Sink 16 SODDISFATTO. Flusso netto: 8.399999999999993, Demand: 8.4, percentage: 99.99999999999991
Sink 19 SODDISFATTO. Flusso netto: 0.5399999999999938, Demand: 0.54, percentage: 99.99999999999885
Sink 23 SODDISFATTO. Flusso netto: 0.5999999999999996, Demand: 0.6, percentage: 99.99999999999994
Sink 24 SODDISFATTO. Flusso netto: 0.8000000000000007, Demand: 0.8, percentage: 100.00000000000009
Sink 25 SODDISFATTO. Flusso netto: 3.5, Demand: 3.5, percentage: 100.0
Sink 26 SODDISFATTO. Flusso netto: 6.000000000000007, Demand: 6.0, percentage: 100.00000000000011
Sink 28 SODDISFATTO. Flusso netto: 0.4, Demand: 0.4, percentage: 100.0
Sink 30 SODDISFATTO. Flusso netto: 0.9799999999999933, Demand: 0.98, percentage: 99.99999999999932
Sink 31 SODDISFATTO. Flusso netto: 0.3999999999999999, Demand: 0.4, percentage: 99.99999999999997
Sink 32 SODDISFATTO. Flusso netto: 0.9999999999999989, Demand: 1.0, percentage: 99.99999999999989
Sink 34 SODDISFATTO. Flusso netto: 1.7400000000000002, Demand: 1.74, percentage: 100.00000000000003
Sink 35 SODDISFATTO. Flusso netto: 1.3, Demand: 1.3, percentage: 100.0
Sink 37 SODDISFATTO. Flusso netto: 1.0, Demand: 1.0, percentage: 100.0
Sink 39 SODDISFATTO. Flusso netto: 0.40000000000000036, Demand: 0.4, percentage: 100.00000000000009
Sink 40 SODDISFATTO. Flusso netto: 0.5, Demand: 0.5, percentage: 100.0
Sink 41 SODDISFATTO. Flusso netto: 1.0600000000000005, Demand: 1.06, percentage: 100.00000000000004
Sink 42 SODDISFATTO. Flusso netto: 2.8200000000000007, Demand: 2.82, percentage: 100.00000000000003
Sink 45 SODDISFATTO. Flusso netto: 0.6800000000000002, Demand: 0.68, percentage: 100.00000000000003
Sink 46 SODDISFATTO. Flusso netto: 1.17, Demand: 1.17, percentage: 100.0
Sink 49 non è soddisfatto. Flusso netto: 4.59, Demand: 7.0, percentage: 65.57142857142857
Flusso totale entrante nei SINK: 86.46000000000001
Flusso totale uscente nei SINK: 42.430000000000014
Flusso totale netto nei SINK: 44.029999999999994
Total DEMAND dei SINK: 46.44
Percentual di flusso ai SINK: 0.9481050818260119
Numero di Sink soddisfatti: 24.0, numero totale di sink: 25.0
Percentuale di Sink soddisfatti: 0.96

---------------------------------- DAY 11

Update Fixed Elements from Intrinsic Faults
Update Fixed Elements from Heavy Faults
Update Fixed Elements from Attack
Propagate Intrinsic Fault
Propagate Heavy Faults
Propagate Attacks
Inject Intrinsic Failure To Source
Inject Heavy Fault To Sources
Inject Attack Multiple To Source
Inject Intrinsic Fault To Pipeline
Inject Heavy Fault To Pipeline
Inject Attack To Pipeline
----------- Statistics ------------
	Sources Under Attack: 0
	Sources with Heavy Fault: 0
	Sources with Intrinsic Fault: 0
	Arcs with reduce capacity due to Attack: 0
	Arcs with reduce capacity due to Heavy Fault: 0
	Arcs with reduce capacity due to Intrinsic Fault: 0
	Arcs with Attacks: 0
	Arcs with Heavy Fault: 0
	Arcs with Intrinsic Fault: 0
--------- SOURCES STATISTICS ---------------
Demand del real Source[0]: -31.0, flusso erogato: 8.069999999999997, flusso entrante: 0.0, efficienza: 26.032258064516117 %
Demand del real Source[8]: -10.5, flusso erogato: 3.8600000000000003, flusso entrante: 0.0, efficienza: 36.76190476190476 %
Demand del real Source[9]: -7.1, flusso erogato: 14.169999999999996, flusso entrante: 7.070000000000007, efficienza: 199.57746478873236 %
Demand del real Source[17]: -25.0, flusso erogato: 25.000000000000007, flusso entrante: 0.0, efficienza: 100.00000000000003 %
Flusso totale entrante nei Real Source: 7.070000000000007
Flusso totale uscente dai Real Source: 51.1
Flusso netto sui real Source: -44.029999999999994
--- SINKS STATISTICS ---
Sink 3 SODDISFATTO. Flusso netto: 3.4299999999999997, Demand: 3.43, percentage: 99.99999999999999
Sink 4 SODDISFATTO. Flusso netto: 0.5700000000000003, Demand: 0.57, percentage: 100.00000000000007
Sink 5 SODDISFATTO. Flusso netto: 0.6600000000000019, Demand: 0.66, percentage: 100.00000000000028
Sink 11 SODDISFATTO. Flusso netto: 1.03, Demand: 1.03, percentage: 100.0
Sink 15 SODDISFATTO. Flusso netto: 0.4600000000000044, Demand: 0.46, percentage: 100.00000000000095
Sink 16 SODDISFATTO. Flusso netto: 8.399999999999993, Demand: 8.4, percentage: 99.99999999999991
Sink 19 SODDISFATTO. Flusso netto: 0.5399999999999938, Demand: 0.54, percentage: 99.99999999999885
Sink 23 SODDISFATTO. Flusso netto: 0.5999999999999996, Demand: 0.6, percentage: 99.99999999999994
Sink 24 SODDISFATTO. Flusso netto: 0.8000000000000007, Demand: 0.8, percentage: 100.00000000000009
Sink 25 SODDISFATTO. Flusso netto: 3.5, Demand: 3.5, percentage: 100.0
Sink 26 SODDISFATTO. Flusso netto: 6.000000000000007, Demand: 6.0, percentage: 100.00000000000011
Sink 28 SODDISFATTO. Flusso netto: 0.4, Demand: 0.4, percentage: 100.0
Sink 30 SODDISFATTO. Flusso netto: 0.9799999999999933, Demand: 0.98, percentage: 99.99999999999932
Sink 31 SODDISFATTO. Flusso netto: 0.3999999999999999, Demand: 0.4, percentage: 99.99999999999997
Sink 32 SODDISFATTO. Flusso netto: 0.9999999999999989, Demand: 1.0, percentage: 99.99999999999989
Sink 34 SODDISFATTO. Flusso netto: 1.7400000000000002, Demand: 1.74, percentage: 100.00000000000003
Sink 35 SODDISFATTO. Flusso netto: 1.3, Demand: 1.3, percentage: 100.0
Sink 37 SODDISFATTO. Flusso netto: 1.0, Demand: 1.0, percentage: 100.0
Sink 39 SODDISFATTO. Flusso netto: 0.40000000000000036, Demand: 0.4, percentage: 100.00000000000009
Sink 40 SODDISFATTO. Flusso netto: 0.5, Demand: 0.5, percentage: 100.0
Sink 41 SODDISFATTO. Flusso netto: 1.0600000000000005, Demand: 1.06, percentage: 100.00000000000004
Sink 42 SODDISFATTO. Flusso netto: 2.8200000000000007, Demand: 2.82, percentage: 100.00000000000003
Sink 45 SODDISFATTO. Flusso netto: 0.6800000000000002, Demand: 0.68, percentage: 100.00000000000003
Sink 46 SODDISFATTO. Flusso netto: 1.17, Demand: 1.17, percentage: 100.0
Sink 49 non è soddisfatto. Flusso netto: 4.59, Demand: 7.0, percentage: 65.57142857142857
Flusso totale entrante nei SINK: 86.46000000000001
Flusso totale uscente nei SINK: 42.430000000000014
Flusso totale netto nei SINK: 44.029999999999994
Total DEMAND dei SINK: 46.44
Percentual di flusso ai SINK: 0.9481050818260119
Numero di Sink soddisfatti: 24.0, numero totale di sink: 25.0
Percentuale di Sink soddisfatti: 0.96

---------------------------------- DAY 12

Update Fixed Elements from Intrinsic Faults
Update Fixed Elements from Heavy Faults
Update Fixed Elements from Attack
Propagate Intrinsic Fault
Propagate Heavy Faults
Propagate Attacks
Inject Intrinsic Failure To Source
Source NODO_2 is failing for an Intrinsic Fault in day: 12
pipeline ARCO_70 has reduced capacity due to NODO_2 Intrinsic fault
pipeline V_EDGE_53_0 has reduced capacity due to NODO_2 Intrinsic fault
pipeline ARCO_0 has reduced capacity due to NODO_2 Intrinsic fault
Inject Heavy Fault To Sources
Inject Attack Multiple To Source
Inject Intrinsic Fault To Pipeline
Inject Heavy Fault To Pipeline
Inject Attack To Pipeline
----------- Statistics ------------
	Sources Under Attack: 0
	Sources with Heavy Fault: 0
	Sources with Intrinsic Fault: 1
	Arcs with reduce capacity due to Attack: 0
	Arcs with reduce capacity due to Heavy Fault: 0
	Arcs with reduce capacity due to Intrinsic Fault: 3
	Arcs with Attacks: 0
	Arcs with Heavy Fault: 0
	Arcs with Intrinsic Fault: 0
--------- SOURCES STATISTICS ---------------
Demand del real Source[0]: -31.0, flusso erogato: 8.069999999999997, flusso entrante: 0.0, efficienza: 26.032258064516117 %
Demand del real Source[8]: -10.5, flusso erogato: 3.8600000000000003, flusso entrante: 0.0, efficienza: 36.76190476190476 %
Demand del real Source[9]: -7.1, flusso erogato: 14.169999999999996, flusso entrante: 7.070000000000007, efficienza: 199.57746478873236 %
Demand del real Source[17]: -25.0, flusso erogato: 25.000000000000007, flusso entrante: 0.0, efficienza: 100.00000000000003 %
Flusso totale entrante nei Real Source: 7.070000000000007
Flusso totale uscente dai Real Source: 51.1
Flusso netto sui real Source: -44.029999999999994
--- SINKS STATISTICS ---
Sink 3 SODDISFATTO. Flusso netto: 3.4299999999999997, Demand: 3.43, percentage: 99.99999999999999
Sink 4 SODDISFATTO. Flusso netto: 0.5700000000000003, Demand: 0.57, percentage: 100.00000000000007
Sink 5 SODDISFATTO. Flusso netto: 0.6600000000000019, Demand: 0.66, percentage: 100.00000000000028
Sink 11 SODDISFATTO. Flusso netto: 1.03, Demand: 1.03, percentage: 100.0
Sink 15 SODDISFATTO. Flusso netto: 0.4600000000000044, Demand: 0.46, percentage: 100.00000000000095
Sink 16 SODDISFATTO. Flusso netto: 8.399999999999993, Demand: 8.4, percentage: 99.99999999999991
Sink 19 SODDISFATTO. Flusso netto: 0.5399999999999938, Demand: 0.54, percentage: 99.99999999999885
Sink 23 SODDISFATTO. Flusso netto: 0.5999999999999996, Demand: 0.6, percentage: 99.99999999999994
Sink 24 SODDISFATTO. Flusso netto: 0.8000000000000007, Demand: 0.8, percentage: 100.00000000000009
Sink 25 SODDISFATTO. Flusso netto: 3.5, Demand: 3.5, percentage: 100.0
Sink 26 SODDISFATTO. Flusso netto: 6.000000000000007, Demand: 6.0, percentage: 100.00000000000011
Sink 28 SODDISFATTO. Flusso netto: 0.4, Demand: 0.4, percentage: 100.0
Sink 30 SODDISFATTO. Flusso netto: 0.9799999999999933, Demand: 0.98, percentage: 99.99999999999932
Sink 31 SODDISFATTO. Flusso netto: 0.3999999999999999, Demand: 0.4, percentage: 99.99999999999997
Sink 32 SODDISFATTO. Flusso netto: 0.9999999999999989, Demand: 1.0, percentage: 99.99999999999989
Sink 34 SODDISFATTO. Flusso netto: 1.7400000000000002, Demand: 1.74, percentage: 100.00000000000003
Sink 35 SODDISFATTO. Flusso netto: 1.3, Demand: 1.3, percentage: 100.0
Sink 37 SODDISFATTO. Flusso netto: 1.0, Demand: 1.0, percentage: 100.0
Sink 39 SODDISFATTO. Flusso netto: 0.40000000000000036, Demand: 0.4, percentage: 100.00000000000009
Sink 40 SODDISFATTO. Flusso netto: 0.5, Demand: 0.5, percentage: 100.0
Sink 41 SODDISFATTO. Flusso netto: 1.0600000000000005, Demand: 1.06, percentage: 100.00000000000004
Sink 42 SODDISFATTO. Flusso netto: 2.8200000000000007, Demand: 2.82, percentage: 100.00000000000003
Sink 45 SODDISFATTO. Flusso netto: 0.6800000000000002, Demand: 0.68, percentage: 100.00000000000003
Sink 46 SODDISFATTO. Flusso netto: 1.17, Demand: 1.17, percentage: 100.0
Sink 49 non è soddisfatto. Flusso netto: 4.59, Demand: 7.0, percentage: 65.57142857142857
Flusso totale entrante nei SINK: 86.46000000000001
Flusso totale uscente nei SINK: 42.430000000000014
Flusso totale netto nei SINK: 44.029999999999994
Total DEMAND dei SINK: 46.44
Percentual di flusso ai SINK: 0.9481050818260119
Numero di Sink soddisfatti: 24.0, numero totale di sink: 25.0
Percentuale di Sink soddisfatti: 0.96

---------------------------------- DAY 13

Update Fixed Elements from Intrinsic Faults
Update Fixed Elements from Heavy Faults
Update Fixed Elements from Attack
Propagate Intrinsic Fault
Node NODO_2 has still failing due to Intrinsic Fault
pipeline ARCO_70 still has reduced capacity: 24.8 due to Intrinsic Fault
pipeline V_EDGE_53_0 still has reduced capacity: 24.8 due to Intrinsic Fault
pipeline ARCO_0 still has reduced capacity: 24.8 due to Intrinsic Fault
Propagate Heavy Faults
Propagate Attacks
Inject Intrinsic Failure To Source
Inject Heavy Fault To Sources
Inject Attack Multiple To Source
Inject Intrinsic Fault To Pipeline
Inject Heavy Fault To Pipeline
Inject Attack To Pipeline
----------- Statistics ------------
	Sources Under Attack: 0
	Sources with Heavy Fault: 0
	Sources with Intrinsic Fault: 1
	Arcs with reduce capacity due to Attack: 0
	Arcs with reduce capacity due to Heavy Fault: 0
	Arcs with reduce capacity due to Intrinsic Fault: 3
	Arcs with Attacks: 0
	Arcs with Heavy Fault: 0
	Arcs with Intrinsic Fault: 0
--------- SOURCES STATISTICS ---------------
Demand del real Source[0]: -31.0, flusso erogato: 8.069999999999997, flusso entrante: 0.0, efficienza: 26.032258064516117 %
Demand del real Source[8]: -10.5, flusso erogato: 3.8600000000000003, flusso entrante: 0.0, efficienza: 36.76190476190476 %
Demand del real Source[9]: -7.1, flusso erogato: 14.169999999999996, flusso entrante: 7.070000000000007, efficienza: 199.57746478873236 %
Demand del real Source[17]: -25.0, flusso erogato: 25.000000000000007, flusso entrante: 0.0, efficienza: 100.00000000000003 %
Flusso totale entrante nei Real Source: 7.070000000000007
Flusso totale uscente dai Real Source: 51.1
Flusso netto sui real Source: -44.029999999999994
--- SINKS STATISTICS ---
Sink 3 SODDISFATTO. Flusso netto: 3.4299999999999997, Demand: 3.43, percentage: 99.99999999999999
Sink 4 SODDISFATTO. Flusso netto: 0.5700000000000003, Demand: 0.57, percentage: 100.00000000000007
Sink 5 SODDISFATTO. Flusso netto: 0.6600000000000019, Demand: 0.66, percentage: 100.00000000000028
Sink 11 SODDISFATTO. Flusso netto: 1.03, Demand: 1.03, percentage: 100.0
Sink 15 SODDISFATTO. Flusso netto: 0.4600000000000044, Demand: 0.46, percentage: 100.00000000000095
Sink 16 SODDISFATTO. Flusso netto: 8.399999999999993, Demand: 8.4, percentage: 99.99999999999991
Sink 19 SODDISFATTO. Flusso netto: 0.5399999999999938, Demand: 0.54, percentage: 99.99999999999885
Sink 23 SODDISFATTO. Flusso netto: 0.5999999999999996, Demand: 0.6, percentage: 99.99999999999994
Sink 24 SODDISFATTO. Flusso netto: 0.8000000000000007, Demand: 0.8, percentage: 100.00000000000009
Sink 25 SODDISFATTO. Flusso netto: 3.5, Demand: 3.5, percentage: 100.0
Sink 26 SODDISFATTO. Flusso netto: 6.000000000000007, Demand: 6.0, percentage: 100.00000000000011
Sink 28 SODDISFATTO. Flusso netto: 0.4, Demand: 0.4, percentage: 100.0
Sink 30 SODDISFATTO. Flusso netto: 0.9799999999999933, Demand: 0.98, percentage: 99.99999999999932
Sink 31 SODDISFATTO. Flusso netto: 0.3999999999999999, Demand: 0.4, percentage: 99.99999999999997
Sink 32 SODDISFATTO. Flusso netto: 0.9999999999999989, Demand: 1.0, percentage: 99.99999999999989
Sink 34 SODDISFATTO. Flusso netto: 1.7400000000000002, Demand: 1.74, percentage: 100.00000000000003
Sink 35 SODDISFATTO. Flusso netto: 1.3, Demand: 1.3, percentage: 100.0
Sink 37 SODDISFATTO. Flusso netto: 1.0, Demand: 1.0, percentage: 100.0
Sink 39 SODDISFATTO. Flusso netto: 0.40000000000000036, Demand: 0.4, percentage: 100.00000000000009
Sink 40 SODDISFATTO. Flusso netto: 0.5, Demand: 0.5, percentage: 100.0
Sink 41 SODDISFATTO. Flusso netto: 1.0600000000000005, Demand: 1.06, percentage: 100.00000000000004
Sink 42 SODDISFATTO. Flusso netto: 2.8200000000000007, Demand: 2.82, percentage: 100.00000000000003
Sink 45 SODDISFATTO. Flusso netto: 0.6800000000000002, Demand: 0.68, percentage: 100.00000000000003
Sink 46 SODDISFATTO. Flusso netto: 1.17, Demand: 1.17, percentage: 100.0
Sink 49 non è soddisfatto. Flusso netto: 4.59, Demand: 7.0, percentage: 65.57142857142857
Flusso totale entrante nei SINK: 86.46000000000001
Flusso totale uscente nei SINK: 42.430000000000014
Flusso totale netto nei SINK: 44.029999999999994
Total DEMAND dei SINK: 46.44
Percentual di flusso ai SINK: 0.9481050818260119
Numero di Sink soddisfatti: 24.0, numero totale di sink: 25.0
Percentuale di Sink soddisfatti: 0.96

---------------------------------- DAY 14

Update Fixed Elements from Intrinsic Faults
Update Fixed Elements from Heavy Faults
Update Fixed Elements from Attack
Propagate Intrinsic Fault
Node NODO_2 has still failing due to Intrinsic Fault
pipeline ARCO_70 still has reduced capacity: 24.8 due to Intrinsic Fault
pipeline V_EDGE_53_0 still has reduced capacity: 24.8 due to Intrinsic Fault
pipeline ARCO_0 still has reduced capacity: 24.8 due to Intrinsic Fault
Propagate Heavy Faults
Propagate Attacks
Inject Intrinsic Failure To Source
Inject Heavy Fault To Sources
Inject Attack Multiple To Source
Inject Intrinsic Fault To Pipeline
Inject Heavy Fault To Pipeline
Inject Attack To Pipeline
----------- Statistics ------------
	Sources Under Attack: 0
	Sources with Heavy Fault: 0
	Sources with Intrinsic Fault: 1
	Arcs with reduce capacity due to Attack: 0
	Arcs with reduce capacity due to Heavy Fault: 0
	Arcs with reduce capacity due to Intrinsic Fault: 3
	Arcs with Attacks: 0
	Arcs with Heavy Fault: 0
	Arcs with Intrinsic Fault: 0
--------- SOURCES STATISTICS ---------------
Demand del real Source[0]: -31.0, flusso erogato: 8.069999999999997, flusso entrante: 0.0, efficienza: 26.032258064516117 %
Demand del real Source[8]: -10.5, flusso erogato: 3.8600000000000003, flusso entrante: 0.0, efficienza: 36.76190476190476 %
Demand del real Source[9]: -7.1, flusso erogato: 14.169999999999996, flusso entrante: 7.070000000000007, efficienza: 199.57746478873236 %
Demand del real Source[17]: -25.0, flusso erogato: 25.000000000000007, flusso entrante: 0.0, efficienza: 100.00000000000003 %
Flusso totale entrante nei Real Source: 7.070000000000007
Flusso totale uscente dai Real Source: 51.1
Flusso netto sui real Source: -44.029999999999994
--- SINKS STATISTICS ---
Sink 3 SODDISFATTO. Flusso netto: 3.4299999999999997, Demand: 3.43, percentage: 99.99999999999999
Sink 4 SODDISFATTO. Flusso netto: 0.5700000000000003, Demand: 0.57, percentage: 100.00000000000007
Sink 5 SODDISFATTO. Flusso netto: 0.6600000000000019, Demand: 0.66, percentage: 100.00000000000028
Sink 11 SODDISFATTO. Flusso netto: 1.03, Demand: 1.03, percentage: 100.0
Sink 15 SODDISFATTO. Flusso netto: 0.4600000000000044, Demand: 0.46, percentage: 100.00000000000095
Sink 16 SODDISFATTO. Flusso netto: 8.399999999999993, Demand: 8.4, percentage: 99.99999999999991
Sink 19 SODDISFATTO. Flusso netto: 0.5399999999999938, Demand: 0.54, percentage: 99.99999999999885
Sink 23 SODDISFATTO. Flusso netto: 0.5999999999999996, Demand: 0.6, percentage: 99.99999999999994
Sink 24 SODDISFATTO. Flusso netto: 0.8000000000000007, Demand: 0.8, percentage: 100.00000000000009
Sink 25 SODDISFATTO. Flusso netto: 3.5, Demand: 3.5, percentage: 100.0
Sink 26 SODDISFATTO. Flusso netto: 6.000000000000007, Demand: 6.0, percentage: 100.00000000000011
Sink 28 SODDISFATTO. Flusso netto: 0.4, Demand: 0.4, percentage: 100.0
Sink 30 SODDISFATTO. Flusso netto: 0.9799999999999933, Demand: 0.98, percentage: 99.99999999999932
Sink 31 SODDISFATTO. Flusso netto: 0.3999999999999999, Demand: 0.4, percentage: 99.99999999999997
Sink 32 SODDISFATTO. Flusso netto: 0.9999999999999989, Demand: 1.0, percentage: 99.99999999999989
Sink 34 SODDISFATTO. Flusso netto: 1.7400000000000002, Demand: 1.74, percentage: 100.00000000000003
Sink 35 SODDISFATTO. Flusso netto: 1.3, Demand: 1.3, percentage: 100.0
Sink 37 SODDISFATTO. Flusso netto: 1.0, Demand: 1.0, percentage: 100.0
Sink 39 SODDISFATTO. Flusso netto: 0.40000000000000036, Demand: 0.4, percentage: 100.00000000000009
Sink 40 SODDISFATTO. Flusso netto: 0.5, Demand: 0.5, percentage: 100.0
Sink 41 SODDISFATTO. Flusso netto: 1.0600000000000005, Demand: 1.06, percentage: 100.00000000000004
Sink 42 SODDISFATTO. Flusso netto: 2.8200000000000007, Demand: 2.82, percentage: 100.00000000000003
Sink 45 SODDISFATTO. Flusso netto: 0.6800000000000002, Demand: 0.68, percentage: 100.00000000000003
Sink 46 SODDISFATTO. Flusso netto: 1.17, Demand: 1.17, percentage: 100.0
Sink 49 non è soddisfatto. Flusso netto: 4.59, Demand: 7.0, percentage: 65.57142857142857
Flusso totale entrante nei SINK: 86.46000000000001
Flusso totale uscente nei SINK: 42.430000000000014
Flusso totale netto nei SINK: 44.029999999999994
Total DEMAND dei SINK: 46.44
Percentual di flusso ai SINK: 0.9481050818260119
Numero di Sink soddisfatti: 24.0, numero totale di sink: 25.0
Percentuale di Sink soddisfatti: 0.96

---------------------------------- DAY 15

Update Fixed Elements from Intrinsic Faults
Source NODO_2 fixed from Intrinsic Fault
Pipeline ARCO_70 fixed due to Source NODO_2 fixing from Intrinsic Fault
Pipeline V_EDGE_53_0 fixed due to Source NODO_2 fixing from Intrinsic Fault
Pipeline ARCO_0 fixed due to Source NODO_2 fixing from Intrinsic Fault
Update Fixed Elements from Heavy Faults
Update Fixed Elements from Attack
Propagate Intrinsic Fault
Propagate Heavy Faults
Propagate Attacks
Inject Intrinsic Failure To Source
Inject Heavy Fault To Sources
Inject Attack Multiple To Source
Inject Intrinsic Fault To Pipeline
Inject Heavy Fault To Pipeline
Inject Attack To Pipeline
----------- Statistics ------------
	Sources Under Attack: 0
	Sources with Heavy Fault: 0
	Sources with Intrinsic Fault: 0
	Arcs with reduce capacity due to Attack: 0
	Arcs with reduce capacity due to Heavy Fault: 0
	Arcs with reduce capacity due to Intrinsic Fault: 0
	Arcs with Attacks: 0
	Arcs with Heavy Fault: 0
	Arcs with Intrinsic Fault: 0
--------- SOURCES STATISTICS ---------------
Demand del real Source[0]: -31.0, flusso erogato: 8.069999999999997, flusso entrante: 0.0, efficienza: 26.032258064516117 %
Demand del real Source[8]: -10.5, flusso erogato: 3.8600000000000003, flusso entrante: 0.0, efficienza: 36.76190476190476 %
Demand del real Source[9]: -7.1, flusso erogato: 14.169999999999996, flusso entrante: 7.070000000000007, efficienza: 199.57746478873236 %
Demand del real Source[17]: -25.0, flusso erogato: 25.000000000000007, flusso entrante: 0.0, efficienza: 100.00000000000003 %
Flusso totale entrante nei Real Source: 7.070000000000007
Flusso totale uscente dai Real Source: 51.1
Flusso netto sui real Source: -44.029999999999994
--- SINKS STATISTICS ---
Sink 3 SODDISFATTO. Flusso netto: 3.4299999999999997, Demand: 3.43, percentage: 99.99999999999999
Sink 4 SODDISFATTO. Flusso netto: 0.5700000000000003, Demand: 0.57, percentage: 100.00000000000007
Sink 5 SODDISFATTO. Flusso netto: 0.6600000000000019, Demand: 0.66, percentage: 100.00000000000028
Sink 11 SODDISFATTO. Flusso netto: 1.03, Demand: 1.03, percentage: 100.0
Sink 15 SODDISFATTO. Flusso netto: 0.4600000000000044, Demand: 0.46, percentage: 100.00000000000095
Sink 16 SODDISFATTO. Flusso netto: 8.399999999999993, Demand: 8.4, percentage: 99.99999999999991
Sink 19 SODDISFATTO. Flusso netto: 0.5399999999999938, Demand: 0.54, percentage: 99.99999999999885
Sink 23 SODDISFATTO. Flusso netto: 0.5999999999999996, Demand: 0.6, percentage: 99.99999999999994
Sink 24 SODDISFATTO. Flusso netto: 0.8000000000000007, Demand: 0.8, percentage: 100.00000000000009
Sink 25 SODDISFATTO. Flusso netto: 3.5, Demand: 3.5, percentage: 100.0
Sink 26 SODDISFATTO. Flusso netto: 6.000000000000007, Demand: 6.0, percentage: 100.00000000000011
Sink 28 SODDISFATTO. Flusso netto: 0.4, Demand: 0.4, percentage: 100.0
Sink 30 SODDISFATTO. Flusso netto: 0.9799999999999933, Demand: 0.98, percentage: 99.99999999999932
Sink 31 SODDISFATTO. Flusso netto: 0.3999999999999999, Demand: 0.4, percentage: 99.99999999999997
Sink 32 SODDISFATTO. Flusso netto: 0.9999999999999989, Demand: 1.0, percentage: 99.99999999999989
Sink 34 SODDISFATTO. Flusso netto: 1.7400000000000002, Demand: 1.74, percentage: 100.00000000000003
Sink 35 SODDISFATTO. Flusso netto: 1.3, Demand: 1.3, percentage: 100.0
Sink 37 SODDISFATTO. Flusso netto: 1.0, Demand: 1.0, percentage: 100.0
Sink 39 SODDISFATTO. Flusso netto: 0.40000000000000036, Demand: 0.4, percentage: 100.00000000000009
Sink 40 SODDISFATTO. Flusso netto: 0.5, Demand: 0.5, percentage: 100.0
Sink 41 SODDISFATTO. Flusso netto: 1.0600000000000005, Demand: 1.06, percentage: 100.00000000000004
Sink 42 SODDISFATTO. Flusso netto: 2.8200000000000007, Demand: 2.82, percentage: 100.00000000000003
Sink 45 SODDISFATTO. Flusso netto: 0.6800000000000002, Demand: 0.68, percentage: 100.00000000000003
Sink 46 SODDISFATTO. Flusso netto: 1.17, Demand: 1.17, percentage: 100.0
Sink 49 non è soddisfatto. Flusso netto: 4.59, Demand: 7.0, percentage: 65.57142857142857
Flusso totale entrante nei SINK: 86.46000000000001
Flusso totale uscente nei SINK: 42.430000000000014
Flusso totale netto nei SINK: 44.029999999999994
Total DEMAND dei SINK: 46.44
Percentual di flusso ai SINK: 0.9481050818260119
Numero di Sink soddisfatti: 24.0, numero totale di sink: 25.0
Percentuale di Sink soddisfatti: 0.96

---------------------------------- DAY 16

Update Fixed Elements from Intrinsic Faults
Update Fixed Elements from Heavy Faults
Update Fixed Elements from Attack
Propagate Intrinsic Fault
Propagate Heavy Faults
Propagate Attacks
Inject Intrinsic Failure To Source
Inject Heavy Fault To Sources
Inject Attack Multiple To Source
Inject Intrinsic Fault To Pipeline
Inject Heavy Fault To Pipeline
Inject Attack To Pipeline
----------- Statistics ------------
	Sources Under Attack: 0
	Sources with Heavy Fault: 0
	Sources with Intrinsic Fault: 0
	Arcs with reduce capacity due to Attack: 0
	Arcs with reduce capacity due to Heavy Fault: 0
	Arcs with reduce capacity due to Intrinsic Fault: 0
	Arcs with Attacks: 0
	Arcs with Heavy Fault: 0
	Arcs with Intrinsic Fault: 0
--------- SOURCES STATISTICS ---------------
Demand del real Source[0]: -31.0, flusso erogato: 8.069999999999997, flusso entrante: 0.0, efficienza: 26.032258064516117 %
Demand del real Source[8]: -10.5, flusso erogato: 3.8600000000000003, flusso entrante: 0.0, efficienza: 36.76190476190476 %
Demand del real Source[9]: -7.1, flusso erogato: 14.169999999999996, flusso entrante: 7.070000000000007, efficienza: 199.57746478873236 %
Demand del real Source[17]: -25.0, flusso erogato: 25.000000000000007, flusso entrante: 0.0, efficienza: 100.00000000000003 %
Flusso totale entrante nei Real Source: 7.070000000000007
Flusso totale uscente dai Real Source: 51.1
Flusso netto sui real Source: -44.029999999999994
--- SINKS STATISTICS ---
Sink 3 SODDISFATTO. Flusso netto: 3.4299999999999997, Demand: 3.43, percentage: 99.99999999999999
Sink 4 SODDISFATTO. Flusso netto: 0.5700000000000003, Demand: 0.57, percentage: 100.00000000000007
Sink 5 SODDISFATTO. Flusso netto: 0.6600000000000019, Demand: 0.66, percentage: 100.00000000000028
Sink 11 SODDISFATTO. Flusso netto: 1.03, Demand: 1.03, percentage: 100.0
Sink 15 SODDISFATTO. Flusso netto: 0.4600000000000044, Demand: 0.46, percentage: 100.00000000000095
Sink 16 SODDISFATTO. Flusso netto: 8.399999999999993, Demand: 8.4, percentage: 99.99999999999991
Sink 19 SODDISFATTO. Flusso netto: 0.5399999999999938, Demand: 0.54, percentage: 99.99999999999885
Sink 23 SODDISFATTO. Flusso netto: 0.5999999999999996, Demand: 0.6, percentage: 99.99999999999994
Sink 24 SODDISFATTO. Flusso netto: 0.8000000000000007, Demand: 0.8, percentage: 100.00000000000009
Sink 25 SODDISFATTO. Flusso netto: 3.5, Demand: 3.5, percentage: 100.0
Sink 26 SODDISFATTO. Flusso netto: 6.000000000000007, Demand: 6.0, percentage: 100.00000000000011
Sink 28 SODDISFATTO. Flusso netto: 0.4, Demand: 0.4, percentage: 100.0
Sink 30 SODDISFATTO. Flusso netto: 0.9799999999999933, Demand: 0.98, percentage: 99.99999999999932
Sink 31 SODDISFATTO. Flusso netto: 0.3999999999999999, Demand: 0.4, percentage: 99.99999999999997
Sink 32 SODDISFATTO. Flusso netto: 0.9999999999999989, Demand: 1.0, percentage: 99.99999999999989
Sink 34 SODDISFATTO. Flusso netto: 1.7400000000000002, Demand: 1.74, percentage: 100.00000000000003
Sink 35 SODDISFATTO. Flusso netto: 1.3, Demand: 1.3, percentage: 100.0
Sink 37 SODDISFATTO. Flusso netto: 1.0, Demand: 1.0, percentage: 100.0
Sink 39 SODDISFATTO. Flusso netto: 0.40000000000000036, Demand: 0.4, percentage: 100.00000000000009
Sink 40 SODDISFATTO. Flusso netto: 0.5, Demand: 0.5, percentage: 100.0
Sink 41 SODDISFATTO. Flusso netto: 1.0600000000000005, Demand: 1.06, percentage: 100.00000000000004
Sink 42 SODDISFATTO. Flusso netto: 2.8200000000000007, Demand: 2.82, percentage: 100.00000000000003
Sink 45 SODDISFATTO. Flusso netto: 0.6800000000000002, Demand: 0.68, percentage: 100.00000000000003
Sink 46 SODDISFATTO. Flusso netto: 1.17, Demand: 1.17, percentage: 100.0
Sink 49 non è soddisfatto. Flusso netto: 4.59, Demand: 7.0, percentage: 65.57142857142857
Flusso totale entrante nei SINK: 86.46000000000001
Flusso totale uscente nei SINK: 42.430000000000014
Flusso totale netto nei SINK: 44.029999999999994
Total DEMAND dei SINK: 46.44
Percentual di flusso ai SINK: 0.9481050818260119
Numero di Sink soddisfatti: 24.0, numero totale di sink: 25.0
Percentuale di Sink soddisfatti: 0.96

---------------------------------- DAY 17

Update Fixed Elements from Intrinsic Faults
Update Fixed Elements from Heavy Faults
Update Fixed Elements from Attack
Propagate Intrinsic Fault
Propagate Heavy Faults
Propagate Attacks
Inject Intrinsic Failure To Source
Source NODO_10 is failing for an Intrinsic Fault in day: 17
pipeline ARCO_17 has reduced capacity due to NODO_10 Intrinsic fault
pipeline ARCO_88 has reduced capacity due to NODO_10 Intrinsic fault
pipeline ARCO_89 has reduced capacity due to NODO_10 Intrinsic fault
pipeline V_EDGE_53_8 has reduced capacity due to NODO_10 Intrinsic fault
pipeline ARCO_18 has reduced capacity due to NODO_10 Intrinsic fault
pipeline ARCO_19 has reduced capacity due to NODO_10 Intrinsic fault
pipeline ARCO_87 has reduced capacity due to NODO_10 Intrinsic fault
Inject Heavy Fault To Sources
Inject Attack Multiple To Source
Inject Intrinsic Fault To Pipeline
Inject Heavy Fault To Pipeline
Inject Attack To Pipeline
----------- Statistics ------------
	Sources Under Attack: 0
	Sources with Heavy Fault: 0
	Sources with Intrinsic Fault: 1
	Arcs with reduce capacity due to Attack: 0
	Arcs with reduce capacity due to Heavy Fault: 0
	Arcs with reduce capacity due to Intrinsic Fault: 7
	Arcs with Attacks: 0
	Arcs with Heavy Fault: 0
	Arcs with Intrinsic Fault: 0
--------- SOURCES STATISTICS ---------------
Demand del real Source[0]: -31.0, flusso erogato: 11.159999999999997, flusso entrante: 0.0, efficienza: 35.999999999999986 %
Demand del real Source[8]: -10.5, flusso erogato: 0.0, flusso entrante: 0.0, efficienza: 0.0 %
Demand del real Source[9]: -7.1, flusso erogato: 17.259999999999998, flusso entrante: 10.159999999999997, efficienza: 243.09859154929575 %
Demand del real Source[17]: -25.0, flusso erogato: 25.000000000000007, flusso entrante: 0.0, efficienza: 100.00000000000003 %
Flusso totale entrante nei Real Source: 10.159999999999997
Flusso totale uscente dai Real Source: 53.42
Flusso netto sui real Source: -43.260000000000005
--- SINKS STATISTICS ---
Sink 3 SODDISFATTO. Flusso netto: 3.429999999999999, Demand: 3.43, percentage: 99.99999999999997
Sink 4 SODDISFATTO. Flusso netto: 0.5700000000000003, Demand: 0.57, percentage: 100.00000000000007
Sink 5 SODDISFATTO. Flusso netto: 0.6599999999999993, Demand: 0.66, percentage: 99.99999999999987
Sink 11 SODDISFATTO. Flusso netto: 1.0300000000000011, Demand: 1.03, percentage: 100.00000000000011
Sink 15 SODDISFATTO. Flusso netto: 0.4600000000000044, Demand: 0.46, percentage: 100.00000000000095
Sink 16 SODDISFATTO. Flusso netto: 8.399999999999993, Demand: 8.4, percentage: 99.99999999999991
Sink 19 SODDISFATTO. Flusso netto: 0.5399999999999938, Demand: 0.54, percentage: 99.99999999999885
Sink 23 SODDISFATTO. Flusso netto: 0.5999999999999996, Demand: 0.6, percentage: 99.99999999999994
Sink 24 SODDISFATTO. Flusso netto: 0.8000000000000007, Demand: 0.8, percentage: 100.00000000000009
Sink 25 SODDISFATTO. Flusso netto: 3.5, Demand: 3.5, percentage: 100.0
Sink 26 SODDISFATTO. Flusso netto: 6.000000000000007, Demand: 6.0, percentage: 100.00000000000011
Sink 28 SODDISFATTO. Flusso netto: 0.4, Demand: 0.4, percentage: 100.0
Sink 30 SODDISFATTO. Flusso netto: 0.9799999999999933, Demand: 0.98, percentage: 99.99999999999932
Sink 31 SODDISFATTO. Flusso netto: 0.3999999999999999, Demand: 0.4, percentage: 99.99999999999997
Sink 32 SODDISFATTO. Flusso netto: 0.9999999999999989, Demand: 1.0, percentage: 99.99999999999989
Sink 34 SODDISFATTO. Flusso netto: 1.7400000000000002, Demand: 1.74, percentage: 100.00000000000003
Sink 35 SODDISFATTO. Flusso netto: 1.3, Demand: 1.3, percentage: 100.0
Sink 37 SODDISFATTO. Flusso netto: 1.0, Demand: 1.0, percentage: 100.0
Sink 39 SODDISFATTO. Flusso netto: 0.40000000000000036, Demand: 0.4, percentage: 100.00000000000009
Sink 40 SODDISFATTO. Flusso netto: 0.5, Demand: 0.5, percentage: 100.0
Sink 41 SODDISFATTO. Flusso netto: 1.0599999999999996, Demand: 1.06, percentage: 99.99999999999996
Sink 42 SODDISFATTO. Flusso netto: 2.820000000000001, Demand: 2.82, percentage: 100.00000000000004
Sink 45 SODDISFATTO. Flusso netto: 0.6800000000000002, Demand: 0.68, percentage: 100.00000000000003
Sink 46 SODDISFATTO. Flusso netto: 1.17, Demand: 1.17, percentage: 100.0
Sink 49 non è soddisfatto. Flusso netto: 3.8200000000000003, Demand: 7.0, percentage: 54.57142857142857
Flusso totale entrante nei SINK: 88.47
Flusso totale uscente nei SINK: 45.21000000000001
Flusso totale netto nei SINK: 43.25999999999999
Total DEMAND dei SINK: 46.44
Percentual di flusso ai SINK: 0.9315245478036174
Numero di Sink soddisfatti: 24.0, numero totale di sink: 25.0
Percentuale di Sink soddisfatti: 0.96

---------------------------------- DAY 18

Update Fixed Elements from Intrinsic Faults
Update Fixed Elements from Heavy Faults
Update Fixed Elements from Attack
Propagate Intrinsic Fault
Node NODO_10 has still failing due to Intrinsic Fault
pipeline ARCO_17 still has reduced capacity: 0.0 due to Intrinsic Fault
pipeline ARCO_88 still has reduced capacity: 0.0 due to Intrinsic Fault
pipeline ARCO_89 still has reduced capacity: 0.0 due to Intrinsic Fault
pipeline V_EDGE_53_8 still has reduced capacity: 0.0 due to Intrinsic Fault
pipeline ARCO_18 still has reduced capacity: 0.0 due to Intrinsic Fault
pipeline ARCO_19 still has reduced capacity: 0.0 due to Intrinsic Fault
pipeline ARCO_87 still has reduced capacity: 0.0 due to Intrinsic Fault
Propagate Heavy Faults
Propagate Attacks
Inject Intrinsic Failure To Source
Inject Heavy Fault To Sources
Inject Attack Multiple To Source
Inject Intrinsic Fault To Pipeline
Inject Heavy Fault To Pipeline
Inject Attack To Pipeline
----------- Statistics ------------
	Sources Under Attack: 0
	Sources with Heavy Fault: 0
	Sources with Intrinsic Fault: 1
	Arcs with reduce capacity due to Attack: 0
	Arcs with reduce capacity due to Heavy Fault: 0
	Arcs with reduce capacity due to Intrinsic Fault: 7
	Arcs with Attacks: 0
	Arcs with Heavy Fault: 0
	Arcs with Intrinsic Fault: 0
--------- SOURCES STATISTICS ---------------
Demand del real Source[0]: -31.0, flusso erogato: 11.159999999999997, flusso entrante: 0.0, efficienza: 35.999999999999986 %
Demand del real Source[8]: -10.5, flusso erogato: 0.0, flusso entrante: 0.0, efficienza: 0.0 %
Demand del real Source[9]: -7.1, flusso erogato: 17.259999999999998, flusso entrante: 10.159999999999997, efficienza: 243.09859154929575 %
Demand del real Source[17]: -25.0, flusso erogato: 25.000000000000007, flusso entrante: 0.0, efficienza: 100.00000000000003 %
Flusso totale entrante nei Real Source: 10.159999999999997
Flusso totale uscente dai Real Source: 53.42
Flusso netto sui real Source: -43.260000000000005
--- SINKS STATISTICS ---
Sink 3 SODDISFATTO. Flusso netto: 3.429999999999999, Demand: 3.43, percentage: 99.99999999999997
Sink 4 SODDISFATTO. Flusso netto: 0.5700000000000003, Demand: 0.57, percentage: 100.00000000000007
Sink 5 SODDISFATTO. Flusso netto: 0.6599999999999993, Demand: 0.66, percentage: 99.99999999999987
Sink 11 SODDISFATTO. Flusso netto: 1.0300000000000011, Demand: 1.03, percentage: 100.00000000000011
Sink 15 SODDISFATTO. Flusso netto: 0.4600000000000044, Demand: 0.46, percentage: 100.00000000000095
Sink 16 SODDISFATTO. Flusso netto: 8.399999999999993, Demand: 8.4, percentage: 99.99999999999991
Sink 19 SODDISFATTO. Flusso netto: 0.5399999999999938, Demand: 0.54, percentage: 99.99999999999885
Sink 23 SODDISFATTO. Flusso netto: 0.5999999999999996, Demand: 0.6, percentage: 99.99999999999994
Sink 24 SODDISFATTO. Flusso netto: 0.8000000000000007, Demand: 0.8, percentage: 100.00000000000009
Sink 25 SODDISFATTO. Flusso netto: 3.5, Demand: 3.5, percentage: 100.0
Sink 26 SODDISFATTO. Flusso netto: 6.000000000000007, Demand: 6.0, percentage: 100.00000000000011
Sink 28 SODDISFATTO. Flusso netto: 0.4, Demand: 0.4, percentage: 100.0
Sink 30 SODDISFATTO. Flusso netto: 0.9799999999999933, Demand: 0.98, percentage: 99.99999999999932
Sink 31 SODDISFATTO. Flusso netto: 0.3999999999999999, Demand: 0.4, percentage: 99.99999999999997
Sink 32 SODDISFATTO. Flusso netto: 0.9999999999999989, Demand: 1.0, percentage: 99.99999999999989
Sink 34 SODDISFATTO. Flusso netto: 1.7400000000000002, Demand: 1.74, percentage: 100.00000000000003
Sink 35 SODDISFATTO. Flusso netto: 1.3, Demand: 1.3, percentage: 100.0
Sink 37 SODDISFATTO. Flusso netto: 1.0, Demand: 1.0, percentage: 100.0
Sink 39 SODDISFATTO. Flusso netto: 0.40000000000000036, Demand: 0.4, percentage: 100.00000000000009
Sink 40 SODDISFATTO. Flusso netto: 0.5, Demand: 0.5, percentage: 100.0
Sink 41 SODDISFATTO. Flusso netto: 1.0599999999999996, Demand: 1.06, percentage: 99.99999999999996
Sink 42 SODDISFATTO. Flusso netto: 2.820000000000001, Demand: 2.82, percentage: 100.00000000000004
Sink 45 SODDISFATTO. Flusso netto: 0.6800000000000002, Demand: 0.68, percentage: 100.00000000000003
Sink 46 SODDISFATTO. Flusso netto: 1.17, Demand: 1.17, percentage: 100.0
Sink 49 non è soddisfatto. Flusso netto: 3.8200000000000003, Demand: 7.0, percentage: 54.57142857142857
Flusso totale entrante nei SINK: 88.47
Flusso totale uscente nei SINK: 45.21000000000001
Flusso totale netto nei SINK: 43.25999999999999
Total DEMAND dei SINK: 46.44
Percentual di flusso ai SINK: 0.9315245478036174
Numero di Sink soddisfatti: 24.0, numero totale di sink: 25.0
Percentuale di Sink soddisfatti: 0.96

---------------------------------- DAY 19

Update Fixed Elements from Intrinsic Faults
Update Fixed Elements from Heavy Faults
Update Fixed Elements from Attack
Propagate Intrinsic Fault
Node NODO_10 has still failing due to Intrinsic Fault
pipeline ARCO_17 still has reduced capacity: 0.0 due to Intrinsic Fault
pipeline ARCO_88 still has reduced capacity: 0.0 due to Intrinsic Fault
pipeline ARCO_89 still has reduced capacity: 0.0 due to Intrinsic Fault
pipeline V_EDGE_53_8 still has reduced capacity: 0.0 due to Intrinsic Fault
pipeline ARCO_18 still has reduced capacity: 0.0 due to Intrinsic Fault
pipeline ARCO_19 still has reduced capacity: 0.0 due to Intrinsic Fault
pipeline ARCO_87 still has reduced capacity: 0.0 due to Intrinsic Fault
Propagate Heavy Faults
Propagate Attacks
Inject Intrinsic Failure To Source
Source NODO_2 is failing for an Intrinsic Fault in day: 19
pipeline ARCO_70 has reduced capacity due to NODO_2 Intrinsic fault
pipeline V_EDGE_53_0 has reduced capacity due to NODO_2 Intrinsic fault
pipeline ARCO_0 has reduced capacity due to NODO_2 Intrinsic fault
Inject Heavy Fault To Sources
Inject Attack Multiple To Source
Inject Intrinsic Fault To Pipeline
Inject Heavy Fault To Pipeline
Inject Attack To Pipeline
----------- Statistics ------------
	Sources Under Attack: 0
	Sources with Heavy Fault: 0
	Sources with Intrinsic Fault: 2
	Arcs with reduce capacity due to Attack: 0
	Arcs with reduce capacity due to Heavy Fault: 0
	Arcs with reduce capacity due to Intrinsic Fault: 10
	Arcs with Attacks: 0
	Arcs with Heavy Fault: 0
	Arcs with Intrinsic Fault: 0
--------- SOURCES STATISTICS ---------------
Demand del real Source[0]: -31.0, flusso erogato: 11.159999999999997, flusso entrante: 0.0, efficienza: 35.999999999999986 %
Demand del real Source[8]: -10.5, flusso erogato: 0.0, flusso entrante: 0.0, efficienza: 0.0 %
Demand del real Source[9]: -7.1, flusso erogato: 17.259999999999998, flusso entrante: 10.159999999999997, efficienza: 243.09859154929575 %
Demand del real Source[17]: -25.0, flusso erogato: 25.000000000000007, flusso entrante: 0.0, efficienza: 100.00000000000003 %
Flusso totale entrante nei Real Source: 10.159999999999997
Flusso totale uscente dai Real Source: 53.42
Flusso netto sui real Source: -43.260000000000005
--- SINKS STATISTICS ---
Sink 3 SODDISFATTO. Flusso netto: 3.429999999999999, Demand: 3.43, percentage: 99.99999999999997
Sink 4 SODDISFATTO. Flusso netto: 0.5700000000000003, Demand: 0.57, percentage: 100.00000000000007
Sink 5 SODDISFATTO. Flusso netto: 0.6599999999999993, Demand: 0.66, percentage: 99.99999999999987
Sink 11 SODDISFATTO. Flusso netto: 1.0300000000000011, Demand: 1.03, percentage: 100.00000000000011
Sink 15 SODDISFATTO. Flusso netto: 0.4600000000000044, Demand: 0.46, percentage: 100.00000000000095
Sink 16 SODDISFATTO. Flusso netto: 8.399999999999993, Demand: 8.4, percentage: 99.99999999999991
Sink 19 SODDISFATTO. Flusso netto: 0.5399999999999938, Demand: 0.54, percentage: 99.99999999999885
Sink 23 SODDISFATTO. Flusso netto: 0.5999999999999996, Demand: 0.6, percentage: 99.99999999999994
Sink 24 SODDISFATTO. Flusso netto: 0.8000000000000007, Demand: 0.8, percentage: 100.00000000000009
Sink 25 SODDISFATTO. Flusso netto: 3.5, Demand: 3.5, percentage: 100.0
Sink 26 SODDISFATTO. Flusso netto: 6.000000000000007, Demand: 6.0, percentage: 100.00000000000011
Sink 28 SODDISFATTO. Flusso netto: 0.4, Demand: 0.4, percentage: 100.0
Sink 30 SODDISFATTO. Flusso netto: 0.9799999999999933, Demand: 0.98, percentage: 99.99999999999932
Sink 31 SODDISFATTO. Flusso netto: 0.3999999999999999, Demand: 0.4, percentage: 99.99999999999997
Sink 32 SODDISFATTO. Flusso netto: 0.9999999999999989, Demand: 1.0, percentage: 99.99999999999989
Sink 34 SODDISFATTO. Flusso netto: 1.7400000000000002, Demand: 1.74, percentage: 100.00000000000003
Sink 35 SODDISFATTO. Flusso netto: 1.3, Demand: 1.3, percentage: 100.0
Sink 37 SODDISFATTO. Flusso netto: 1.0, Demand: 1.0, percentage: 100.0
Sink 39 SODDISFATTO. Flusso netto: 0.40000000000000036, Demand: 0.4, percentage: 100.00000000000009
Sink 40 SODDISFATTO. Flusso netto: 0.5, Demand: 0.5, percentage: 100.0
Sink 41 SODDISFATTO. Flusso netto: 1.0599999999999996, Demand: 1.06, percentage: 99.99999999999996
Sink 42 SODDISFATTO. Flusso netto: 2.820000000000001, Demand: 2.82, percentage: 100.00000000000004
Sink 45 SODDISFATTO. Flusso netto: 0.6800000000000002, Demand: 0.68, percentage: 100.00000000000003
Sink 46 SODDISFATTO. Flusso netto: 1.17, Demand: 1.17, percentage: 100.0
Sink 49 non è soddisfatto. Flusso netto: 3.8200000000000003, Demand: 7.0, percentage: 54.57142857142857
Flusso totale entrante nei SINK: 88.47
Flusso totale uscente nei SINK: 45.21000000000001
Flusso totale netto nei SINK: 43.25999999999999
Total DEMAND dei SINK: 46.44
Percentual di flusso ai SINK: 0.9315245478036174
Numero di Sink soddisfatti: 24.0, numero totale di sink: 25.0
Percentuale di Sink soddisfatti: 0.96

---------------------------------- DAY 20

Update Fixed Elements from Intrinsic Faults
Update Fixed Elements from Heavy Faults
Update Fixed Elements from Attack
Propagate Intrinsic Fault
Node NODO_10 has still failing due to Intrinsic Fault
Node NODO_2 has still failing due to Intrinsic Fault
pipeline ARCO_17 still has reduced capacity: 0.0 due to Intrinsic Fault
pipeline ARCO_88 still has reduced capacity: 0.0 due to Intrinsic Fault
pipeline ARCO_89 still has reduced capacity: 0.0 due to Intrinsic Fault
pipeline V_EDGE_53_8 still has reduced capacity: 0.0 due to Intrinsic Fault
pipeline ARCO_18 still has reduced capacity: 0.0 due to Intrinsic Fault
pipeline ARCO_19 still has reduced capacity: 0.0 due to Intrinsic Fault
pipeline ARCO_87 still has reduced capacity: 0.0 due to Intrinsic Fault
pipeline ARCO_70 still has reduced capacity: 24.8 due to Intrinsic Fault
pipeline V_EDGE_53_0 still has reduced capacity: 24.8 due to Intrinsic Fault
pipeline ARCO_0 still has reduced capacity: 24.8 due to Intrinsic Fault
Propagate Heavy Faults
Propagate Attacks
Inject Intrinsic Failure To Source
Inject Heavy Fault To Sources
Inject Attack Multiple To Source
Inject Intrinsic Fault To Pipeline
Inject Heavy Fault To Pipeline
Inject Attack To Pipeline
----------- Statistics ------------
	Sources Under Attack: 0
	Sources with Heavy Fault: 0
	Sources with Intrinsic Fault: 2
	Arcs with reduce capacity due to Attack: 0
	Arcs with reduce capacity due to Heavy Fault: 0
	Arcs with reduce capacity due to Intrinsic Fault: 10
	Arcs with Attacks: 0
	Arcs with Heavy Fault: 0
	Arcs with Intrinsic Fault: 0
--------- SOURCES STATISTICS ---------------
Demand del real Source[0]: -31.0, flusso erogato: 11.159999999999997, flusso entrante: 0.0, efficienza: 35.999999999999986 %
Demand del real Source[8]: -10.5, flusso erogato: 0.0, flusso entrante: 0.0, efficienza: 0.0 %
Demand del real Source[9]: -7.1, flusso erogato: 17.259999999999998, flusso entrante: 10.159999999999997, efficienza: 243.09859154929575 %
Demand del real Source[17]: -25.0, flusso erogato: 25.000000000000007, flusso entrante: 0.0, efficienza: 100.00000000000003 %
Flusso totale entrante nei Real Source: 10.159999999999997
Flusso totale uscente dai Real Source: 53.42
Flusso netto sui real Source: -43.260000000000005
--- SINKS STATISTICS ---
Sink 3 SODDISFATTO. Flusso netto: 3.429999999999999, Demand: 3.43, percentage: 99.99999999999997
Sink 4 SODDISFATTO. Flusso netto: 0.5700000000000003, Demand: 0.57, percentage: 100.00000000000007
Sink 5 SODDISFATTO. Flusso netto: 0.6599999999999993, Demand: 0.66, percentage: 99.99999999999987
Sink 11 SODDISFATTO. Flusso netto: 1.0300000000000011, Demand: 1.03, percentage: 100.00000000000011
Sink 15 SODDISFATTO. Flusso netto: 0.4600000000000044, Demand: 0.46, percentage: 100.00000000000095
Sink 16 SODDISFATTO. Flusso netto: 8.399999999999993, Demand: 8.4, percentage: 99.99999999999991
Sink 19 SODDISFATTO. Flusso netto: 0.5399999999999938, Demand: 0.54, percentage: 99.99999999999885
Sink 23 SODDISFATTO. Flusso netto: 0.5999999999999996, Demand: 0.6, percentage: 99.99999999999994
Sink 24 SODDISFATTO. Flusso netto: 0.8000000000000007, Demand: 0.8, percentage: 100.00000000000009
Sink 25 SODDISFATTO. Flusso netto: 3.5, Demand: 3.5, percentage: 100.0
Sink 26 SODDISFATTO. Flusso netto: 6.000000000000007, Demand: 6.0, percentage: 100.00000000000011
Sink 28 SODDISFATTO. Flusso netto: 0.4, Demand: 0.4, percentage: 100.0
Sink 30 SODDISFATTO. Flusso netto: 0.9799999999999933, Demand: 0.98, percentage: 99.99999999999932
Sink 31 SODDISFATTO. Flusso netto: 0.3999999999999999, Demand: 0.4, percentage: 99.99999999999997
Sink 32 SODDISFATTO. Flusso netto: 0.9999999999999989, Demand: 1.0, percentage: 99.99999999999989
Sink 34 SODDISFATTO. Flusso netto: 1.7400000000000002, Demand: 1.74, percentage: 100.00000000000003
Sink 35 SODDISFATTO. Flusso netto: 1.3, Demand: 1.3, percentage: 100.0
Sink 37 SODDISFATTO. Flusso netto: 1.0, Demand: 1.0, percentage: 100.0
Sink 39 SODDISFATTO. Flusso netto: 0.40000000000000036, Demand: 0.4, percentage: 100.00000000000009
Sink 40 SODDISFATTO. Flusso netto: 0.5, Demand: 0.5, percentage: 100.0
Sink 41 SODDISFATTO. Flusso netto: 1.0599999999999996, Demand: 1.06, percentage: 99.99999999999996
Sink 42 SODDISFATTO. Flusso netto: 2.820000000000001, Demand: 2.82, percentage: 100.00000000000004
Sink 45 SODDISFATTO. Flusso netto: 0.6800000000000002, Demand: 0.68, percentage: 100.00000000000003
Sink 46 SODDISFATTO. Flusso netto: 1.17, Demand: 1.17, percentage: 100.0
Sink 49 non è soddisfatto. Flusso netto: 3.8200000000000003, Demand: 7.0, percentage: 54.57142857142857
Flusso totale entrante nei SINK: 88.47
Flusso totale uscente nei SINK: 45.21000000000001
Flusso totale netto nei SINK: 43.25999999999999
Total DEMAND dei SINK: 46.44
Percentual di flusso ai SINK: 0.9315245478036174
Numero di Sink soddisfatti: 24.0, numero totale di sink: 25.0
Percentuale di Sink soddisfatti: 0.96

---------------------------------- DAY 21

Update Fixed Elements from Intrinsic Faults
Update Fixed Elements from Heavy Faults
Update Fixed Elements from Attack
Propagate Intrinsic Fault
Node NODO_10 has still failing due to Intrinsic Fault
Node NODO_2 has still failing due to Intrinsic Fault
pipeline ARCO_17 still has reduced capacity: 0.0 due to Intrinsic Fault
pipeline ARCO_88 still has reduced capacity: 0.0 due to Intrinsic Fault
pipeline ARCO_89 still has reduced capacity: 0.0 due to Intrinsic Fault
pipeline V_EDGE_53_8 still has reduced capacity: 0.0 due to Intrinsic Fault
pipeline ARCO_18 still has reduced capacity: 0.0 due to Intrinsic Fault
pipeline ARCO_19 still has reduced capacity: 0.0 due to Intrinsic Fault
pipeline ARCO_87 still has reduced capacity: 0.0 due to Intrinsic Fault
pipeline ARCO_70 still has reduced capacity: 24.8 due to Intrinsic Fault
pipeline V_EDGE_53_0 still has reduced capacity: 24.8 due to Intrinsic Fault
pipeline ARCO_0 still has reduced capacity: 24.8 due to Intrinsic Fault
Propagate Heavy Faults
Propagate Attacks
Inject Intrinsic Failure To Source
Inject Heavy Fault To Sources
Inject Attack Multiple To Source
Inject Intrinsic Fault To Pipeline
Inject Heavy Fault To Pipeline
Inject Attack To Pipeline
----------- Statistics ------------
	Sources Under Attack: 0
	Sources with Heavy Fault: 0
	Sources with Intrinsic Fault: 2
	Arcs with reduce capacity due to Attack: 0
	Arcs with reduce capacity due to Heavy Fault: 0
	Arcs with reduce capacity due to Intrinsic Fault: 10
	Arcs with Attacks: 0
	Arcs with Heavy Fault: 0
	Arcs with Intrinsic Fault: 0
--------- SOURCES STATISTICS ---------------
Demand del real Source[0]: -31.0, flusso erogato: 11.159999999999997, flusso entrante: 0.0, efficienza: 35.999999999999986 %
Demand del real Source[8]: -10.5, flusso erogato: 0.0, flusso entrante: 0.0, efficienza: 0.0 %
Demand del real Source[9]: -7.1, flusso erogato: 17.259999999999998, flusso entrante: 10.159999999999997, efficienza: 243.09859154929575 %
Demand del real Source[17]: -25.0, flusso erogato: 25.000000000000007, flusso entrante: 0.0, efficienza: 100.00000000000003 %
Flusso totale entrante nei Real Source: 10.159999999999997
Flusso totale uscente dai Real Source: 53.42
Flusso netto sui real Source: -43.260000000000005
--- SINKS STATISTICS ---
Sink 3 SODDISFATTO. Flusso netto: 3.429999999999999, Demand: 3.43, percentage: 99.99999999999997
Sink 4 SODDISFATTO. Flusso netto: 0.5700000000000003, Demand: 0.57, percentage: 100.00000000000007
Sink 5 SODDISFATTO. Flusso netto: 0.6599999999999993, Demand: 0.66, percentage: 99.99999999999987
Sink 11 SODDISFATTO. Flusso netto: 1.0300000000000011, Demand: 1.03, percentage: 100.00000000000011
Sink 15 SODDISFATTO. Flusso netto: 0.4600000000000044, Demand: 0.46, percentage: 100.00000000000095
Sink 16 SODDISFATTO. Flusso netto: 8.399999999999993, Demand: 8.4, percentage: 99.99999999999991
Sink 19 SODDISFATTO. Flusso netto: 0.5399999999999938, Demand: 0.54, percentage: 99.99999999999885
Sink 23 SODDISFATTO. Flusso netto: 0.5999999999999996, Demand: 0.6, percentage: 99.99999999999994
Sink 24 SODDISFATTO. Flusso netto: 0.8000000000000007, Demand: 0.8, percentage: 100.00000000000009
Sink 25 SODDISFATTO. Flusso netto: 3.5, Demand: 3.5, percentage: 100.0
Sink 26 SODDISFATTO. Flusso netto: 6.000000000000007, Demand: 6.0, percentage: 100.00000000000011
Sink 28 SODDISFATTO. Flusso netto: 0.4, Demand: 0.4, percentage: 100.0
Sink 30 SODDISFATTO. Flusso netto: 0.9799999999999933, Demand: 0.98, percentage: 99.99999999999932
Sink 31 SODDISFATTO. Flusso netto: 0.3999999999999999, Demand: 0.4, percentage: 99.99999999999997
Sink 32 SODDISFATTO. Flusso netto: 0.9999999999999989, Demand: 1.0, percentage: 99.99999999999989
Sink 34 SODDISFATTO. Flusso netto: 1.7400000000000002, Demand: 1.74, percentage: 100.00000000000003
Sink 35 SODDISFATTO. Flusso netto: 1.3, Demand: 1.3, percentage: 100.0
Sink 37 SODDISFATTO. Flusso netto: 1.0, Demand: 1.0, percentage: 100.0
Sink 39 SODDISFATTO. Flusso netto: 0.40000000000000036, Demand: 0.4, percentage: 100.00000000000009
Sink 40 SODDISFATTO. Flusso netto: 0.5, Demand: 0.5, percentage: 100.0
Sink 41 SODDISFATTO. Flusso netto: 1.0599999999999996, Demand: 1.06, percentage: 99.99999999999996
Sink 42 SODDISFATTO. Flusso netto: 2.820000000000001, Demand: 2.82, percentage: 100.00000000000004
Sink 45 SODDISFATTO. Flusso netto: 0.6800000000000002, Demand: 0.68, percentage: 100.00000000000003
Sink 46 SODDISFATTO. Flusso netto: 1.17, Demand: 1.17, percentage: 100.0
Sink 49 non è soddisfatto. Flusso netto: 3.8200000000000003, Demand: 7.0, percentage: 54.57142857142857
Flusso totale entrante nei SINK: 88.47
Flusso totale uscente nei SINK: 45.21000000000001
Flusso totale netto nei SINK: 43.25999999999999
Total DEMAND dei SINK: 46.44
Percentual di flusso ai SINK: 0.9315245478036174
Numero di Sink soddisfatti: 24.0, numero totale di sink: 25.0
Percentuale di Sink soddisfatti: 0.96

---------------------------------- DAY 22

Update Fixed Elements from Intrinsic Faults
Source NODO_10 fixed from Intrinsic Fault
Pipeline ARCO_17 fixed due to Source NODO_10 fixing from Intrinsic Fault
Pipeline ARCO_88 fixed due to Source NODO_10 fixing from Intrinsic Fault
Pipeline ARCO_89 fixed due to Source NODO_10 fixing from Intrinsic Fault
Pipeline V_EDGE_53_8 fixed due to Source NODO_10 fixing from Intrinsic Fault
Pipeline ARCO_18 fixed due to Source NODO_10 fixing from Intrinsic Fault
Pipeline ARCO_19 fixed due to Source NODO_10 fixing from Intrinsic Fault
Pipeline ARCO_87 fixed due to Source NODO_10 fixing from Intrinsic Fault
Source NODO_2 fixed from Intrinsic Fault
Pipeline ARCO_70 fixed due to Source NODO_2 fixing from Intrinsic Fault
Pipeline V_EDGE_53_0 fixed due to Source NODO_2 fixing from Intrinsic Fault
Pipeline ARCO_0 fixed due to Source NODO_2 fixing from Intrinsic Fault
Update Fixed Elements from Heavy Faults
Update Fixed Elements from Attack
Propagate Intrinsic Fault
Propagate Heavy Faults
Propagate Attacks
Inject Intrinsic Failure To Source
Source NODO_2 is failing for an Intrinsic Fault in day: 22
pipeline ARCO_70 has reduced capacity due to NODO_2 Intrinsic fault
pipeline V_EDGE_53_0 has reduced capacity due to NODO_2 Intrinsic fault
pipeline ARCO_0 has reduced capacity due to NODO_2 Intrinsic fault
Source NODO_19 is failing for an Intrinsic Fault in day: 22
pipeline ARCO_35 has reduced capacity due to NODO_19 Intrinsic fault
pipeline ARCO_109 has reduced capacity due to NODO_19 Intrinsic fault
pipeline ARCO_110 has reduced capacity due to NODO_19 Intrinsic fault
pipeline V_EDGE_53_17 has reduced capacity due to NODO_19 Intrinsic fault
pipeline ARCO_39 has reduced capacity due to NODO_19 Intrinsic fault
pipeline ARCO_40 has reduced capacity due to NODO_19 Intrinsic fault
pipeline ARCO_105 has reduced capacity due to NODO_19 Intrinsic fault
Source NODO_11 is failing for an Intrinsic Fault in day: 22
pipeline ARCO_3 has reduced capacity due to NODO_11 Intrinsic fault
pipeline ARCO_90 has reduced capacity due to NODO_11 Intrinsic fault
pipeline ARCO_91 has reduced capacity due to NODO_11 Intrinsic fault
pipeline ARCO_92 has reduced capacity due to NODO_11 Intrinsic fault
pipeline V_EDGE_53_9 has reduced capacity due to NODO_11 Intrinsic fault
pipeline ARCO_20 has reduced capacity due to NODO_11 Intrinsic fault
pipeline ARCO_21 has reduced capacity due to NODO_11 Intrinsic fault
pipeline ARCO_22 has reduced capacity due to NODO_11 Intrinsic fault
pipeline ARCO_73 has reduced capacity due to NODO_11 Intrinsic fault
Inject Heavy Fault To Sources
Inject Attack Multiple To Source
Inject Intrinsic Fault To Pipeline
Inject Heavy Fault To Pipeline
Inject Attack To Pipeline
----------- Statistics ------------
	Sources Under Attack: 0
	Sources with Heavy Fault: 0
	Sources with Intrinsic Fault: 3
	Arcs with reduce capacity due to Attack: 0
	Arcs with reduce capacity due to Heavy Fault: 0
	Arcs with reduce capacity due to Intrinsic Fault: 19
	Arcs with Attacks: 0
	Arcs with Heavy Fault: 0
	Arcs with Intrinsic Fault: 0
--------- SOURCES STATISTICS ---------------
Demand del real Source[0]: -31.0, flusso erogato: 10.05, flusso entrante: 0.0, efficienza: 32.41935483870968 %
Demand del real Source[8]: -10.5, flusso erogato: 7.85, flusso entrante: 0.0, efficienza: 74.76190476190476 %
Demand del real Source[9]: -7.1, flusso erogato: 14.729999999999999, flusso entrante: 9.050000000000004, efficienza: 207.46478873239437 %
Demand del real Source[17]: -25.0, flusso erogato: 0.0, flusso entrante: 0.0, efficienza: 0.0 %
Flusso totale entrante nei Real Source: 9.050000000000004
Flusso totale uscente dai Real Source: 32.63
Flusso netto sui real Source: -23.58
--- SINKS STATISTICS ---
Sink 3 SODDISFATTO. Flusso netto: 3.4299999999999997, Demand: 3.43, percentage: 99.99999999999999
Sink 4 SODDISFATTO. Flusso netto: 0.5700000000000003, Demand: 0.57, percentage: 100.00000000000007
Sink 5 SODDISFATTO. Flusso netto: 0.6600000000000001, Demand: 0.66, percentage: 100.00000000000003
Sink 11 SODDISFATTO. Flusso netto: 1.0299999999999978, Demand: 1.03, percentage: 99.99999999999979
Sink 15 SODDISFATTO. Flusso netto: 0.46000000000000263, Demand: 0.46, percentage: 100.00000000000058
Sink 16 non è soddisfatto. Flusso netto: 2.83, Demand: 8.4, percentage: 33.69047619047619
Sink 19 non è soddisfatto. Flusso netto: 0.0, Demand: 0.54, percentage: 0.0
Sink 23 non è soddisfatto. Flusso netto: 0.0, Demand: 0.6, percentage: 0.0
Sink 24 non è soddisfatto. Flusso netto: 0.0, Demand: 0.8, percentage: 0.0
Sink 25 non è soddisfatto. Flusso netto: 0.0, Demand: 3.5, percentage: 0.0
Sink 26 non è soddisfatto. Flusso netto: 0.0, Demand: 6.0, percentage: 0.0
Sink 28 non è soddisfatto. Flusso netto: 0.0, Demand: 0.4, percentage: 0.0
Sink 30 non è soddisfatto. Flusso netto: 0.0, Demand: 0.98, percentage: 0.0
Sink 31 non è soddisfatto. Flusso netto: 0.0, Demand: 0.4, percentage: 0.0
Sink 32 SODDISFATTO. Flusso netto: 1.0000000000000009, Demand: 1.0, percentage: 100.00000000000009
Sink 34 SODDISFATTO. Flusso netto: 1.7400000000000002, Demand: 1.74, percentage: 100.00000000000003
Sink 35 SODDISFATTO. Flusso netto: 1.3, Demand: 1.3, percentage: 100.0
Sink 37 SODDISFATTO. Flusso netto: 1.0, Demand: 1.0, percentage: 100.0
Sink 39 non è soddisfatto. Flusso netto: 0.0, Demand: 0.4, percentage: 0.0
Sink 40 non è soddisfatto. Flusso netto: 0.0, Demand: 0.5, percentage: 0.0
Sink 41 SODDISFATTO. Flusso netto: 1.0600000000000005, Demand: 1.06, percentage: 100.00000000000004
Sink 42 SODDISFATTO. Flusso netto: 2.819999999999999, Demand: 2.82, percentage: 99.99999999999997
Sink 45 SODDISFATTO. Flusso netto: 0.6800000000000002, Demand: 0.68, percentage: 100.00000000000003
Sink 46 SODDISFATTO. Flusso netto: 1.17, Demand: 1.17, percentage: 100.0
Sink 49 non è soddisfatto. Flusso netto: 3.83, Demand: 7.0, percentage: 54.714285714285715
Flusso totale entrante nei SINK: 42.402
Flusso totale uscente nei SINK: 18.822000000000003
Flusso totale netto nei SINK: 23.58
Total DEMAND dei SINK: 46.44
Percentual di flusso ai SINK: 0.5077519379844961
Numero di Sink soddisfatti: 13.0, numero totale di sink: 25.0
Percentuale di Sink soddisfatti: 0.52

---------------------------------- DAY 23

Update Fixed Elements from Intrinsic Faults
Update Fixed Elements from Heavy Faults
Update Fixed Elements from Attack
Propagate Intrinsic Fault
Node NODO_2 has still failing due to Intrinsic Fault
Node NODO_19 has still failing due to Intrinsic Fault
Node NODO_11 has still failing due to Intrinsic Fault
pipeline ARCO_70 still has reduced capacity: 24.8 due to Intrinsic Fault
pipeline V_EDGE_53_0 still has reduced capacity: 24.8 due to Intrinsic Fault
pipeline ARCO_0 still has reduced capacity: 24.8 due to Intrinsic Fault
pipeline ARCO_35 still has reduced capacity: 0.0 due to Intrinsic Fault
pipeline ARCO_109 still has reduced capacity: 0.0 due to Intrinsic Fault
pipeline ARCO_110 still has reduced capacity: 0.0 due to Intrinsic Fault
pipeline V_EDGE_53_17 still has reduced capacity: 0.0 due to Intrinsic Fault
pipeline ARCO_39 still has reduced capacity: 0.0 due to Intrinsic Fault
pipeline ARCO_40 still has reduced capacity: 0.0 due to Intrinsic Fault
pipeline ARCO_105 still has reduced capacity: 0.0 due to Intrinsic Fault
pipeline ARCO_3 still has reduced capacity: 9.688 due to Intrinsic Fault
pipeline ARCO_90 still has reduced capacity: 1.6 due to Intrinsic Fault
pipeline ARCO_91 still has reduced capacity: 9.688 due to Intrinsic Fault
pipeline ARCO_92 still has reduced capacity: 39.328 due to Intrinsic Fault
pipeline V_EDGE_53_9 still has reduced capacity: 5.68 due to Intrinsic Fault
pipeline ARCO_20 still has reduced capacity: 1.6 due to Intrinsic Fault
pipeline ARCO_21 still has reduced capacity: 9.688 due to Intrinsic Fault
pipeline ARCO_22 still has reduced capacity: 39.328 due to Intrinsic Fault
pipeline ARCO_73 still has reduced capacity: 9.688 due to Intrinsic Fault
Propagate Heavy Faults
Propagate Attacks
Inject Intrinsic Failure To Source
Inject Heavy Fault To Sources
Inject Attack Multiple To Source
Inject Intrinsic Fault To Pipeline
Inject Heavy Fault To Pipeline
Inject Attack To Pipeline
----------- Statistics ------------
	Sources Under Attack: 0
	Sources with Heavy Fault: 0
	Sources with Intrinsic Fault: 3
	Arcs with reduce capacity due to Attack: 0
	Arcs with reduce capacity due to Heavy Fault: 0
	Arcs with reduce capacity due to Intrinsic Fault: 19
	Arcs with Attacks: 0
	Arcs with Heavy Fault: 0
	Arcs with Intrinsic Fault: 0
--------- SOURCES STATISTICS ---------------
Demand del real Source[0]: -31.0, flusso erogato: 10.05, flusso entrante: 0.0, efficienza: 32.41935483870968 %
Demand del real Source[8]: -10.5, flusso erogato: 7.85, flusso entrante: 0.0, efficienza: 74.76190476190476 %
Demand del real Source[9]: -7.1, flusso erogato: 14.729999999999999, flusso entrante: 9.050000000000004, efficienza: 207.46478873239437 %
Demand del real Source[17]: -25.0, flusso erogato: 0.0, flusso entrante: 0.0, efficienza: 0.0 %
Flusso totale entrante nei Real Source: 9.050000000000004
Flusso totale uscente dai Real Source: 32.63
Flusso netto sui real Source: -23.58
--- SINKS STATISTICS ---
Sink 3 SODDISFATTO. Flusso netto: 3.4299999999999997, Demand: 3.43, percentage: 99.99999999999999
Sink 4 SODDISFATTO. Flusso netto: 0.5700000000000003, Demand: 0.57, percentage: 100.00000000000007
Sink 5 SODDISFATTO. Flusso netto: 0.6600000000000001, Demand: 0.66, percentage: 100.00000000000003
Sink 11 SODDISFATTO. Flusso netto: 1.0299999999999978, Demand: 1.03, percentage: 99.99999999999979
Sink 15 SODDISFATTO. Flusso netto: 0.46000000000000263, Demand: 0.46, percentage: 100.00000000000058
Sink 16 non è soddisfatto. Flusso netto: 2.83, Demand: 8.4, percentage: 33.69047619047619
Sink 19 non è soddisfatto. Flusso netto: 0.0, Demand: 0.54, percentage: 0.0
Sink 23 non è soddisfatto. Flusso netto: 0.0, Demand: 0.6, percentage: 0.0
Sink 24 non è soddisfatto. Flusso netto: 0.0, Demand: 0.8, percentage: 0.0
Sink 25 non è soddisfatto. Flusso netto: 0.0, Demand: 3.5, percentage: 0.0
Sink 26 non è soddisfatto. Flusso netto: 0.0, Demand: 6.0, percentage: 0.0
Sink 28 non è soddisfatto. Flusso netto: 0.0, Demand: 0.4, percentage: 0.0
Sink 30 non è soddisfatto. Flusso netto: 0.0, Demand: 0.98, percentage: 0.0
Sink 31 non è soddisfatto. Flusso netto: 0.0, Demand: 0.4, percentage: 0.0
Sink 32 SODDISFATTO. Flusso netto: 1.0000000000000009, Demand: 1.0, percentage: 100.00000000000009
Sink 34 SODDISFATTO. Flusso netto: 1.7400000000000002, Demand: 1.74, percentage: 100.00000000000003
Sink 35 SODDISFATTO. Flusso netto: 1.3, Demand: 1.3, percentage: 100.0
Sink 37 SODDISFATTO. Flusso netto: 1.0, Demand: 1.0, percentage: 100.0
Sink 39 non è soddisfatto. Flusso netto: 0.0, Demand: 0.4, percentage: 0.0
Sink 40 non è soddisfatto. Flusso netto: 0.0, Demand: 0.5, percentage: 0.0
Sink 41 SODDISFATTO. Flusso netto: 1.0600000000000005, Demand: 1.06, percentage: 100.00000000000004
Sink 42 SODDISFATTO. Flusso netto: 2.819999999999999, Demand: 2.82, percentage: 99.99999999999997
Sink 45 SODDISFATTO. Flusso netto: 0.6800000000000002, Demand: 0.68, percentage: 100.00000000000003
Sink 46 SODDISFATTO. Flusso netto: 1.17, Demand: 1.17, percentage: 100.0
Sink 49 non è soddisfatto. Flusso netto: 3.83, Demand: 7.0, percentage: 54.714285714285715
Flusso totale entrante nei SINK: 42.402
Flusso totale uscente nei SINK: 18.822000000000003
Flusso totale netto nei SINK: 23.58
Total DEMAND dei SINK: 46.44
Percentual di flusso ai SINK: 0.5077519379844961
Numero di Sink soddisfatti: 13.0, numero totale di sink: 25.0
Percentuale di Sink soddisfatti: 0.52

---------------------------------- DAY 24

Update Fixed Elements from Intrinsic Faults
Update Fixed Elements from Heavy Faults
Update Fixed Elements from Attack
Propagate Intrinsic Fault
Node NODO_2 has still failing due to Intrinsic Fault
Node NODO_19 has still failing due to Intrinsic Fault
Node NODO_11 has still failing due to Intrinsic Fault
pipeline ARCO_70 still has reduced capacity: 24.8 due to Intrinsic Fault
pipeline V_EDGE_53_0 still has reduced capacity: 24.8 due to Intrinsic Fault
pipeline ARCO_0 still has reduced capacity: 24.8 due to Intrinsic Fault
pipeline ARCO_35 still has reduced capacity: 0.0 due to Intrinsic Fault
pipeline ARCO_109 still has reduced capacity: 0.0 due to Intrinsic Fault
pipeline ARCO_110 still has reduced capacity: 0.0 due to Intrinsic Fault
pipeline V_EDGE_53_17 still has reduced capacity: 0.0 due to Intrinsic Fault
pipeline ARCO_39 still has reduced capacity: 0.0 due to Intrinsic Fault
pipeline ARCO_40 still has reduced capacity: 0.0 due to Intrinsic Fault
pipeline ARCO_105 still has reduced capacity: 0.0 due to Intrinsic Fault
pipeline ARCO_3 still has reduced capacity: 9.688 due to Intrinsic Fault
pipeline ARCO_90 still has reduced capacity: 1.6 due to Intrinsic Fault
pipeline ARCO_91 still has reduced capacity: 9.688 due to Intrinsic Fault
pipeline ARCO_92 still has reduced capacity: 39.328 due to Intrinsic Fault
pipeline V_EDGE_53_9 still has reduced capacity: 5.68 due to Intrinsic Fault
pipeline ARCO_20 still has reduced capacity: 1.6 due to Intrinsic Fault
pipeline ARCO_21 still has reduced capacity: 9.688 due to Intrinsic Fault
pipeline ARCO_22 still has reduced capacity: 39.328 due to Intrinsic Fault
pipeline ARCO_73 still has reduced capacity: 9.688 due to Intrinsic Fault
Propagate Heavy Faults
Propagate Attacks
Inject Intrinsic Failure To Source
Inject Heavy Fault To Sources
Inject Attack Multiple To Source
Inject Intrinsic Fault To Pipeline
Inject Heavy Fault To Pipeline
Inject Attack To Pipeline
----------- Statistics ------------
	Sources Under Attack: 0
	Sources with Heavy Fault: 0
	Sources with Intrinsic Fault: 3
	Arcs with reduce capacity due to Attack: 0
	Arcs with reduce capacity due to Heavy Fault: 0
	Arcs with reduce capacity due to Intrinsic Fault: 19
	Arcs with Attacks: 0
	Arcs with Heavy Fault: 0
	Arcs with Intrinsic Fault: 0
--------- SOURCES STATISTICS ---------------
Demand del real Source[0]: -31.0, flusso erogato: 10.05, flusso entrante: 0.0, efficienza: 32.41935483870968 %
Demand del real Source[8]: -10.5, flusso erogato: 7.85, flusso entrante: 0.0, efficienza: 74.76190476190476 %
Demand del real Source[9]: -7.1, flusso erogato: 14.729999999999999, flusso entrante: 9.050000000000004, efficienza: 207.46478873239437 %
Demand del real Source[17]: -25.0, flusso erogato: 0.0, flusso entrante: 0.0, efficienza: 0.0 %
Flusso totale entrante nei Real Source: 9.050000000000004
Flusso totale uscente dai Real Source: 32.63
Flusso netto sui real Source: -23.58
--- SINKS STATISTICS ---
Sink 3 SODDISFATTO. Flusso netto: 3.4299999999999997, Demand: 3.43, percentage: 99.99999999999999
Sink 4 SODDISFATTO. Flusso netto: 0.5700000000000003, Demand: 0.57, percentage: 100.00000000000007
Sink 5 SODDISFATTO. Flusso netto: 0.6600000000000001, Demand: 0.66, percentage: 100.00000000000003
Sink 11 SODDISFATTO. Flusso netto: 1.0299999999999978, Demand: 1.03, percentage: 99.99999999999979
Sink 15 SODDISFATTO. Flusso netto: 0.46000000000000263, Demand: 0.46, percentage: 100.00000000000058
Sink 16 non è soddisfatto. Flusso netto: 2.83, Demand: 8.4, percentage: 33.69047619047619
Sink 19 non è soddisfatto. Flusso netto: 0.0, Demand: 0.54, percentage: 0.0
Sink 23 non è soddisfatto. Flusso netto: 0.0, Demand: 0.6, percentage: 0.0
Sink 24 non è soddisfatto. Flusso netto: 0.0, Demand: 0.8, percentage: 0.0
Sink 25 non è soddisfatto. Flusso netto: 0.0, Demand: 3.5, percentage: 0.0
Sink 26 non è soddisfatto. Flusso netto: 0.0, Demand: 6.0, percentage: 0.0
Sink 28 non è soddisfatto. Flusso netto: 0.0, Demand: 0.4, percentage: 0.0
Sink 30 non è soddisfatto. Flusso netto: 0.0, Demand: 0.98, percentage: 0.0
Sink 31 non è soddisfatto. Flusso netto: 0.0, Demand: 0.4, percentage: 0.0
Sink 32 SODDISFATTO. Flusso netto: 1.0000000000000009, Demand: 1.0, percentage: 100.00000000000009
Sink 34 SODDISFATTO. Flusso netto: 1.7400000000000002, Demand: 1.74, percentage: 100.00000000000003
Sink 35 SODDISFATTO. Flusso netto: 1.3, Demand: 1.3, percentage: 100.0
Sink 37 SODDISFATTO. Flusso netto: 1.0, Demand: 1.0, percentage: 100.0
Sink 39 non è soddisfatto. Flusso netto: 0.0, Demand: 0.4, percentage: 0.0
Sink 40 non è soddisfatto. Flusso netto: 0.0, Demand: 0.5, percentage: 0.0
Sink 41 SODDISFATTO. Flusso netto: 1.0600000000000005, Demand: 1.06, percentage: 100.00000000000004
Sink 42 SODDISFATTO. Flusso netto: 2.819999999999999, Demand: 2.82, percentage: 99.99999999999997
Sink 45 SODDISFATTO. Flusso netto: 0.6800000000000002, Demand: 0.68, percentage: 100.00000000000003
Sink 46 SODDISFATTO. Flusso netto: 1.17, Demand: 1.17, percentage: 100.0
Sink 49 non è soddisfatto. Flusso netto: 3.83, Demand: 7.0, percentage: 54.714285714285715
Flusso totale entrante nei SINK: 42.402
Flusso totale uscente nei SINK: 18.822000000000003
Flusso totale netto nei SINK: 23.58
Total DEMAND dei SINK: 46.44
Percentual di flusso ai SINK: 0.5077519379844961
Numero di Sink soddisfatti: 13.0, numero totale di sink: 25.0
Percentuale di Sink soddisfatti: 0.52

---------------------------------- DAY 25

Update Fixed Elements from Intrinsic Faults
Source NODO_2 fixed from Intrinsic Fault
Pipeline ARCO_70 fixed due to Source NODO_2 fixing from Intrinsic Fault
Pipeline V_EDGE_53_0 fixed due to Source NODO_2 fixing from Intrinsic Fault
Pipeline ARCO_0 fixed due to Source NODO_2 fixing from Intrinsic Fault
Source NODO_11 fixed from Intrinsic Fault
Pipeline ARCO_3 fixed due to Source NODO_11 fixing from Intrinsic Fault
Pipeline ARCO_90 fixed due to Source NODO_11 fixing from Intrinsic Fault
Pipeline ARCO_91 fixed due to Source NODO_11 fixing from Intrinsic Fault
Pipeline ARCO_92 fixed due to Source NODO_11 fixing from Intrinsic Fault
Pipeline V_EDGE_53_9 fixed due to Source NODO_11 fixing from Intrinsic Fault
Pipeline ARCO_20 fixed due to Source NODO_11 fixing from Intrinsic Fault
Pipeline ARCO_21 fixed due to Source NODO_11 fixing from Intrinsic Fault
Pipeline ARCO_22 fixed due to Source NODO_11 fixing from Intrinsic Fault
Pipeline ARCO_73 fixed due to Source NODO_11 fixing from Intrinsic Fault
Update Fixed Elements from Heavy Faults
Update Fixed Elements from Attack
Propagate Intrinsic Fault
Node NODO_19 has still failing due to Intrinsic Fault
pipeline ARCO_35 still has reduced capacity: 0.0 due to Intrinsic Fault
pipeline ARCO_109 still has reduced capacity: 0.0 due to Intrinsic Fault
pipeline ARCO_110 still has reduced capacity: 0.0 due to Intrinsic Fault
pipeline V_EDGE_53_17 still has reduced capacity: 0.0 due to Intrinsic Fault
pipeline ARCO_39 still has reduced capacity: 0.0 due to Intrinsic Fault
pipeline ARCO_40 still has reduced capacity: 0.0 due to Intrinsic Fault
pipeline ARCO_105 still has reduced capacity: 0.0 due to Intrinsic Fault
Propagate Heavy Faults
Propagate Attacks
Inject Intrinsic Failure To Source
Source NODO_10 is failing for an Intrinsic Fault in day: 25
pipeline ARCO_17 has reduced capacity due to NODO_10 Intrinsic fault
pipeline ARCO_88 has reduced capacity due to NODO_10 Intrinsic fault
pipeline ARCO_89 has reduced capacity due to NODO_10 Intrinsic fault
pipeline V_EDGE_53_8 has reduced capacity due to NODO_10 Intrinsic fault
pipeline ARCO_18 has reduced capacity due to NODO_10 Intrinsic fault
pipeline ARCO_19 has reduced capacity due to NODO_10 Intrinsic fault
pipeline ARCO_87 has reduced capacity due to NODO_10 Intrinsic fault
Inject Heavy Fault To Sources
Inject Attack Multiple To Source
Inject Intrinsic Fault To Pipeline
Inject Heavy Fault To Pipeline
Inject Attack To Pipeline
----------- Statistics ------------
	Sources Under Attack: 0
	Sources with Heavy Fault: 0
	Sources with Intrinsic Fault: 2
	Arcs with reduce capacity due to Attack: 0
	Arcs with reduce capacity due to Heavy Fault: 0
	Arcs with reduce capacity due to Intrinsic Fault: 14
	Arcs with Attacks: 0
	Arcs with Heavy Fault: 0
	Arcs with Intrinsic Fault: 0
--------- SOURCES STATISTICS ---------------
Demand del real Source[0]: -31.0, flusso erogato: 16.470000000000002, flusso entrante: 0.0, efficienza: 53.12903225806453 %
Demand del real Source[8]: -10.5, flusso erogato: 0.0, flusso entrante: 0.0, efficienza: 0.0 %
Demand del real Source[9]: -7.1, flusso erogato: 22.57, flusso entrante: 15.469999999999999, efficienza: 317.88732394366195 %
Demand del real Source[17]: -25.0, flusso erogato: 0.0, flusso entrante: 0.0, efficienza: 0.0 %
Flusso totale entrante nei Real Source: 15.469999999999999
Flusso totale uscente dai Real Source: 39.040000000000006
Flusso netto sui real Source: -23.570000000000007
--- SINKS STATISTICS ---
Sink 3 SODDISFATTO. Flusso netto: 3.429999999999999, Demand: 3.43, percentage: 99.99999999999997
Sink 4 SODDISFATTO. Flusso netto: 0.5700000000000003, Demand: 0.57, percentage: 100.00000000000007
Sink 5 SODDISFATTO. Flusso netto: 0.6599999999999993, Demand: 0.66, percentage: 99.99999999999987
Sink 11 SODDISFATTO. Flusso netto: 1.0300000000000011, Demand: 1.03, percentage: 100.00000000000011
Sink 15 SODDISFATTO. Flusso netto: 0.4599999999999991, Demand: 0.46, percentage: 99.9999999999998
Sink 16 non è soddisfatto. Flusso netto: 2.83, Demand: 8.4, percentage: 33.69047619047619
Sink 19 non è soddisfatto. Flusso netto: 0.0, Demand: 0.54, percentage: 0.0
Sink 23 non è soddisfatto. Flusso netto: 0.0, Demand: 0.6, percentage: 0.0
Sink 24 non è soddisfatto. Flusso netto: 0.0, Demand: 0.8, percentage: 0.0
Sink 25 non è soddisfatto. Flusso netto: 0.0, Demand: 3.5, percentage: 0.0
Sink 26 non è soddisfatto. Flusso netto: 0.0, Demand: 6.0, percentage: 0.0
Sink 28 non è soddisfatto. Flusso netto: 0.0, Demand: 0.4, percentage: 0.0
Sink 30 non è soddisfatto. Flusso netto: 0.0, Demand: 0.98, percentage: 0.0
Sink 31 non è soddisfatto. Flusso netto: 0.0, Demand: 0.4, percentage: 0.0
Sink 32 SODDISFATTO. Flusso netto: 1.0000000000000009, Demand: 1.0, percentage: 100.00000000000009
Sink 34 SODDISFATTO. Flusso netto: 1.7400000000000002, Demand: 1.74, percentage: 100.00000000000003
Sink 35 SODDISFATTO. Flusso netto: 1.3, Demand: 1.3, percentage: 100.0
Sink 37 SODDISFATTO. Flusso netto: 1.0, Demand: 1.0, percentage: 100.0
Sink 39 non è soddisfatto. Flusso netto: 0.0, Demand: 0.4, percentage: 0.0
Sink 40 non è soddisfatto. Flusso netto: 0.0, Demand: 0.5, percentage: 0.0
Sink 41 SODDISFATTO. Flusso netto: 1.0600000000000005, Demand: 1.06, percentage: 100.00000000000004
Sink 42 SODDISFATTO. Flusso netto: 2.820000000000001, Demand: 2.82, percentage: 100.00000000000004
Sink 45 SODDISFATTO. Flusso netto: 0.6800000000000002, Demand: 0.68, percentage: 100.00000000000003
Sink 46 SODDISFATTO. Flusso netto: 1.17, Demand: 1.17, percentage: 100.0
Sink 49 non è soddisfatto. Flusso netto: 3.8200000000000003, Demand: 7.0, percentage: 54.57142857142857
Flusso totale entrante nei SINK: 49.58000000000001
Flusso totale uscente nei SINK: 26.01
Flusso totale netto nei SINK: 23.57000000000001
Total DEMAND dei SINK: 46.44
Percentual di flusso ai SINK: 0.5075366063738159
Numero di Sink soddisfatti: 13.0, numero totale di sink: 25.0
Percentuale di Sink soddisfatti: 0.52

---------------------------------- DAY 26

Update Fixed Elements from Intrinsic Faults
Source NODO_19 fixed from Intrinsic Fault
Pipeline ARCO_35 fixed due to Source NODO_19 fixing from Intrinsic Fault
Pipeline ARCO_109 fixed due to Source NODO_19 fixing from Intrinsic Fault
Pipeline ARCO_110 fixed due to Source NODO_19 fixing from Intrinsic Fault
Pipeline V_EDGE_53_17 fixed due to Source NODO_19 fixing from Intrinsic Fault
Pipeline ARCO_39 fixed due to Source NODO_19 fixing from Intrinsic Fault
Pipeline ARCO_40 fixed due to Source NODO_19 fixing from Intrinsic Fault
Pipeline ARCO_105 fixed due to Source NODO_19 fixing from Intrinsic Fault
Update Fixed Elements from Heavy Faults
Update Fixed Elements from Attack
Propagate Intrinsic Fault
Node NODO_10 has still failing due to Intrinsic Fault
pipeline ARCO_17 still has reduced capacity: 0.0 due to Intrinsic Fault
pipeline ARCO_88 still has reduced capacity: 0.0 due to Intrinsic Fault
pipeline ARCO_89 still has reduced capacity: 0.0 due to Intrinsic Fault
pipeline V_EDGE_53_8 still has reduced capacity: 0.0 due to Intrinsic Fault
pipeline ARCO_18 still has reduced capacity: 0.0 due to Intrinsic Fault
pipeline ARCO_19 still has reduced capacity: 0.0 due to Intrinsic Fault
pipeline ARCO_87 still has reduced capacity: 0.0 due to Intrinsic Fault
Propagate Heavy Faults
Propagate Attacks
Inject Intrinsic Failure To Source
Inject Heavy Fault To Sources
Inject Attack Multiple To Source
Inject Intrinsic Fault To Pipeline
Inject Heavy Fault To Pipeline
Inject Attack To Pipeline
----------- Statistics ------------
	Sources Under Attack: 0
	Sources with Heavy Fault: 0
	Sources with Intrinsic Fault: 1
	Arcs with reduce capacity due to Attack: 0
	Arcs with reduce capacity due to Heavy Fault: 0
	Arcs with reduce capacity due to Intrinsic Fault: 7
	Arcs with Attacks: 0
	Arcs with Heavy Fault: 0
	Arcs with Intrinsic Fault: 0
--------- SOURCES STATISTICS ---------------
Demand del real Source[0]: -31.0, flusso erogato: 11.159999999999997, flusso entrante: 0.0, efficienza: 35.999999999999986 %
Demand del real Source[8]: -10.5, flusso erogato: 0.0, flusso entrante: 0.0, efficienza: 0.0 %
Demand del real Source[9]: -7.1, flusso erogato: 17.259999999999998, flusso entrante: 10.159999999999997, efficienza: 243.09859154929575 %
Demand del real Source[17]: -25.0, flusso erogato: 25.000000000000007, flusso entrante: 0.0, efficienza: 100.00000000000003 %
Flusso totale entrante nei Real Source: 10.159999999999997
Flusso totale uscente dai Real Source: 53.42
Flusso netto sui real Source: -43.260000000000005
--- SINKS STATISTICS ---
Sink 3 SODDISFATTO. Flusso netto: 3.429999999999999, Demand: 3.43, percentage: 99.99999999999997
Sink 4 SODDISFATTO. Flusso netto: 0.5700000000000003, Demand: 0.57, percentage: 100.00000000000007
Sink 5 SODDISFATTO. Flusso netto: 0.6599999999999993, Demand: 0.66, percentage: 99.99999999999987
Sink 11 SODDISFATTO. Flusso netto: 1.0300000000000011, Demand: 1.03, percentage: 100.00000000000011
Sink 15 SODDISFATTO. Flusso netto: 0.4600000000000044, Demand: 0.46, percentage: 100.00000000000095
Sink 16 SODDISFATTO. Flusso netto: 8.399999999999993, Demand: 8.4, percentage: 99.99999999999991
Sink 19 SODDISFATTO. Flusso netto: 0.5399999999999938, Demand: 0.54, percentage: 99.99999999999885
Sink 23 SODDISFATTO. Flusso netto: 0.5999999999999996, Demand: 0.6, percentage: 99.99999999999994
Sink 24 SODDISFATTO. Flusso netto: 0.8000000000000007, Demand: 0.8, percentage: 100.00000000000009
Sink 25 SODDISFATTO. Flusso netto: 3.5, Demand: 3.5, percentage: 100.0
Sink 26 SODDISFATTO. Flusso netto: 6.000000000000007, Demand: 6.0, percentage: 100.00000000000011
Sink 28 SODDISFATTO. Flusso netto: 0.4, Demand: 0.4, percentage: 100.0
Sink 30 SODDISFATTO. Flusso netto: 0.9799999999999933, Demand: 0.98, percentage: 99.99999999999932
Sink 31 SODDISFATTO. Flusso netto: 0.3999999999999999, Demand: 0.4, percentage: 99.99999999999997
Sink 32 SODDISFATTO. Flusso netto: 0.9999999999999989, Demand: 1.0, percentage: 99.99999999999989
Sink 34 SODDISFATTO. Flusso netto: 1.7400000000000002, Demand: 1.74, percentage: 100.00000000000003
Sink 35 SODDISFATTO. Flusso netto: 1.3, Demand: 1.3, percentage: 100.0
Sink 37 SODDISFATTO. Flusso netto: 1.0, Demand: 1.0, percentage: 100.0
Sink 39 SODDISFATTO. Flusso netto: 0.40000000000000036, Demand: 0.4, percentage: 100.00000000000009
Sink 40 SODDISFATTO. Flusso netto: 0.5, Demand: 0.5, percentage: 100.0
Sink 41 SODDISFATTO. Flusso netto: 1.0599999999999996, Demand: 1.06, percentage: 99.99999999999996
Sink 42 SODDISFATTO. Flusso netto: 2.820000000000001, Demand: 2.82, percentage: 100.00000000000004
Sink 45 SODDISFATTO. Flusso netto: 0.6800000000000002, Demand: 0.68, percentage: 100.00000000000003
Sink 46 SODDISFATTO. Flusso netto: 1.17, Demand: 1.17, percentage: 100.0
Sink 49 non è soddisfatto. Flusso netto: 3.8200000000000003, Demand: 7.0, percentage: 54.57142857142857
Flusso totale entrante nei SINK: 88.47
Flusso totale uscente nei SINK: 45.21000000000001
Flusso totale netto nei SINK: 43.25999999999999
Total DEMAND dei SINK: 46.44
Percentual di flusso ai SINK: 0.9315245478036174
Numero di Sink soddisfatti: 24.0, numero totale di sink: 25.0
Percentuale di Sink soddisfatti: 0.96

---------------------------------- DAY 27

Update Fixed Elements from Intrinsic Faults
Update Fixed Elements from Heavy Faults
Update Fixed Elements from Attack
Propagate Intrinsic Fault
Node NODO_10 has still failing due to Intrinsic Fault
pipeline ARCO_17 still has reduced capacity: 0.0 due to Intrinsic Fault
pipeline ARCO_88 still has reduced capacity: 0.0 due to Intrinsic Fault
pipeline ARCO_89 still has reduced capacity: 0.0 due to Intrinsic Fault
pipeline V_EDGE_53_8 still has reduced capacity: 0.0 due to Intrinsic Fault
pipeline ARCO_18 still has reduced capacity: 0.0 due to Intrinsic Fault
pipeline ARCO_19 still has reduced capacity: 0.0 due to Intrinsic Fault
pipeline ARCO_87 still has reduced capacity: 0.0 due to Intrinsic Fault
Propagate Heavy Faults
Propagate Attacks
Inject Intrinsic Failure To Source
Source NODO_2 is failing for an Intrinsic Fault in day: 27
pipeline ARCO_70 has reduced capacity due to NODO_2 Intrinsic fault
pipeline V_EDGE_53_0 has reduced capacity due to NODO_2 Intrinsic fault
pipeline ARCO_0 has reduced capacity due to NODO_2 Intrinsic fault
Inject Heavy Fault To Sources
Inject Attack Multiple To Source
Inject Intrinsic Fault To Pipeline
Inject Heavy Fault To Pipeline
Inject Attack To Pipeline
----------- Statistics ------------
	Sources Under Attack: 0
	Sources with Heavy Fault: 0
	Sources with Intrinsic Fault: 2
	Arcs with reduce capacity due to Attack: 0
	Arcs with reduce capacity due to Heavy Fault: 0
	Arcs with reduce capacity due to Intrinsic Fault: 10
	Arcs with Attacks: 0
	Arcs with Heavy Fault: 0
	Arcs with Intrinsic Fault: 0
--------- SOURCES STATISTICS ---------------
Demand del real Source[0]: -31.0, flusso erogato: 11.159999999999997, flusso entrante: 0.0, efficienza: 35.999999999999986 %
Demand del real Source[8]: -10.5, flusso erogato: 0.0, flusso entrante: 0.0, efficienza: 0.0 %
Demand del real Source[9]: -7.1, flusso erogato: 17.259999999999998, flusso entrante: 10.159999999999997, efficienza: 243.09859154929575 %
Demand del real Source[17]: -25.0, flusso erogato: 25.000000000000007, flusso entrante: 0.0, efficienza: 100.00000000000003 %
Flusso totale entrante nei Real Source: 10.159999999999997
Flusso totale uscente dai Real Source: 53.42
Flusso netto sui real Source: -43.260000000000005
--- SINKS STATISTICS ---
Sink 3 SODDISFATTO. Flusso netto: 3.429999999999999, Demand: 3.43, percentage: 99.99999999999997
Sink 4 SODDISFATTO. Flusso netto: 0.5700000000000003, Demand: 0.57, percentage: 100.00000000000007
Sink 5 SODDISFATTO. Flusso netto: 0.6599999999999993, Demand: 0.66, percentage: 99.99999999999987
Sink 11 SODDISFATTO. Flusso netto: 1.0300000000000011, Demand: 1.03, percentage: 100.00000000000011
Sink 15 SODDISFATTO. Flusso netto: 0.4600000000000044, Demand: 0.46, percentage: 100.00000000000095
Sink 16 SODDISFATTO. Flusso netto: 8.399999999999993, Demand: 8.4, percentage: 99.99999999999991
Sink 19 SODDISFATTO. Flusso netto: 0.5399999999999938, Demand: 0.54, percentage: 99.99999999999885
Sink 23 SODDISFATTO. Flusso netto: 0.5999999999999996, Demand: 0.6, percentage: 99.99999999999994
Sink 24 SODDISFATTO. Flusso netto: 0.8000000000000007, Demand: 0.8, percentage: 100.00000000000009
Sink 25 SODDISFATTO. Flusso netto: 3.5, Demand: 3.5, percentage: 100.0
Sink 26 SODDISFATTO. Flusso netto: 6.000000000000007, Demand: 6.0, percentage: 100.00000000000011
Sink 28 SODDISFATTO. Flusso netto: 0.4, Demand: 0.4, percentage: 100.0
Sink 30 SODDISFATTO. Flusso netto: 0.9799999999999933, Demand: 0.98, percentage: 99.99999999999932
Sink 31 SODDISFATTO. Flusso netto: 0.3999999999999999, Demand: 0.4, percentage: 99.99999999999997
Sink 32 SODDISFATTO. Flusso netto: 0.9999999999999989, Demand: 1.0, percentage: 99.99999999999989
Sink 34 SODDISFATTO. Flusso netto: 1.7400000000000002, Demand: 1.74, percentage: 100.00000000000003
Sink 35 SODDISFATTO. Flusso netto: 1.3, Demand: 1.3, percentage: 100.0
Sink 37 SODDISFATTO. Flusso netto: 1.0, Demand: 1.0, percentage: 100.0
Sink 39 SODDISFATTO. Flusso netto: 0.40000000000000036, Demand: 0.4, percentage: 100.00000000000009
Sink 40 SODDISFATTO. Flusso netto: 0.5, Demand: 0.5, percentage: 100.0
Sink 41 SODDISFATTO. Flusso netto: 1.0599999999999996, Demand: 1.06, percentage: 99.99999999999996
Sink 42 SODDISFATTO. Flusso netto: 2.820000000000001, Demand: 2.82, percentage: 100.00000000000004
Sink 45 SODDISFATTO. Flusso netto: 0.6800000000000002, Demand: 0.68, percentage: 100.00000000000003
Sink 46 SODDISFATTO. Flusso netto: 1.17, Demand: 1.17, percentage: 100.0
Sink 49 non è soddisfatto. Flusso netto: 3.8200000000000003, Demand: 7.0, percentage: 54.57142857142857
Flusso totale entrante nei SINK: 88.47
Flusso totale uscente nei SINK: 45.21000000000001
Flusso totale netto nei SINK: 43.25999999999999
Total DEMAND dei SINK: 46.44
Percentual di flusso ai SINK: 0.9315245478036174
Numero di Sink soddisfatti: 24.0, numero totale di sink: 25.0
Percentuale di Sink soddisfatti: 0.96

---------------------------------- DAY 28

Update Fixed Elements from Intrinsic Faults
Update Fixed Elements from Heavy Faults
Update Fixed Elements from Attack
Propagate Intrinsic Fault
Node NODO_10 has still failing due to Intrinsic Fault
Node NODO_2 has still failing due to Intrinsic Fault
pipeline ARCO_17 still has reduced capacity: 0.0 due to Intrinsic Fault
pipeline ARCO_88 still has reduced capacity: 0.0 due to Intrinsic Fault
pipeline ARCO_89 still has reduced capacity: 0.0 due to Intrinsic Fault
pipeline V_EDGE_53_8 still has reduced capacity: 0.0 due to Intrinsic Fault
pipeline ARCO_18 still has reduced capacity: 0.0 due to Intrinsic Fault
pipeline ARCO_19 still has reduced capacity: 0.0 due to Intrinsic Fault
pipeline ARCO_87 still has reduced capacity: 0.0 due to Intrinsic Fault
pipeline ARCO_70 still has reduced capacity: 24.8 due to Intrinsic Fault
pipeline V_EDGE_53_0 still has reduced capacity: 24.8 due to Intrinsic Fault
pipeline ARCO_0 still has reduced capacity: 24.8 due to Intrinsic Fault
Propagate Heavy Faults
Propagate Attacks
Inject Intrinsic Failure To Source
Inject Heavy Fault To Sources
Inject Attack Multiple To Source
Inject Intrinsic Fault To Pipeline
Inject Heavy Fault To Pipeline
Inject Attack To Pipeline
----------- Statistics ------------
	Sources Under Attack: 0
	Sources with Heavy Fault: 0
	Sources with Intrinsic Fault: 2
	Arcs with reduce capacity due to Attack: 0
	Arcs with reduce capacity due to Heavy Fault: 0
	Arcs with reduce capacity due to Intrinsic Fault: 10
	Arcs with Attacks: 0
	Arcs with Heavy Fault: 0
	Arcs with Intrinsic Fault: 0
--------- SOURCES STATISTICS ---------------
Demand del real Source[0]: -31.0, flusso erogato: 11.159999999999997, flusso entrante: 0.0, efficienza: 35.999999999999986 %
Demand del real Source[8]: -10.5, flusso erogato: 0.0, flusso entrante: 0.0, efficienza: 0.0 %
Demand del real Source[9]: -7.1, flusso erogato: 17.259999999999998, flusso entrante: 10.159999999999997, efficienza: 243.09859154929575 %
Demand del real Source[17]: -25.0, flusso erogato: 25.000000000000007, flusso entrante: 0.0, efficienza: 100.00000000000003 %
Flusso totale entrante nei Real Source: 10.159999999999997
Flusso totale uscente dai Real Source: 53.42
Flusso netto sui real Source: -43.260000000000005
--- SINKS STATISTICS ---
Sink 3 SODDISFATTO. Flusso netto: 3.429999999999999, Demand: 3.43, percentage: 99.99999999999997
Sink 4 SODDISFATTO. Flusso netto: 0.5700000000000003, Demand: 0.57, percentage: 100.00000000000007
Sink 5 SODDISFATTO. Flusso netto: 0.6599999999999993, Demand: 0.66, percentage: 99.99999999999987
Sink 11 SODDISFATTO. Flusso netto: 1.0300000000000011, Demand: 1.03, percentage: 100.00000000000011
Sink 15 SODDISFATTO. Flusso netto: 0.4600000000000044, Demand: 0.46, percentage: 100.00000000000095
Sink 16 SODDISFATTO. Flusso netto: 8.399999999999993, Demand: 8.4, percentage: 99.99999999999991
Sink 19 SODDISFATTO. Flusso netto: 0.5399999999999938, Demand: 0.54, percentage: 99.99999999999885
Sink 23 SODDISFATTO. Flusso netto: 0.5999999999999996, Demand: 0.6, percentage: 99.99999999999994
Sink 24 SODDISFATTO. Flusso netto: 0.8000000000000007, Demand: 0.8, percentage: 100.00000000000009
Sink 25 SODDISFATTO. Flusso netto: 3.5, Demand: 3.5, percentage: 100.0
Sink 26 SODDISFATTO. Flusso netto: 6.000000000000007, Demand: 6.0, percentage: 100.00000000000011
Sink 28 SODDISFATTO. Flusso netto: 0.4, Demand: 0.4, percentage: 100.0
Sink 30 SODDISFATTO. Flusso netto: 0.9799999999999933, Demand: 0.98, percentage: 99.99999999999932
Sink 31 SODDISFATTO. Flusso netto: 0.3999999999999999, Demand: 0.4, percentage: 99.99999999999997
Sink 32 SODDISFATTO. Flusso netto: 0.9999999999999989, Demand: 1.0, percentage: 99.99999999999989
Sink 34 SODDISFATTO. Flusso netto: 1.7400000000000002, Demand: 1.74, percentage: 100.00000000000003
Sink 35 SODDISFATTO. Flusso netto: 1.3, Demand: 1.3, percentage: 100.0
Sink 37 SODDISFATTO. Flusso netto: 1.0, Demand: 1.0, percentage: 100.0
Sink 39 SODDISFATTO. Flusso netto: 0.40000000000000036, Demand: 0.4, percentage: 100.00000000000009
Sink 40 SODDISFATTO. Flusso netto: 0.5, Demand: 0.5, percentage: 100.0
Sink 41 SODDISFATTO. Flusso netto: 1.0599999999999996, Demand: 1.06, percentage: 99.99999999999996
Sink 42 SODDISFATTO. Flusso netto: 2.820000000000001, Demand: 2.82, percentage: 100.00000000000004
Sink 45 SODDISFATTO. Flusso netto: 0.6800000000000002, Demand: 0.68, percentage: 100.00000000000003
Sink 46 SODDISFATTO. Flusso netto: 1.17, Demand: 1.17, percentage: 100.0
Sink 49 non è soddisfatto. Flusso netto: 3.8200000000000003, Demand: 7.0, percentage: 54.57142857142857
Flusso totale entrante nei SINK: 88.47
Flusso totale uscente nei SINK: 45.21000000000001
Flusso totale netto nei SINK: 43.25999999999999
Total DEMAND dei SINK: 46.44
Percentual di flusso ai SINK: 0.9315245478036174
Numero di Sink soddisfatti: 24.0, numero totale di sink: 25.0
Percentuale di Sink soddisfatti: 0.96

---------------------------------- DAY 29

Update Fixed Elements from Intrinsic Faults
Update Fixed Elements from Heavy Faults
Update Fixed Elements from Attack
Propagate Intrinsic Fault
Node NODO_10 has still failing due to Intrinsic Fault
Node NODO_2 has still failing due to Intrinsic Fault
pipeline ARCO_17 still has reduced capacity: 0.0 due to Intrinsic Fault
pipeline ARCO_88 still has reduced capacity: 0.0 due to Intrinsic Fault
pipeline ARCO_89 still has reduced capacity: 0.0 due to Intrinsic Fault
pipeline V_EDGE_53_8 still has reduced capacity: 0.0 due to Intrinsic Fault
pipeline ARCO_18 still has reduced capacity: 0.0 due to Intrinsic Fault
pipeline ARCO_19 still has reduced capacity: 0.0 due to Intrinsic Fault
pipeline ARCO_87 still has reduced capacity: 0.0 due to Intrinsic Fault
pipeline ARCO_70 still has reduced capacity: 24.8 due to Intrinsic Fault
pipeline V_EDGE_53_0 still has reduced capacity: 24.8 due to Intrinsic Fault
pipeline ARCO_0 still has reduced capacity: 24.8 due to Intrinsic Fault
Propagate Heavy Faults
Propagate Attacks
Inject Intrinsic Failure To Source
Inject Heavy Fault To Sources
Inject Attack Multiple To Source
Inject Intrinsic Fault To Pipeline
Inject Heavy Fault To Pipeline
Inject Attack To Pipeline
----------- Statistics ------------
	Sources Under Attack: 0
	Sources with Heavy Fault: 0
	Sources with Intrinsic Fault: 2
	Arcs with reduce capacity due to Attack: 0
	Arcs with reduce capacity due to Heavy Fault: 0
	Arcs with reduce capacity due to Intrinsic Fault: 10
	Arcs with Attacks: 0
	Arcs with Heavy Fault: 0
	Arcs with Intrinsic Fault: 0
--------- SOURCES STATISTICS ---------------
Demand del real Source[0]: -31.0, flusso erogato: 11.159999999999997, flusso entrante: 0.0, efficienza: 35.999999999999986 %
Demand del real Source[8]: -10.5, flusso erogato: 0.0, flusso entrante: 0.0, efficienza: 0.0 %
Demand del real Source[9]: -7.1, flusso erogato: 17.259999999999998, flusso entrante: 10.159999999999997, efficienza: 243.09859154929575 %
Demand del real Source[17]: -25.0, flusso erogato: 25.000000000000007, flusso entrante: 0.0, efficienza: 100.00000000000003 %
Flusso totale entrante nei Real Source: 10.159999999999997
Flusso totale uscente dai Real Source: 53.42
Flusso netto sui real Source: -43.260000000000005
--- SINKS STATISTICS ---
Sink 3 SODDISFATTO. Flusso netto: 3.429999999999999, Demand: 3.43, percentage: 99.99999999999997
Sink 4 SODDISFATTO. Flusso netto: 0.5700000000000003, Demand: 0.57, percentage: 100.00000000000007
Sink 5 SODDISFATTO. Flusso netto: 0.6599999999999993, Demand: 0.66, percentage: 99.99999999999987
Sink 11 SODDISFATTO. Flusso netto: 1.0300000000000011, Demand: 1.03, percentage: 100.00000000000011
Sink 15 SODDISFATTO. Flusso netto: 0.4600000000000044, Demand: 0.46, percentage: 100.00000000000095
Sink 16 SODDISFATTO. Flusso netto: 8.399999999999993, Demand: 8.4, percentage: 99.99999999999991
Sink 19 SODDISFATTO. Flusso netto: 0.5399999999999938, Demand: 0.54, percentage: 99.99999999999885
Sink 23 SODDISFATTO. Flusso netto: 0.5999999999999996, Demand: 0.6, percentage: 99.99999999999994
Sink 24 SODDISFATTO. Flusso netto: 0.8000000000000007, Demand: 0.8, percentage: 100.00000000000009
Sink 25 SODDISFATTO. Flusso netto: 3.5, Demand: 3.5, percentage: 100.0
Sink 26 SODDISFATTO. Flusso netto: 6.000000000000007, Demand: 6.0, percentage: 100.00000000000011
Sink 28 SODDISFATTO. Flusso netto: 0.4, Demand: 0.4, percentage: 100.0
Sink 30 SODDISFATTO. Flusso netto: 0.9799999999999933, Demand: 0.98, percentage: 99.99999999999932
Sink 31 SODDISFATTO. Flusso netto: 0.3999999999999999, Demand: 0.4, percentage: 99.99999999999997
Sink 32 SODDISFATTO. Flusso netto: 0.9999999999999989, Demand: 1.0, percentage: 99.99999999999989
Sink 34 SODDISFATTO. Flusso netto: 1.7400000000000002, Demand: 1.74, percentage: 100.00000000000003
Sink 35 SODDISFATTO. Flusso netto: 1.3, Demand: 1.3, percentage: 100.0
Sink 37 SODDISFATTO. Flusso netto: 1.0, Demand: 1.0, percentage: 100.0
Sink 39 SODDISFATTO. Flusso netto: 0.40000000000000036, Demand: 0.4, percentage: 100.00000000000009
Sink 40 SODDISFATTO. Flusso netto: 0.5, Demand: 0.5, percentage: 100.0
Sink 41 SODDISFATTO. Flusso netto: 1.0599999999999996, Demand: 1.06, percentage: 99.99999999999996
Sink 42 SODDISFATTO. Flusso netto: 2.820000000000001, Demand: 2.82, percentage: 100.00000000000004
Sink 45 SODDISFATTO. Flusso netto: 0.6800000000000002, Demand: 0.68, percentage: 100.00000000000003
Sink 46 SODDISFATTO. Flusso netto: 1.17, Demand: 1.17, percentage: 100.0
Sink 49 non è soddisfatto. Flusso netto: 3.8200000000000003, Demand: 7.0, percentage: 54.57142857142857
Flusso totale entrante nei SINK: 88.47
Flusso totale uscente nei SINK: 45.21000000000001
Flusso totale netto nei SINK: 43.25999999999999
Total DEMAND dei SINK: 46.44
Percentual di flusso ai SINK: 0.9315245478036174
Numero di Sink soddisfatti: 24.0, numero totale di sink: 25.0
Percentuale di Sink soddisfatti: 0.96

---------------------------------- DAY 30

Update Fixed Elements from Intrinsic Faults
Source NODO_10 fixed from Intrinsic Fault
Pipeline ARCO_17 fixed due to Source NODO_10 fixing from Intrinsic Fault
Pipeline ARCO_88 fixed due to Source NODO_10 fixing from Intrinsic Fault
Pipeline ARCO_89 fixed due to Source NODO_10 fixing from Intrinsic Fault
Pipeline V_EDGE_53_8 fixed due to Source NODO_10 fixing from Intrinsic Fault
Pipeline ARCO_18 fixed due to Source NODO_10 fixing from Intrinsic Fault
Pipeline ARCO_19 fixed due to Source NODO_10 fixing from Intrinsic Fault
Pipeline ARCO_87 fixed due to Source NODO_10 fixing from Intrinsic Fault
Source NODO_2 fixed from Intrinsic Fault
Pipeline ARCO_70 fixed due to Source NODO_2 fixing from Intrinsic Fault
Pipeline V_EDGE_53_0 fixed due to Source NODO_2 fixing from Intrinsic Fault
Pipeline ARCO_0 fixed due to Source NODO_2 fixing from Intrinsic Fault
Update Fixed Elements from Heavy Faults
Update Fixed Elements from Attack
Propagate Intrinsic Fault
Propagate Heavy Faults
Propagate Attacks
Inject Intrinsic Failure To Source
Inject Heavy Fault To Sources
Inject Attack Multiple To Source
Inject Intrinsic Fault To Pipeline
Inject Heavy Fault To Pipeline
Inject Attack To Pipeline
----------- Statistics ------------
	Sources Under Attack: 0
	Sources with Heavy Fault: 0
	Sources with Intrinsic Fault: 0
	Arcs with reduce capacity due to Attack: 0
	Arcs with reduce capacity due to Heavy Fault: 0
	Arcs with reduce capacity due to Intrinsic Fault: 0
	Arcs with Attacks: 0
	Arcs with Heavy Fault: 0
	Arcs with Intrinsic Fault: 0
--------- SOURCES STATISTICS ---------------
Demand del real Source[0]: -31.0, flusso erogato: 8.069999999999997, flusso entrante: 0.0, efficienza: 26.032258064516117 %
Demand del real Source[8]: -10.5, flusso erogato: 3.8600000000000003, flusso entrante: 0.0, efficienza: 36.76190476190476 %
Demand del real Source[9]: -7.1, flusso erogato: 14.169999999999996, flusso entrante: 7.070000000000007, efficienza: 199.57746478873236 %
Demand del real Source[17]: -25.0, flusso erogato: 25.000000000000007, flusso entrante: 0.0, efficienza: 100.00000000000003 %
Flusso totale entrante nei Real Source: 7.070000000000007
Flusso totale uscente dai Real Source: 51.1
Flusso netto sui real Source: -44.029999999999994
--- SINKS STATISTICS ---
Sink 3 SODDISFATTO. Flusso netto: 3.4299999999999997, Demand: 3.43, percentage: 99.99999999999999
Sink 4 SODDISFATTO. Flusso netto: 0.5700000000000003, Demand: 0.57, percentage: 100.00000000000007
Sink 5 SODDISFATTO. Flusso netto: 0.6600000000000019, Demand: 0.66, percentage: 100.00000000000028
Sink 11 SODDISFATTO. Flusso netto: 1.03, Demand: 1.03, percentage: 100.0
Sink 15 SODDISFATTO. Flusso netto: 0.4600000000000044, Demand: 0.46, percentage: 100.00000000000095
Sink 16 SODDISFATTO. Flusso netto: 8.399999999999993, Demand: 8.4, percentage: 99.99999999999991
Sink 19 SODDISFATTO. Flusso netto: 0.5399999999999938, Demand: 0.54, percentage: 99.99999999999885
Sink 23 SODDISFATTO. Flusso netto: 0.5999999999999996, Demand: 0.6, percentage: 99.99999999999994
Sink 24 SODDISFATTO. Flusso netto: 0.8000000000000007, Demand: 0.8, percentage: 100.00000000000009
Sink 25 SODDISFATTO. Flusso netto: 3.5, Demand: 3.5, percentage: 100.0
Sink 26 SODDISFATTO. Flusso netto: 6.000000000000007, Demand: 6.0, percentage: 100.00000000000011
Sink 28 SODDISFATTO. Flusso netto: 0.4, Demand: 0.4, percentage: 100.0
Sink 30 SODDISFATTO. Flusso netto: 0.9799999999999933, Demand: 0.98, percentage: 99.99999999999932
Sink 31 SODDISFATTO. Flusso netto: 0.3999999999999999, Demand: 0.4, percentage: 99.99999999999997
Sink 32 SODDISFATTO. Flusso netto: 0.9999999999999989, Demand: 1.0, percentage: 99.99999999999989
Sink 34 SODDISFATTO. Flusso netto: 1.7400000000000002, Demand: 1.74, percentage: 100.00000000000003
Sink 35 SODDISFATTO. Flusso netto: 1.3, Demand: 1.3, percentage: 100.0
Sink 37 SODDISFATTO. Flusso netto: 1.0, Demand: 1.0, percentage: 100.0
Sink 39 SODDISFATTO. Flusso netto: 0.40000000000000036, Demand: 0.4, percentage: 100.00000000000009
Sink 40 SODDISFATTO. Flusso netto: 0.5, Demand: 0.5, percentage: 100.0
Sink 41 SODDISFATTO. Flusso netto: 1.0600000000000005, Demand: 1.06, percentage: 100.00000000000004
Sink 42 SODDISFATTO. Flusso netto: 2.8200000000000007, Demand: 2.82, percentage: 100.00000000000003
Sink 45 SODDISFATTO. Flusso netto: 0.6800000000000002, Demand: 0.68, percentage: 100.00000000000003
Sink 46 SODDISFATTO. Flusso netto: 1.17, Demand: 1.17, percentage: 100.0
Sink 49 non è soddisfatto. Flusso netto: 4.59, Demand: 7.0, percentage: 65.57142857142857
Flusso totale entrante nei SINK: 86.46000000000001
Flusso totale uscente nei SINK: 42.430000000000014
Flusso totale netto nei SINK: 44.029999999999994
Total DEMAND dei SINK: 46.44
Percentual di flusso ai SINK: 0.9481050818260119
Numero di Sink soddisfatti: 24.0, numero totale di sink: 25.0
Percentuale di Sink soddisfatti: 0.96

---------------------------------- DAY 31

Update Fixed Elements from Intrinsic Faults
Update Fixed Elements from Heavy Faults
Update Fixed Elements from Attack
Propagate Intrinsic Fault
Propagate Heavy Faults
Propagate Attacks
Inject Intrinsic Failure To Source
Inject Heavy Fault To Sources
Inject Attack Multiple To Source
Inject Intrinsic Fault To Pipeline
Inject Heavy Fault To Pipeline
Inject Attack To Pipeline
----------- Statistics ------------
	Sources Under Attack: 0
	Sources with Heavy Fault: 0
	Sources with Intrinsic Fault: 0
	Arcs with reduce capacity due to Attack: 0
	Arcs with reduce capacity due to Heavy Fault: 0
	Arcs with reduce capacity due to Intrinsic Fault: 0
	Arcs with Attacks: 0
	Arcs with Heavy Fault: 0
	Arcs with Intrinsic Fault: 0
--------- SOURCES STATISTICS ---------------
Demand del real Source[0]: -31.0, flusso erogato: 8.069999999999997, flusso entrante: 0.0, efficienza: 26.032258064516117 %
Demand del real Source[8]: -10.5, flusso erogato: 3.8600000000000003, flusso entrante: 0.0, efficienza: 36.76190476190476 %
Demand del real Source[9]: -7.1, flusso erogato: 14.169999999999996, flusso entrante: 7.070000000000007, efficienza: 199.57746478873236 %
Demand del real Source[17]: -25.0, flusso erogato: 25.000000000000007, flusso entrante: 0.0, efficienza: 100.00000000000003 %
Flusso totale entrante nei Real Source: 7.070000000000007
Flusso totale uscente dai Real Source: 51.1
Flusso netto sui real Source: -44.029999999999994
--- SINKS STATISTICS ---
Sink 3 SODDISFATTO. Flusso netto: 3.4299999999999997, Demand: 3.43, percentage: 99.99999999999999
Sink 4 SODDISFATTO. Flusso netto: 0.5700000000000003, Demand: 0.57, percentage: 100.00000000000007
Sink 5 SODDISFATTO. Flusso netto: 0.6600000000000019, Demand: 0.66, percentage: 100.00000000000028
Sink 11 SODDISFATTO. Flusso netto: 1.03, Demand: 1.03, percentage: 100.0
Sink 15 SODDISFATTO. Flusso netto: 0.4600000000000044, Demand: 0.46, percentage: 100.00000000000095
Sink 16 SODDISFATTO. Flusso netto: 8.399999999999993, Demand: 8.4, percentage: 99.99999999999991
Sink 19 SODDISFATTO. Flusso netto: 0.5399999999999938, Demand: 0.54, percentage: 99.99999999999885
Sink 23 SODDISFATTO. Flusso netto: 0.5999999999999996, Demand: 0.6, percentage: 99.99999999999994
Sink 24 SODDISFATTO. Flusso netto: 0.8000000000000007, Demand: 0.8, percentage: 100.00000000000009
Sink 25 SODDISFATTO. Flusso netto: 3.5, Demand: 3.5, percentage: 100.0
Sink 26 SODDISFATTO. Flusso netto: 6.000000000000007, Demand: 6.0, percentage: 100.00000000000011
Sink 28 SODDISFATTO. Flusso netto: 0.4, Demand: 0.4, percentage: 100.0
Sink 30 SODDISFATTO. Flusso netto: 0.9799999999999933, Demand: 0.98, percentage: 99.99999999999932
Sink 31 SODDISFATTO. Flusso netto: 0.3999999999999999, Demand: 0.4, percentage: 99.99999999999997
Sink 32 SODDISFATTO. Flusso netto: 0.9999999999999989, Demand: 1.0, percentage: 99.99999999999989
Sink 34 SODDISFATTO. Flusso netto: 1.7400000000000002, Demand: 1.74, percentage: 100.00000000000003
Sink 35 SODDISFATTO. Flusso netto: 1.3, Demand: 1.3, percentage: 100.0
Sink 37 SODDISFATTO. Flusso netto: 1.0, Demand: 1.0, percentage: 100.0
Sink 39 SODDISFATTO. Flusso netto: 0.40000000000000036, Demand: 0.4, percentage: 100.00000000000009
Sink 40 SODDISFATTO. Flusso netto: 0.5, Demand: 0.5, percentage: 100.0
Sink 41 SODDISFATTO. Flusso netto: 1.0600000000000005, Demand: 1.06, percentage: 100.00000000000004
Sink 42 SODDISFATTO. Flusso netto: 2.8200000000000007, Demand: 2.82, percentage: 100.00000000000003
Sink 45 SODDISFATTO. Flusso netto: 0.6800000000000002, Demand: 0.68, percentage: 100.00000000000003
Sink 46 SODDISFATTO. Flusso netto: 1.17, Demand: 1.17, percentage: 100.0
Sink 49 non è soddisfatto. Flusso netto: 4.59, Demand: 7.0, percentage: 65.57142857142857
Flusso totale entrante nei SINK: 86.46000000000001
Flusso totale uscente nei SINK: 42.430000000000014
Flusso totale netto nei SINK: 44.029999999999994
Total DEMAND dei SINK: 46.44
Percentual di flusso ai SINK: 0.9481050818260119
Numero di Sink soddisfatti: 24.0, numero totale di sink: 25.0
Percentuale di Sink soddisfatti: 0.96

---------------------------------- DAY 32

Update Fixed Elements from Intrinsic Faults
Update Fixed Elements from Heavy Faults
Update Fixed Elements from Attack
Propagate Intrinsic Fault
Propagate Heavy Faults
Propagate Attacks
Inject Intrinsic Failure To Source
Source NODO_10 is failing for an Intrinsic Fault in day: 32
pipeline ARCO_17 has reduced capacity due to NODO_10 Intrinsic fault
pipeline ARCO_88 has reduced capacity due to NODO_10 Intrinsic fault
pipeline ARCO_89 has reduced capacity due to NODO_10 Intrinsic fault
pipeline V_EDGE_53_8 has reduced capacity due to NODO_10 Intrinsic fault
pipeline ARCO_18 has reduced capacity due to NODO_10 Intrinsic fault
pipeline ARCO_19 has reduced capacity due to NODO_10 Intrinsic fault
pipeline ARCO_87 has reduced capacity due to NODO_10 Intrinsic fault
Inject Heavy Fault To Sources
Inject Attack Multiple To Source
Inject Intrinsic Fault To Pipeline
Inject Heavy Fault To Pipeline
Inject Attack To Pipeline
----------- Statistics ------------
	Sources Under Attack: 0
	Sources with Heavy Fault: 0
	Sources with Intrinsic Fault: 1
	Arcs with reduce capacity due to Attack: 0
	Arcs with reduce capacity due to Heavy Fault: 0
	Arcs with reduce capacity due to Intrinsic Fault: 7
	Arcs with Attacks: 0
	Arcs with Heavy Fault: 0
	Arcs with Intrinsic Fault: 0
--------- SOURCES STATISTICS ---------------
Demand del real Source[0]: -31.0, flusso erogato: 11.159999999999997, flusso entrante: 0.0, efficienza: 35.999999999999986 %
Demand del real Source[8]: -10.5, flusso erogato: 0.0, flusso entrante: 0.0, efficienza: 0.0 %
Demand del real Source[9]: -7.1, flusso erogato: 17.259999999999998, flusso entrante: 10.159999999999997, efficienza: 243.09859154929575 %
Demand del real Source[17]: -25.0, flusso erogato: 25.000000000000007, flusso entrante: 0.0, efficienza: 100.00000000000003 %
Flusso totale entrante nei Real Source: 10.159999999999997
Flusso totale uscente dai Real Source: 53.42
Flusso netto sui real Source: -43.260000000000005
--- SINKS STATISTICS ---
Sink 3 SODDISFATTO. Flusso netto: 3.429999999999999, Demand: 3.43, percentage: 99.99999999999997
Sink 4 SODDISFATTO. Flusso netto: 0.5700000000000003, Demand: 0.57, percentage: 100.00000000000007
Sink 5 SODDISFATTO. Flusso netto: 0.6599999999999993, Demand: 0.66, percentage: 99.99999999999987
Sink 11 SODDISFATTO. Flusso netto: 1.0300000000000011, Demand: 1.03, percentage: 100.00000000000011
Sink 15 SODDISFATTO. Flusso netto: 0.4600000000000044, Demand: 0.46, percentage: 100.00000000000095
Sink 16 SODDISFATTO. Flusso netto: 8.399999999999993, Demand: 8.4, percentage: 99.99999999999991
Sink 19 SODDISFATTO. Flusso netto: 0.5399999999999938, Demand: 0.54, percentage: 99.99999999999885
Sink 23 SODDISFATTO. Flusso netto: 0.5999999999999996, Demand: 0.6, percentage: 99.99999999999994
Sink 24 SODDISFATTO. Flusso netto: 0.8000000000000007, Demand: 0.8, percentage: 100.00000000000009
Sink 25 SODDISFATTO. Flusso netto: 3.5, Demand: 3.5, percentage: 100.0
Sink 26 SODDISFATTO. Flusso netto: 6.000000000000007, Demand: 6.0, percentage: 100.00000000000011
Sink 28 SODDISFATTO. Flusso netto: 0.4, Demand: 0.4, percentage: 100.0
Sink 30 SODDISFATTO. Flusso netto: 0.9799999999999933, Demand: 0.98, percentage: 99.99999999999932
Sink 31 SODDISFATTO. Flusso netto: 0.3999999999999999, Demand: 0.4, percentage: 99.99999999999997
Sink 32 SODDISFATTO. Flusso netto: 0.9999999999999989, Demand: 1.0, percentage: 99.99999999999989
Sink 34 SODDISFATTO. Flusso netto: 1.7400000000000002, Demand: 1.74, percentage: 100.00000000000003
Sink 35 SODDISFATTO. Flusso netto: 1.3, Demand: 1.3, percentage: 100.0
Sink 37 SODDISFATTO. Flusso netto: 1.0, Demand: 1.0, percentage: 100.0
Sink 39 SODDISFATTO. Flusso netto: 0.40000000000000036, Demand: 0.4, percentage: 100.00000000000009
Sink 40 SODDISFATTO. Flusso netto: 0.5, Demand: 0.5, percentage: 100.0
Sink 41 SODDISFATTO. Flusso netto: 1.0599999999999996, Demand: 1.06, percentage: 99.99999999999996
Sink 42 SODDISFATTO. Flusso netto: 2.820000000000001, Demand: 2.82, percentage: 100.00000000000004
Sink 45 SODDISFATTO. Flusso netto: 0.6800000000000002, Demand: 0.68, percentage: 100.00000000000003
Sink 46 SODDISFATTO. Flusso netto: 1.17, Demand: 1.17, percentage: 100.0
Sink 49 non è soddisfatto. Flusso netto: 3.8200000000000003, Demand: 7.0, percentage: 54.57142857142857
Flusso totale entrante nei SINK: 88.47
Flusso totale uscente nei SINK: 45.21000000000001
Flusso totale netto nei SINK: 43.25999999999999
Total DEMAND dei SINK: 46.44
Percentual di flusso ai SINK: 0.9315245478036174
Numero di Sink soddisfatti: 24.0, numero totale di sink: 25.0
Percentuale di Sink soddisfatti: 0.96

---------------------------------- DAY 33

Update Fixed Elements from Intrinsic Faults
Update Fixed Elements from Heavy Faults
Update Fixed Elements from Attack
Propagate Intrinsic Fault
Node NODO_10 has still failing due to Intrinsic Fault
pipeline ARCO_17 still has reduced capacity: 0.0 due to Intrinsic Fault
pipeline ARCO_88 still has reduced capacity: 0.0 due to Intrinsic Fault
pipeline ARCO_89 still has reduced capacity: 0.0 due to Intrinsic Fault
pipeline V_EDGE_53_8 still has reduced capacity: 0.0 due to Intrinsic Fault
pipeline ARCO_18 still has reduced capacity: 0.0 due to Intrinsic Fault
pipeline ARCO_19 still has reduced capacity: 0.0 due to Intrinsic Fault
pipeline ARCO_87 still has reduced capacity: 0.0 due to Intrinsic Fault
Propagate Heavy Faults
Propagate Attacks
Inject Intrinsic Failure To Source
Inject Heavy Fault To Sources
Inject Attack Multiple To Source
Inject Intrinsic Fault To Pipeline
Inject Heavy Fault To Pipeline
Inject Attack To Pipeline
----------- Statistics ------------
	Sources Under Attack: 0
	Sources with Heavy Fault: 0
	Sources with Intrinsic Fault: 1
	Arcs with reduce capacity due to Attack: 0
	Arcs with reduce capacity due to Heavy Fault: 0
	Arcs with reduce capacity due to Intrinsic Fault: 7
	Arcs with Attacks: 0
	Arcs with Heavy Fault: 0
	Arcs with Intrinsic Fault: 0
--------- SOURCES STATISTICS ---------------
Demand del real Source[0]: -31.0, flusso erogato: 11.159999999999997, flusso entrante: 0.0, efficienza: 35.999999999999986 %
Demand del real Source[8]: -10.5, flusso erogato: 0.0, flusso entrante: 0.0, efficienza: 0.0 %
Demand del real Source[9]: -7.1, flusso erogato: 17.259999999999998, flusso entrante: 10.159999999999997, efficienza: 243.09859154929575 %
Demand del real Source[17]: -25.0, flusso erogato: 25.000000000000007, flusso entrante: 0.0, efficienza: 100.00000000000003 %
Flusso totale entrante nei Real Source: 10.159999999999997
Flusso totale uscente dai Real Source: 53.42
Flusso netto sui real Source: -43.260000000000005
--- SINKS STATISTICS ---
Sink 3 SODDISFATTO. Flusso netto: 3.429999999999999, Demand: 3.43, percentage: 99.99999999999997
Sink 4 SODDISFATTO. Flusso netto: 0.5700000000000003, Demand: 0.57, percentage: 100.00000000000007
Sink 5 SODDISFATTO. Flusso netto: 0.6599999999999993, Demand: 0.66, percentage: 99.99999999999987
Sink 11 SODDISFATTO. Flusso netto: 1.0300000000000011, Demand: 1.03, percentage: 100.00000000000011
Sink 15 SODDISFATTO. Flusso netto: 0.4600000000000044, Demand: 0.46, percentage: 100.00000000000095
Sink 16 SODDISFATTO. Flusso netto: 8.399999999999993, Demand: 8.4, percentage: 99.99999999999991
Sink 19 SODDISFATTO. Flusso netto: 0.5399999999999938, Demand: 0.54, percentage: 99.99999999999885
Sink 23 SODDISFATTO. Flusso netto: 0.5999999999999996, Demand: 0.6, percentage: 99.99999999999994
Sink 24 SODDISFATTO. Flusso netto: 0.8000000000000007, Demand: 0.8, percentage: 100.00000000000009
Sink 25 SODDISFATTO. Flusso netto: 3.5, Demand: 3.5, percentage: 100.0
Sink 26 SODDISFATTO. Flusso netto: 6.000000000000007, Demand: 6.0, percentage: 100.00000000000011
Sink 28 SODDISFATTO. Flusso netto: 0.4, Demand: 0.4, percentage: 100.0
Sink 30 SODDISFATTO. Flusso netto: 0.9799999999999933, Demand: 0.98, percentage: 99.99999999999932
Sink 31 SODDISFATTO. Flusso netto: 0.3999999999999999, Demand: 0.4, percentage: 99.99999999999997
Sink 32 SODDISFATTO. Flusso netto: 0.9999999999999989, Demand: 1.0, percentage: 99.99999999999989
Sink 34 SODDISFATTO. Flusso netto: 1.7400000000000002, Demand: 1.74, percentage: 100.00000000000003
Sink 35 SODDISFATTO. Flusso netto: 1.3, Demand: 1.3, percentage: 100.0
Sink 37 SODDISFATTO. Flusso netto: 1.0, Demand: 1.0, percentage: 100.0
Sink 39 SODDISFATTO. Flusso netto: 0.40000000000000036, Demand: 0.4, percentage: 100.00000000000009
Sink 40 SODDISFATTO. Flusso netto: 0.5, Demand: 0.5, percentage: 100.0
Sink 41 SODDISFATTO. Flusso netto: 1.0599999999999996, Demand: 1.06, percentage: 99.99999999999996
Sink 42 SODDISFATTO. Flusso netto: 2.820000000000001, Demand: 2.82, percentage: 100.00000000000004
Sink 45 SODDISFATTO. Flusso netto: 0.6800000000000002, Demand: 0.68, percentage: 100.00000000000003
Sink 46 SODDISFATTO. Flusso netto: 1.17, Demand: 1.17, percentage: 100.0
Sink 49 non è soddisfatto. Flusso netto: 3.8200000000000003, Demand: 7.0, percentage: 54.57142857142857
Flusso totale entrante nei SINK: 88.47
Flusso totale uscente nei SINK: 45.21000000000001
Flusso totale netto nei SINK: 43.25999999999999
Total DEMAND dei SINK: 46.44
Percentual di flusso ai SINK: 0.9315245478036174
Numero di Sink soddisfatti: 24.0, numero totale di sink: 25.0
Percentuale di Sink soddisfatti: 0.96

---------------------------------- DAY 34

Update Fixed Elements from Intrinsic Faults
Update Fixed Elements from Heavy Faults
Update Fixed Elements from Attack
Propagate Intrinsic Fault
Node NODO_10 has still failing due to Intrinsic Fault
pipeline ARCO_17 still has reduced capacity: 0.0 due to Intrinsic Fault
pipeline ARCO_88 still has reduced capacity: 0.0 due to Intrinsic Fault
pipeline ARCO_89 still has reduced capacity: 0.0 due to Intrinsic Fault
pipeline V_EDGE_53_8 still has reduced capacity: 0.0 due to Intrinsic Fault
pipeline ARCO_18 still has reduced capacity: 0.0 due to Intrinsic Fault
pipeline ARCO_19 still has reduced capacity: 0.0 due to Intrinsic Fault
pipeline ARCO_87 still has reduced capacity: 0.0 due to Intrinsic Fault
Propagate Heavy Faults
Propagate Attacks
Inject Intrinsic Failure To Source
Inject Heavy Fault To Sources
Inject Attack Multiple To Source
Inject Intrinsic Fault To Pipeline
Inject Heavy Fault To Pipeline
Inject Attack To Pipeline
----------- Statistics ------------
	Sources Under Attack: 0
	Sources with Heavy Fault: 0
	Sources with Intrinsic Fault: 1
	Arcs with reduce capacity due to Attack: 0
	Arcs with reduce capacity due to Heavy Fault: 0
	Arcs with reduce capacity due to Intrinsic Fault: 7
	Arcs with Attacks: 0
	Arcs with Heavy Fault: 0
	Arcs with Intrinsic Fault: 0
--------- SOURCES STATISTICS ---------------
Demand del real Source[0]: -31.0, flusso erogato: 11.159999999999997, flusso entrante: 0.0, efficienza: 35.999999999999986 %
Demand del real Source[8]: -10.5, flusso erogato: 0.0, flusso entrante: 0.0, efficienza: 0.0 %
Demand del real Source[9]: -7.1, flusso erogato: 17.259999999999998, flusso entrante: 10.159999999999997, efficienza: 243.09859154929575 %
Demand del real Source[17]: -25.0, flusso erogato: 25.000000000000007, flusso entrante: 0.0, efficienza: 100.00000000000003 %
Flusso totale entrante nei Real Source: 10.159999999999997
Flusso totale uscente dai Real Source: 53.42
Flusso netto sui real Source: -43.260000000000005
--- SINKS STATISTICS ---
Sink 3 SODDISFATTO. Flusso netto: 3.429999999999999, Demand: 3.43, percentage: 99.99999999999997
Sink 4 SODDISFATTO. Flusso netto: 0.5700000000000003, Demand: 0.57, percentage: 100.00000000000007
Sink 5 SODDISFATTO. Flusso netto: 0.6599999999999993, Demand: 0.66, percentage: 99.99999999999987
Sink 11 SODDISFATTO. Flusso netto: 1.0300000000000011, Demand: 1.03, percentage: 100.00000000000011
Sink 15 SODDISFATTO. Flusso netto: 0.4600000000000044, Demand: 0.46, percentage: 100.00000000000095
Sink 16 SODDISFATTO. Flusso netto: 8.399999999999993, Demand: 8.4, percentage: 99.99999999999991
Sink 19 SODDISFATTO. Flusso netto: 0.5399999999999938, Demand: 0.54, percentage: 99.99999999999885
Sink 23 SODDISFATTO. Flusso netto: 0.5999999999999996, Demand: 0.6, percentage: 99.99999999999994
Sink 24 SODDISFATTO. Flusso netto: 0.8000000000000007, Demand: 0.8, percentage: 100.00000000000009
Sink 25 SODDISFATTO. Flusso netto: 3.5, Demand: 3.5, percentage: 100.0
Sink 26 SODDISFATTO. Flusso netto: 6.000000000000007, Demand: 6.0, percentage: 100.00000000000011
Sink 28 SODDISFATTO. Flusso netto: 0.4, Demand: 0.4, percentage: 100.0
Sink 30 SODDISFATTO. Flusso netto: 0.9799999999999933, Demand: 0.98, percentage: 99.99999999999932
Sink 31 SODDISFATTO. Flusso netto: 0.3999999999999999, Demand: 0.4, percentage: 99.99999999999997
Sink 32 SODDISFATTO. Flusso netto: 0.9999999999999989, Demand: 1.0, percentage: 99.99999999999989
Sink 34 SODDISFATTO. Flusso netto: 1.7400000000000002, Demand: 1.74, percentage: 100.00000000000003
Sink 35 SODDISFATTO. Flusso netto: 1.3, Demand: 1.3, percentage: 100.0
Sink 37 SODDISFATTO. Flusso netto: 1.0, Demand: 1.0, percentage: 100.0
Sink 39 SODDISFATTO. Flusso netto: 0.40000000000000036, Demand: 0.4, percentage: 100.00000000000009
Sink 40 SODDISFATTO. Flusso netto: 0.5, Demand: 0.5, percentage: 100.0
Sink 41 SODDISFATTO. Flusso netto: 1.0599999999999996, Demand: 1.06, percentage: 99.99999999999996
Sink 42 SODDISFATTO. Flusso netto: 2.820000000000001, Demand: 2.82, percentage: 100.00000000000004
Sink 45 SODDISFATTO. Flusso netto: 0.6800000000000002, Demand: 0.68, percentage: 100.00000000000003
Sink 46 SODDISFATTO. Flusso netto: 1.17, Demand: 1.17, percentage: 100.0
Sink 49 non è soddisfatto. Flusso netto: 3.8200000000000003, Demand: 7.0, percentage: 54.57142857142857
Flusso totale entrante nei SINK: 88.47
Flusso totale uscente nei SINK: 45.21000000000001
Flusso totale netto nei SINK: 43.25999999999999
Total DEMAND dei SINK: 46.44
Percentual di flusso ai SINK: 0.9315245478036174
Numero di Sink soddisfatti: 24.0, numero totale di sink: 25.0
Percentuale di Sink soddisfatti: 0.96

---------------------------------- DAY 35

Update Fixed Elements from Intrinsic Faults
Update Fixed Elements from Heavy Faults
Update Fixed Elements from Attack
Propagate Intrinsic Fault
Node NODO_10 has still failing due to Intrinsic Fault
pipeline ARCO_17 still has reduced capacity: 0.0 due to Intrinsic Fault
pipeline ARCO_88 still has reduced capacity: 0.0 due to Intrinsic Fault
pipeline ARCO_89 still has reduced capacity: 0.0 due to Intrinsic Fault
pipeline V_EDGE_53_8 still has reduced capacity: 0.0 due to Intrinsic Fault
pipeline ARCO_18 still has reduced capacity: 0.0 due to Intrinsic Fault
pipeline ARCO_19 still has reduced capacity: 0.0 due to Intrinsic Fault
pipeline ARCO_87 still has reduced capacity: 0.0 due to Intrinsic Fault
Propagate Heavy Faults
Propagate Attacks
Inject Intrinsic Failure To Source
Inject Heavy Fault To Sources
Inject Attack Multiple To Source
Inject Intrinsic Fault To Pipeline
Inject Heavy Fault To Pipeline
Inject Attack To Pipeline
----------- Statistics ------------
	Sources Under Attack: 0
	Sources with Heavy Fault: 0
	Sources with Intrinsic Fault: 1
	Arcs with reduce capacity due to Attack: 0
	Arcs with reduce capacity due to Heavy Fault: 0
	Arcs with reduce capacity due to Intrinsic Fault: 7
	Arcs with Attacks: 0
	Arcs with Heavy Fault: 0
	Arcs with Intrinsic Fault: 0
--------- SOURCES STATISTICS ---------------
Demand del real Source[0]: -31.0, flusso erogato: 11.159999999999997, flusso entrante: 0.0, efficienza: 35.999999999999986 %
Demand del real Source[8]: -10.5, flusso erogato: 0.0, flusso entrante: 0.0, efficienza: 0.0 %
Demand del real Source[9]: -7.1, flusso erogato: 17.259999999999998, flusso entrante: 10.159999999999997, efficienza: 243.09859154929575 %
Demand del real Source[17]: -25.0, flusso erogato: 25.000000000000007, flusso entrante: 0.0, efficienza: 100.00000000000003 %
Flusso totale entrante nei Real Source: 10.159999999999997
Flusso totale uscente dai Real Source: 53.42
Flusso netto sui real Source: -43.260000000000005
--- SINKS STATISTICS ---
Sink 3 SODDISFATTO. Flusso netto: 3.429999999999999, Demand: 3.43, percentage: 99.99999999999997
Sink 4 SODDISFATTO. Flusso netto: 0.5700000000000003, Demand: 0.57, percentage: 100.00000000000007
Sink 5 SODDISFATTO. Flusso netto: 0.6599999999999993, Demand: 0.66, percentage: 99.99999999999987
Sink 11 SODDISFATTO. Flusso netto: 1.0300000000000011, Demand: 1.03, percentage: 100.00000000000011
Sink 15 SODDISFATTO. Flusso netto: 0.4600000000000044, Demand: 0.46, percentage: 100.00000000000095
Sink 16 SODDISFATTO. Flusso netto: 8.399999999999993, Demand: 8.4, percentage: 99.99999999999991
Sink 19 SODDISFATTO. Flusso netto: 0.5399999999999938, Demand: 0.54, percentage: 99.99999999999885
Sink 23 SODDISFATTO. Flusso netto: 0.5999999999999996, Demand: 0.6, percentage: 99.99999999999994
Sink 24 SODDISFATTO. Flusso netto: 0.8000000000000007, Demand: 0.8, percentage: 100.00000000000009
Sink 25 SODDISFATTO. Flusso netto: 3.5, Demand: 3.5, percentage: 100.0
Sink 26 SODDISFATTO. Flusso netto: 6.000000000000007, Demand: 6.0, percentage: 100.00000000000011
Sink 28 SODDISFATTO. Flusso netto: 0.4, Demand: 0.4, percentage: 100.0
Sink 30 SODDISFATTO. Flusso netto: 0.9799999999999933, Demand: 0.98, percentage: 99.99999999999932
Sink 31 SODDISFATTO. Flusso netto: 0.3999999999999999, Demand: 0.4, percentage: 99.99999999999997
Sink 32 SODDISFATTO. Flusso netto: 0.9999999999999989, Demand: 1.0, percentage: 99.99999999999989
Sink 34 SODDISFATTO. Flusso netto: 1.7400000000000002, Demand: 1.74, percentage: 100.00000000000003
Sink 35 SODDISFATTO. Flusso netto: 1.3, Demand: 1.3, percentage: 100.0
Sink 37 SODDISFATTO. Flusso netto: 1.0, Demand: 1.0, percentage: 100.0
Sink 39 SODDISFATTO. Flusso netto: 0.40000000000000036, Demand: 0.4, percentage: 100.00000000000009
Sink 40 SODDISFATTO. Flusso netto: 0.5, Demand: 0.5, percentage: 100.0
Sink 41 SODDISFATTO. Flusso netto: 1.0599999999999996, Demand: 1.06, percentage: 99.99999999999996
Sink 42 SODDISFATTO. Flusso netto: 2.820000000000001, Demand: 2.82, percentage: 100.00000000000004
Sink 45 SODDISFATTO. Flusso netto: 0.6800000000000002, Demand: 0.68, percentage: 100.00000000000003
Sink 46 SODDISFATTO. Flusso netto: 1.17, Demand: 1.17, percentage: 100.0
Sink 49 non è soddisfatto. Flusso netto: 3.8200000000000003, Demand: 7.0, percentage: 54.57142857142857
Flusso totale entrante nei SINK: 88.47
Flusso totale uscente nei SINK: 45.21000000000001
Flusso totale netto nei SINK: 43.25999999999999
Total DEMAND dei SINK: 46.44
Percentual di flusso ai SINK: 0.9315245478036174
Numero di Sink soddisfatti: 24.0, numero totale di sink: 25.0
Percentuale di Sink soddisfatti: 0.96

---------------------------------- DAY 36

Update Fixed Elements from Intrinsic Faults
Update Fixed Elements from Heavy Faults
Update Fixed Elements from Attack
Propagate Intrinsic Fault
Node NODO_10 has still failing due to Intrinsic Fault
pipeline ARCO_17 still has reduced capacity: 0.0 due to Intrinsic Fault
pipeline ARCO_88 still has reduced capacity: 0.0 due to Intrinsic Fault
pipeline ARCO_89 still has reduced capacity: 0.0 due to Intrinsic Fault
pipeline V_EDGE_53_8 still has reduced capacity: 0.0 due to Intrinsic Fault
pipeline ARCO_18 still has reduced capacity: 0.0 due to Intrinsic Fault
pipeline ARCO_19 still has reduced capacity: 0.0 due to Intrinsic Fault
pipeline ARCO_87 still has reduced capacity: 0.0 due to Intrinsic Fault
Propagate Heavy Faults
Propagate Attacks
Inject Intrinsic Failure To Source
Inject Heavy Fault To Sources
Inject Attack Multiple To Source
Inject Intrinsic Fault To Pipeline
Inject Heavy Fault To Pipeline
Inject Attack To Pipeline
----------- Statistics ------------
	Sources Under Attack: 0
	Sources with Heavy Fault: 0
	Sources with Intrinsic Fault: 1
	Arcs with reduce capacity due to Attack: 0
	Arcs with reduce capacity due to Heavy Fault: 0
	Arcs with reduce capacity due to Intrinsic Fault: 7
	Arcs with Attacks: 0
	Arcs with Heavy Fault: 0
	Arcs with Intrinsic Fault: 0
--------- SOURCES STATISTICS ---------------
Demand del real Source[0]: -31.0, flusso erogato: 11.159999999999997, flusso entrante: 0.0, efficienza: 35.999999999999986 %
Demand del real Source[8]: -10.5, flusso erogato: 0.0, flusso entrante: 0.0, efficienza: 0.0 %
Demand del real Source[9]: -7.1, flusso erogato: 17.259999999999998, flusso entrante: 10.159999999999997, efficienza: 243.09859154929575 %
Demand del real Source[17]: -25.0, flusso erogato: 25.000000000000007, flusso entrante: 0.0, efficienza: 100.00000000000003 %
Flusso totale entrante nei Real Source: 10.159999999999997
Flusso totale uscente dai Real Source: 53.42
Flusso netto sui real Source: -43.260000000000005
--- SINKS STATISTICS ---
Sink 3 SODDISFATTO. Flusso netto: 3.429999999999999, Demand: 3.43, percentage: 99.99999999999997
Sink 4 SODDISFATTO. Flusso netto: 0.5700000000000003, Demand: 0.57, percentage: 100.00000000000007
Sink 5 SODDISFATTO. Flusso netto: 0.6599999999999993, Demand: 0.66, percentage: 99.99999999999987
Sink 11 SODDISFATTO. Flusso netto: 1.0300000000000011, Demand: 1.03, percentage: 100.00000000000011
Sink 15 SODDISFATTO. Flusso netto: 0.4600000000000044, Demand: 0.46, percentage: 100.00000000000095
Sink 16 SODDISFATTO. Flusso netto: 8.399999999999993, Demand: 8.4, percentage: 99.99999999999991
Sink 19 SODDISFATTO. Flusso netto: 0.5399999999999938, Demand: 0.54, percentage: 99.99999999999885
Sink 23 SODDISFATTO. Flusso netto: 0.5999999999999996, Demand: 0.6, percentage: 99.99999999999994
Sink 24 SODDISFATTO. Flusso netto: 0.8000000000000007, Demand: 0.8, percentage: 100.00000000000009
Sink 25 SODDISFATTO. Flusso netto: 3.5, Demand: 3.5, percentage: 100.0
Sink 26 SODDISFATTO. Flusso netto: 6.000000000000007, Demand: 6.0, percentage: 100.00000000000011
Sink 28 SODDISFATTO. Flusso netto: 0.4, Demand: 0.4, percentage: 100.0
Sink 30 SODDISFATTO. Flusso netto: 0.9799999999999933, Demand: 0.98, percentage: 99.99999999999932
Sink 31 SODDISFATTO. Flusso netto: 0.3999999999999999, Demand: 0.4, percentage: 99.99999999999997
Sink 32 SODDISFATTO. Flusso netto: 0.9999999999999989, Demand: 1.0, percentage: 99.99999999999989
Sink 34 SODDISFATTO. Flusso netto: 1.7400000000000002, Demand: 1.74, percentage: 100.00000000000003
Sink 35 SODDISFATTO. Flusso netto: 1.3, Demand: 1.3, percentage: 100.0
Sink 37 SODDISFATTO. Flusso netto: 1.0, Demand: 1.0, percentage: 100.0
Sink 39 SODDISFATTO. Flusso netto: 0.40000000000000036, Demand: 0.4, percentage: 100.00000000000009
Sink 40 SODDISFATTO. Flusso netto: 0.5, Demand: 0.5, percentage: 100.0
Sink 41 SODDISFATTO. Flusso netto: 1.0599999999999996, Demand: 1.06, percentage: 99.99999999999996
Sink 42 SODDISFATTO. Flusso netto: 2.820000000000001, Demand: 2.82, percentage: 100.00000000000004
Sink 45 SODDISFATTO. Flusso netto: 0.6800000000000002, Demand: 0.68, percentage: 100.00000000000003
Sink 46 SODDISFATTO. Flusso netto: 1.17, Demand: 1.17, percentage: 100.0
Sink 49 non è soddisfatto. Flusso netto: 3.8200000000000003, Demand: 7.0, percentage: 54.57142857142857
Flusso totale entrante nei SINK: 88.47
Flusso totale uscente nei SINK: 45.21000000000001
Flusso totale netto nei SINK: 43.25999999999999
Total DEMAND dei SINK: 46.44
Percentual di flusso ai SINK: 0.9315245478036174
Numero di Sink soddisfatti: 24.0, numero totale di sink: 25.0
Percentuale di Sink soddisfatti: 0.96

---------------------------------- DAY 37

Update Fixed Elements from Intrinsic Faults
Source NODO_10 fixed from Intrinsic Fault
Pipeline ARCO_17 fixed due to Source NODO_10 fixing from Intrinsic Fault
Pipeline ARCO_88 fixed due to Source NODO_10 fixing from Intrinsic Fault
Pipeline ARCO_89 fixed due to Source NODO_10 fixing from Intrinsic Fault
Pipeline V_EDGE_53_8 fixed due to Source NODO_10 fixing from Intrinsic Fault
Pipeline ARCO_18 fixed due to Source NODO_10 fixing from Intrinsic Fault
Pipeline ARCO_19 fixed due to Source NODO_10 fixing from Intrinsic Fault
Pipeline ARCO_87 fixed due to Source NODO_10 fixing from Intrinsic Fault
Update Fixed Elements from Heavy Faults
Update Fixed Elements from Attack
Propagate Intrinsic Fault
Propagate Heavy Faults
Propagate Attacks
Inject Intrinsic Failure To Source
Source NODO_2 is failing for an Intrinsic Fault in day: 37
pipeline ARCO_70 has reduced capacity due to NODO_2 Intrinsic fault
pipeline V_EDGE_53_0 has reduced capacity due to NODO_2 Intrinsic fault
pipeline ARCO_0 has reduced capacity due to NODO_2 Intrinsic fault
Source NODO_19 is failing for an Intrinsic Fault in day: 37
pipeline ARCO_35 has reduced capacity due to NODO_19 Intrinsic fault
pipeline ARCO_109 has reduced capacity due to NODO_19 Intrinsic fault
pipeline ARCO_110 has reduced capacity due to NODO_19 Intrinsic fault
pipeline V_EDGE_53_17 has reduced capacity due to NODO_19 Intrinsic fault
pipeline ARCO_39 has reduced capacity due to NODO_19 Intrinsic fault
pipeline ARCO_40 has reduced capacity due to NODO_19 Intrinsic fault
pipeline ARCO_105 has reduced capacity due to NODO_19 Intrinsic fault
Inject Heavy Fault To Sources
Inject Attack Multiple To Source
Inject Intrinsic Fault To Pipeline
Inject Heavy Fault To Pipeline
Inject Attack To Pipeline
----------- Statistics ------------
	Sources Under Attack: 0
	Sources with Heavy Fault: 0
	Sources with Intrinsic Fault: 2
	Arcs with reduce capacity due to Attack: 0
	Arcs with reduce capacity due to Heavy Fault: 0
	Arcs with reduce capacity due to Intrinsic Fault: 10
	Arcs with Attacks: 0
	Arcs with Heavy Fault: 0
	Arcs with Intrinsic Fault: 0
--------- SOURCES STATISTICS ---------------
Demand del real Source[0]: -31.0, flusso erogato: 9.79, flusso entrante: 0.0, efficienza: 31.58064516129032 %
Demand del real Source[8]: -10.5, flusso erogato: 7.45, flusso entrante: 0.0, efficienza: 70.95238095238095 %
Demand del real Source[9]: -7.1, flusso erogato: 15.889999999999999, flusso entrante: 8.790000000000006, efficienza: 223.80281690140845 %
Demand del real Source[17]: -25.0, flusso erogato: 0.0, flusso entrante: 0.0, efficienza: 0.0 %
Flusso totale entrante nei Real Source: 8.790000000000006
Flusso totale uscente dai Real Source: 33.13
Flusso netto sui real Source: -24.339999999999996
--- SINKS STATISTICS ---
Sink 3 SODDISFATTO. Flusso netto: 3.4299999999999997, Demand: 3.43, percentage: 99.99999999999999
Sink 4 SODDISFATTO. Flusso netto: 0.5700000000000003, Demand: 0.57, percentage: 100.00000000000007
Sink 5 SODDISFATTO. Flusso netto: 0.6600000000000019, Demand: 0.66, percentage: 100.00000000000028
Sink 11 SODDISFATTO. Flusso netto: 1.0299999999999978, Demand: 1.03, percentage: 99.99999999999979
Sink 15 SODDISFATTO. Flusso netto: 0.46000000000000263, Demand: 0.46, percentage: 100.00000000000058
Sink 16 non è soddisfatto. Flusso netto: 2.83, Demand: 8.4, percentage: 33.69047619047619
Sink 19 non è soddisfatto. Flusso netto: 0.0, Demand: 0.54, percentage: 0.0
Sink 23 non è soddisfatto. Flusso netto: 0.0, Demand: 0.6, percentage: 0.0
Sink 24 non è soddisfatto. Flusso netto: 0.0, Demand: 0.8, percentage: 0.0
Sink 25 non è soddisfatto. Flusso netto: 0.0, Demand: 3.5, percentage: 0.0
Sink 26 non è soddisfatto. Flusso netto: 0.0, Demand: 6.0, percentage: 0.0
Sink 28 non è soddisfatto. Flusso netto: 0.0, Demand: 0.4, percentage: 0.0
Sink 30 non è soddisfatto. Flusso netto: 0.0, Demand: 0.98, percentage: 0.0
Sink 31 non è soddisfatto. Flusso netto: 0.0, Demand: 0.4, percentage: 0.0
Sink 32 SODDISFATTO. Flusso netto: 1.0, Demand: 1.0, percentage: 100.0
Sink 34 SODDISFATTO. Flusso netto: 1.7400000000000002, Demand: 1.74, percentage: 100.00000000000003
Sink 35 SODDISFATTO. Flusso netto: 1.3, Demand: 1.3, percentage: 100.0
Sink 37 SODDISFATTO. Flusso netto: 1.0, Demand: 1.0, percentage: 100.0
Sink 39 non è soddisfatto. Flusso netto: 0.0, Demand: 0.4, percentage: 0.0
Sink 40 non è soddisfatto. Flusso netto: 0.0, Demand: 0.5, percentage: 0.0
Sink 41 SODDISFATTO. Flusso netto: 1.0600000000000005, Demand: 1.06, percentage: 100.00000000000004
Sink 42 SODDISFATTO. Flusso netto: 2.8200000000000007, Demand: 2.82, percentage: 100.00000000000003
Sink 45 SODDISFATTO. Flusso netto: 0.6800000000000002, Demand: 0.68, percentage: 100.00000000000003
Sink 46 SODDISFATTO. Flusso netto: 1.17, Demand: 1.17, percentage: 100.0
Sink 49 non è soddisfatto. Flusso netto: 4.59, Demand: 7.0, percentage: 65.57142857142857
Flusso totale entrante nei SINK: 43.980000000000004
Flusso totale uscente nei SINK: 19.639999999999997
Flusso totale netto nei SINK: 24.340000000000007
Total DEMAND dei SINK: 46.44
Percentual di flusso ai SINK: 0.5241171403962104
Numero di Sink soddisfatti: 13.0, numero totale di sink: 25.0
Percentuale di Sink soddisfatti: 0.52

---------------------------------- DAY 38

Update Fixed Elements from Intrinsic Faults
Update Fixed Elements from Heavy Faults
Update Fixed Elements from Attack
Propagate Intrinsic Fault
Node NODO_2 has still failing due to Intrinsic Fault
Node NODO_19 has still failing due to Intrinsic Fault
pipeline ARCO_70 still has reduced capacity: 24.8 due to Intrinsic Fault
pipeline V_EDGE_53_0 still has reduced capacity: 24.8 due to Intrinsic Fault
pipeline ARCO_0 still has reduced capacity: 24.8 due to Intrinsic Fault
pipeline ARCO_35 still has reduced capacity: 0.0 due to Intrinsic Fault
pipeline ARCO_109 still has reduced capacity: 0.0 due to Intrinsic Fault
pipeline ARCO_110 still has reduced capacity: 0.0 due to Intrinsic Fault
pipeline V_EDGE_53_17 still has reduced capacity: 0.0 due to Intrinsic Fault
pipeline ARCO_39 still has reduced capacity: 0.0 due to Intrinsic Fault
pipeline ARCO_40 still has reduced capacity: 0.0 due to Intrinsic Fault
pipeline ARCO_105 still has reduced capacity: 0.0 due to Intrinsic Fault
Propagate Heavy Faults
Propagate Attacks
Inject Intrinsic Failure To Source
Source NODO_2 is failing for an Intrinsic Fault in day: 38
pipeline ARCO_70 has reduced capacity due to NODO_2 Intrinsic fault
pipeline V_EDGE_53_0 has reduced capacity due to NODO_2 Intrinsic fault
pipeline ARCO_0 has reduced capacity due to NODO_2 Intrinsic fault
Inject Heavy Fault To Sources
Inject Attack Multiple To Source
Inject Intrinsic Fault To Pipeline
Inject Heavy Fault To Pipeline
Inject Attack To Pipeline
----------- Statistics ------------
	Sources Under Attack: 0
	Sources with Heavy Fault: 0
	Sources with Intrinsic Fault: 2
	Arcs with reduce capacity due to Attack: 0
	Arcs with reduce capacity due to Heavy Fault: 0
	Arcs with reduce capacity due to Intrinsic Fault: 10
	Arcs with Attacks: 0
	Arcs with Heavy Fault: 0
	Arcs with Intrinsic Fault: 0
--------- SOURCES STATISTICS ---------------
Demand del real Source[0]: -31.0, flusso erogato: 9.79, flusso entrante: 0.0, efficienza: 31.58064516129032 %
Demand del real Source[8]: -10.5, flusso erogato: 7.45, flusso entrante: 0.0, efficienza: 70.95238095238095 %
Demand del real Source[9]: -7.1, flusso erogato: 15.889999999999999, flusso entrante: 8.790000000000006, efficienza: 223.80281690140845 %
Demand del real Source[17]: -25.0, flusso erogato: 0.0, flusso entrante: 0.0, efficienza: 0.0 %
Flusso totale entrante nei Real Source: 8.790000000000006
Flusso totale uscente dai Real Source: 33.13
Flusso netto sui real Source: -24.339999999999996
--- SINKS STATISTICS ---
Sink 3 SODDISFATTO. Flusso netto: 3.4299999999999997, Demand: 3.43, percentage: 99.99999999999999
Sink 4 SODDISFATTO. Flusso netto: 0.5700000000000003, Demand: 0.57, percentage: 100.00000000000007
Sink 5 SODDISFATTO. Flusso netto: 0.6600000000000019, Demand: 0.66, percentage: 100.00000000000028
Sink 11 SODDISFATTO. Flusso netto: 1.0299999999999978, Demand: 1.03, percentage: 99.99999999999979
Sink 15 SODDISFATTO. Flusso netto: 0.46000000000000263, Demand: 0.46, percentage: 100.00000000000058
Sink 16 non è soddisfatto. Flusso netto: 2.83, Demand: 8.4, percentage: 33.69047619047619
Sink 19 non è soddisfatto. Flusso netto: 0.0, Demand: 0.54, percentage: 0.0
Sink 23 non è soddisfatto. Flusso netto: 0.0, Demand: 0.6, percentage: 0.0
Sink 24 non è soddisfatto. Flusso netto: 0.0, Demand: 0.8, percentage: 0.0
Sink 25 non è soddisfatto. Flusso netto: 0.0, Demand: 3.5, percentage: 0.0
Sink 26 non è soddisfatto. Flusso netto: 0.0, Demand: 6.0, percentage: 0.0
Sink 28 non è soddisfatto. Flusso netto: 0.0, Demand: 0.4, percentage: 0.0
Sink 30 non è soddisfatto. Flusso netto: 0.0, Demand: 0.98, percentage: 0.0
Sink 31 non è soddisfatto. Flusso netto: 0.0, Demand: 0.4, percentage: 0.0
Sink 32 SODDISFATTO. Flusso netto: 1.0, Demand: 1.0, percentage: 100.0
Sink 34 SODDISFATTO. Flusso netto: 1.7400000000000002, Demand: 1.74, percentage: 100.00000000000003
Sink 35 SODDISFATTO. Flusso netto: 1.3, Demand: 1.3, percentage: 100.0
Sink 37 SODDISFATTO. Flusso netto: 1.0, Demand: 1.0, percentage: 100.0
Sink 39 non è soddisfatto. Flusso netto: 0.0, Demand: 0.4, percentage: 0.0
Sink 40 non è soddisfatto. Flusso netto: 0.0, Demand: 0.5, percentage: 0.0
Sink 41 SODDISFATTO. Flusso netto: 1.0600000000000005, Demand: 1.06, percentage: 100.00000000000004
Sink 42 SODDISFATTO. Flusso netto: 2.8200000000000007, Demand: 2.82, percentage: 100.00000000000003
Sink 45 SODDISFATTO. Flusso netto: 0.6800000000000002, Demand: 0.68, percentage: 100.00000000000003
Sink 46 SODDISFATTO. Flusso netto: 1.17, Demand: 1.17, percentage: 100.0
Sink 49 non è soddisfatto. Flusso netto: 4.59, Demand: 7.0, percentage: 65.57142857142857
Flusso totale entrante nei SINK: 43.980000000000004
Flusso totale uscente nei SINK: 19.639999999999997
Flusso totale netto nei SINK: 24.340000000000007
Total DEMAND dei SINK: 46.44
Percentual di flusso ai SINK: 0.5241171403962104
Numero di Sink soddisfatti: 13.0, numero totale di sink: 25.0
Percentuale di Sink soddisfatti: 0.52

---------------------------------- DAY 39

Update Fixed Elements from Intrinsic Faults
Update Fixed Elements from Heavy Faults
Update Fixed Elements from Attack
Propagate Intrinsic Fault
Node NODO_2 has still failing due to Intrinsic Fault
Node NODO_19 has still failing due to Intrinsic Fault
pipeline ARCO_70 still has reduced capacity: 24.8 due to Intrinsic Fault
pipeline V_EDGE_53_0 still has reduced capacity: 24.8 due to Intrinsic Fault
pipeline ARCO_0 still has reduced capacity: 24.8 due to Intrinsic Fault
pipeline ARCO_35 still has reduced capacity: 0.0 due to Intrinsic Fault
pipeline ARCO_109 still has reduced capacity: 0.0 due to Intrinsic Fault
pipeline ARCO_110 still has reduced capacity: 0.0 due to Intrinsic Fault
pipeline V_EDGE_53_17 still has reduced capacity: 0.0 due to Intrinsic Fault
pipeline ARCO_39 still has reduced capacity: 0.0 due to Intrinsic Fault
pipeline ARCO_40 still has reduced capacity: 0.0 due to Intrinsic Fault
pipeline ARCO_105 still has reduced capacity: 0.0 due to Intrinsic Fault
Propagate Heavy Faults
Propagate Attacks
Inject Intrinsic Failure To Source
Inject Heavy Fault To Sources
Inject Attack Multiple To Source
Inject Intrinsic Fault To Pipeline
Inject Heavy Fault To Pipeline
Inject Attack To Pipeline
----------- Statistics ------------
	Sources Under Attack: 0
	Sources with Heavy Fault: 0
	Sources with Intrinsic Fault: 2
	Arcs with reduce capacity due to Attack: 0
	Arcs with reduce capacity due to Heavy Fault: 0
	Arcs with reduce capacity due to Intrinsic Fault: 10
	Arcs with Attacks: 0
	Arcs with Heavy Fault: 0
	Arcs with Intrinsic Fault: 0
--------- SOURCES STATISTICS ---------------
Demand del real Source[0]: -31.0, flusso erogato: 9.79, flusso entrante: 0.0, efficienza: 31.58064516129032 %
Demand del real Source[8]: -10.5, flusso erogato: 7.45, flusso entrante: 0.0, efficienza: 70.95238095238095 %
Demand del real Source[9]: -7.1, flusso erogato: 15.889999999999999, flusso entrante: 8.790000000000006, efficienza: 223.80281690140845 %
Demand del real Source[17]: -25.0, flusso erogato: 0.0, flusso entrante: 0.0, efficienza: 0.0 %
Flusso totale entrante nei Real Source: 8.790000000000006
Flusso totale uscente dai Real Source: 33.13
Flusso netto sui real Source: -24.339999999999996
--- SINKS STATISTICS ---
Sink 3 SODDISFATTO. Flusso netto: 3.4299999999999997, Demand: 3.43, percentage: 99.99999999999999
Sink 4 SODDISFATTO. Flusso netto: 0.5700000000000003, Demand: 0.57, percentage: 100.00000000000007
Sink 5 SODDISFATTO. Flusso netto: 0.6600000000000019, Demand: 0.66, percentage: 100.00000000000028
Sink 11 SODDISFATTO. Flusso netto: 1.0299999999999978, Demand: 1.03, percentage: 99.99999999999979
Sink 15 SODDISFATTO. Flusso netto: 0.46000000000000263, Demand: 0.46, percentage: 100.00000000000058
Sink 16 non è soddisfatto. Flusso netto: 2.83, Demand: 8.4, percentage: 33.69047619047619
Sink 19 non è soddisfatto. Flusso netto: 0.0, Demand: 0.54, percentage: 0.0
Sink 23 non è soddisfatto. Flusso netto: 0.0, Demand: 0.6, percentage: 0.0
Sink 24 non è soddisfatto. Flusso netto: 0.0, Demand: 0.8, percentage: 0.0
Sink 25 non è soddisfatto. Flusso netto: 0.0, Demand: 3.5, percentage: 0.0
Sink 26 non è soddisfatto. Flusso netto: 0.0, Demand: 6.0, percentage: 0.0
Sink 28 non è soddisfatto. Flusso netto: 0.0, Demand: 0.4, percentage: 0.0
Sink 30 non è soddisfatto. Flusso netto: 0.0, Demand: 0.98, percentage: 0.0
Sink 31 non è soddisfatto. Flusso netto: 0.0, Demand: 0.4, percentage: 0.0
Sink 32 SODDISFATTO. Flusso netto: 1.0, Demand: 1.0, percentage: 100.0
Sink 34 SODDISFATTO. Flusso netto: 1.7400000000000002, Demand: 1.74, percentage: 100.00000000000003
Sink 35 SODDISFATTO. Flusso netto: 1.3, Demand: 1.3, percentage: 100.0
Sink 37 SODDISFATTO. Flusso netto: 1.0, Demand: 1.0, percentage: 100.0
Sink 39 non è soddisfatto. Flusso netto: 0.0, Demand: 0.4, percentage: 0.0
Sink 40 non è soddisfatto. Flusso netto: 0.0, Demand: 0.5, percentage: 0.0
Sink 41 SODDISFATTO. Flusso netto: 1.0600000000000005, Demand: 1.06, percentage: 100.00000000000004
Sink 42 SODDISFATTO. Flusso netto: 2.8200000000000007, Demand: 2.82, percentage: 100.00000000000003
Sink 45 SODDISFATTO. Flusso netto: 0.6800000000000002, Demand: 0.68, percentage: 100.00000000000003
Sink 46 SODDISFATTO. Flusso netto: 1.17, Demand: 1.17, percentage: 100.0
Sink 49 non è soddisfatto. Flusso netto: 4.59, Demand: 7.0, percentage: 65.57142857142857
Flusso totale entrante nei SINK: 43.980000000000004
Flusso totale uscente nei SINK: 19.639999999999997
Flusso totale netto nei SINK: 24.340000000000007
Total DEMAND dei SINK: 46.44
Percentual di flusso ai SINK: 0.5241171403962104
Numero di Sink soddisfatti: 13.0, numero totale di sink: 25.0
Percentuale di Sink soddisfatti: 0.52

---------------------------------- DAY 40

Update Fixed Elements from Intrinsic Faults
Source NODO_2 fixed from Intrinsic Fault
Pipeline ARCO_70 fixed due to Source NODO_2 fixing from Intrinsic Fault
Pipeline V_EDGE_53_0 fixed due to Source NODO_2 fixing from Intrinsic Fault
Pipeline ARCO_0 fixed due to Source NODO_2 fixing from Intrinsic Fault
Update Fixed Elements from Heavy Faults
Update Fixed Elements from Attack
Propagate Intrinsic Fault
Node NODO_19 has still failing due to Intrinsic Fault
pipeline ARCO_35 still has reduced capacity: 0.0 due to Intrinsic Fault
pipeline ARCO_109 still has reduced capacity: 0.0 due to Intrinsic Fault
pipeline ARCO_110 still has reduced capacity: 0.0 due to Intrinsic Fault
pipeline V_EDGE_53_17 still has reduced capacity: 0.0 due to Intrinsic Fault
pipeline ARCO_39 still has reduced capacity: 0.0 due to Intrinsic Fault
pipeline ARCO_40 still has reduced capacity: 0.0 due to Intrinsic Fault
pipeline ARCO_105 still has reduced capacity: 0.0 due to Intrinsic Fault
Propagate Heavy Faults
Propagate Attacks
Inject Intrinsic Failure To Source
Source NODO_11 is failing for an Intrinsic Fault in day: 40
pipeline ARCO_3 has reduced capacity due to NODO_11 Intrinsic fault
pipeline ARCO_90 has reduced capacity due to NODO_11 Intrinsic fault
pipeline ARCO_91 has reduced capacity due to NODO_11 Intrinsic fault
pipeline ARCO_92 has reduced capacity due to NODO_11 Intrinsic fault
pipeline V_EDGE_53_9 has reduced capacity due to NODO_11 Intrinsic fault
pipeline ARCO_20 has reduced capacity due to NODO_11 Intrinsic fault
pipeline ARCO_21 has reduced capacity due to NODO_11 Intrinsic fault
pipeline ARCO_22 has reduced capacity due to NODO_11 Intrinsic fault
pipeline ARCO_73 has reduced capacity due to NODO_11 Intrinsic fault
Inject Heavy Fault To Sources
Inject Attack Multiple To Source
Inject Intrinsic Fault To Pipeline
Inject Heavy Fault To Pipeline
Inject Attack To Pipeline
----------- Statistics ------------
	Sources Under Attack: 0
	Sources with Heavy Fault: 0
	Sources with Intrinsic Fault: 2
	Arcs with reduce capacity due to Attack: 0
	Arcs with reduce capacity due to Heavy Fault: 0
	Arcs with reduce capacity due to Intrinsic Fault: 16
	Arcs with Attacks: 0
	Arcs with Heavy Fault: 0
	Arcs with Intrinsic Fault: 0
--------- SOURCES STATISTICS ---------------
Demand del real Source[0]: -31.0, flusso erogato: 10.049999999999997, flusso entrante: 0.0, efficienza: 32.419354838709666 %
Demand del real Source[8]: -10.5, flusso erogato: 7.85, flusso entrante: 0.0, efficienza: 74.76190476190476 %
Demand del real Source[9]: -7.1, flusso erogato: 14.729999999999999, flusso entrante: 9.050000000000004, efficienza: 207.46478873239437 %
Demand del real Source[17]: -25.0, flusso erogato: 0.0, flusso entrante: 0.0, efficienza: 0.0 %
Flusso totale entrante nei Real Source: 9.050000000000004
Flusso totale uscente dai Real Source: 32.63
Flusso netto sui real Source: -23.58
--- SINKS STATISTICS ---
Sink 3 SODDISFATTO. Flusso netto: 3.4299999999999997, Demand: 3.43, percentage: 99.99999999999999
Sink 4 SODDISFATTO. Flusso netto: 0.5700000000000003, Demand: 0.57, percentage: 100.00000000000007
Sink 5 SODDISFATTO. Flusso netto: 0.6600000000000001, Demand: 0.66, percentage: 100.00000000000003
Sink 11 SODDISFATTO. Flusso netto: 1.0299999999999978, Demand: 1.03, percentage: 99.99999999999979
Sink 15 SODDISFATTO. Flusso netto: 0.46000000000000263, Demand: 0.46, percentage: 100.00000000000058
Sink 16 non è soddisfatto. Flusso netto: 2.83, Demand: 8.4, percentage: 33.69047619047619
Sink 19 non è soddisfatto. Flusso netto: 0.0, Demand: 0.54, percentage: 0.0
Sink 23 non è soddisfatto. Flusso netto: 0.0, Demand: 0.6, percentage: 0.0
Sink 24 non è soddisfatto. Flusso netto: 0.0, Demand: 0.8, percentage: 0.0
Sink 25 non è soddisfatto. Flusso netto: 0.0, Demand: 3.5, percentage: 0.0
Sink 26 non è soddisfatto. Flusso netto: 0.0, Demand: 6.0, percentage: 0.0
Sink 28 non è soddisfatto. Flusso netto: 0.0, Demand: 0.4, percentage: 0.0
Sink 30 non è soddisfatto. Flusso netto: 0.0, Demand: 0.98, percentage: 0.0
Sink 31 non è soddisfatto. Flusso netto: 0.0, Demand: 0.4, percentage: 0.0
Sink 32 SODDISFATTO. Flusso netto: 1.0000000000000009, Demand: 1.0, percentage: 100.00000000000009
Sink 34 SODDISFATTO. Flusso netto: 1.7400000000000002, Demand: 1.74, percentage: 100.00000000000003
Sink 35 SODDISFATTO. Flusso netto: 1.3, Demand: 1.3, percentage: 100.0
Sink 37 SODDISFATTO. Flusso netto: 1.0, Demand: 1.0, percentage: 100.0
Sink 39 non è soddisfatto. Flusso netto: 0.0, Demand: 0.4, percentage: 0.0
Sink 40 non è soddisfatto. Flusso netto: 0.0, Demand: 0.5, percentage: 0.0
Sink 41 SODDISFATTO. Flusso netto: 1.0600000000000005, Demand: 1.06, percentage: 100.00000000000004
Sink 42 SODDISFATTO. Flusso netto: 2.819999999999999, Demand: 2.82, percentage: 99.99999999999997
Sink 45 SODDISFATTO. Flusso netto: 0.6800000000000002, Demand: 0.68, percentage: 100.00000000000003
Sink 46 SODDISFATTO. Flusso netto: 1.17, Demand: 1.17, percentage: 100.0
Sink 49 non è soddisfatto. Flusso netto: 3.83, Demand: 7.0, percentage: 54.714285714285715
Flusso totale entrante nei SINK: 42.402
Flusso totale uscente nei SINK: 18.822000000000003
Flusso totale netto nei SINK: 23.58
Total DEMAND dei SINK: 46.44
Percentual di flusso ai SINK: 0.5077519379844961
Numero di Sink soddisfatti: 13.0, numero totale di sink: 25.0
Percentuale di Sink soddisfatti: 0.52

---------------------------------- DAY 41

Update Fixed Elements from Intrinsic Faults
Source NODO_19 fixed from Intrinsic Fault
Pipeline ARCO_35 fixed due to Source NODO_19 fixing from Intrinsic Fault
Pipeline ARCO_109 fixed due to Source NODO_19 fixing from Intrinsic Fault
Pipeline ARCO_110 fixed due to Source NODO_19 fixing from Intrinsic Fault
Pipeline V_EDGE_53_17 fixed due to Source NODO_19 fixing from Intrinsic Fault
Pipeline ARCO_39 fixed due to Source NODO_19 fixing from Intrinsic Fault
Pipeline ARCO_40 fixed due to Source NODO_19 fixing from Intrinsic Fault
Pipeline ARCO_105 fixed due to Source NODO_19 fixing from Intrinsic Fault
Update Fixed Elements from Heavy Faults
Update Fixed Elements from Attack
Propagate Intrinsic Fault
Node NODO_11 has still failing due to Intrinsic Fault
pipeline ARCO_3 still has reduced capacity: 9.688 due to Intrinsic Fault
pipeline ARCO_90 still has reduced capacity: 1.6 due to Intrinsic Fault
pipeline ARCO_91 still has reduced capacity: 9.688 due to Intrinsic Fault
pipeline ARCO_92 still has reduced capacity: 39.328 due to Intrinsic Fault
pipeline V_EDGE_53_9 still has reduced capacity: 5.68 due to Intrinsic Fault
pipeline ARCO_20 still has reduced capacity: 1.6 due to Intrinsic Fault
pipeline ARCO_21 still has reduced capacity: 9.688 due to Intrinsic Fault
pipeline ARCO_22 still has reduced capacity: 39.328 due to Intrinsic Fault
pipeline ARCO_73 still has reduced capacity: 9.688 due to Intrinsic Fault
Propagate Heavy Faults
Propagate Attacks
Inject Intrinsic Failure To Source
Source NODO_11 is failing for an Intrinsic Fault in day: 41
pipeline ARCO_3 has reduced capacity due to NODO_11 Intrinsic fault
pipeline ARCO_90 has reduced capacity due to NODO_11 Intrinsic fault
pipeline ARCO_91 has reduced capacity due to NODO_11 Intrinsic fault
pipeline ARCO_92 has reduced capacity due to NODO_11 Intrinsic fault
pipeline V_EDGE_53_9 has reduced capacity due to NODO_11 Intrinsic fault
pipeline ARCO_20 has reduced capacity due to NODO_11 Intrinsic fault
pipeline ARCO_21 has reduced capacity due to NODO_11 Intrinsic fault
pipeline ARCO_22 has reduced capacity due to NODO_11 Intrinsic fault
pipeline ARCO_73 has reduced capacity due to NODO_11 Intrinsic fault
Inject Heavy Fault To Sources
Inject Attack Multiple To Source
Inject Intrinsic Fault To Pipeline
Inject Heavy Fault To Pipeline
Inject Attack To Pipeline
----------- Statistics ------------
	Sources Under Attack: 0
	Sources with Heavy Fault: 0
	Sources with Intrinsic Fault: 1
	Arcs with reduce capacity due to Attack: 0
	Arcs with reduce capacity due to Heavy Fault: 0
	Arcs with reduce capacity due to Intrinsic Fault: 9
	Arcs with Attacks: 0
	Arcs with Heavy Fault: 0
	Arcs with Intrinsic Fault: 0
--------- SOURCES STATISTICS ---------------
Demand del real Source[0]: -31.0, flusso erogato: 9.865999999999996, flusso entrante: 0.0, efficienza: 31.82580645161289 %
Demand del real Source[8]: -10.5, flusso erogato: 3.8600000000000003, flusso entrante: 0.0, efficienza: 36.76190476190476 %
Demand del real Source[9]: -7.1, flusso erogato: 13.41, flusso entrante: 8.865999999999996, efficienza: 188.87323943661974 %
Demand del real Source[17]: -25.0, flusso erogato: 25.000000000000007, flusso entrante: 0.0, efficienza: 100.00000000000003 %
Flusso totale entrante nei Real Source: 8.865999999999996
Flusso totale uscente dai Real Source: 52.136
Flusso netto sui real Source: -43.27000000000001
--- SINKS STATISTICS ---
Sink 3 SODDISFATTO. Flusso netto: 3.4300000000000006, Demand: 3.43, percentage: 100.00000000000003
Sink 4 SODDISFATTO. Flusso netto: 0.5700000000000003, Demand: 0.57, percentage: 100.00000000000007
Sink 5 SODDISFATTO. Flusso netto: 0.6600000000000001, Demand: 0.66, percentage: 100.00000000000003
Sink 11 SODDISFATTO. Flusso netto: 1.03, Demand: 1.03, percentage: 100.0
Sink 15 SODDISFATTO. Flusso netto: 0.4600000000000044, Demand: 0.46, percentage: 100.00000000000095
Sink 16 SODDISFATTO. Flusso netto: 8.399999999999993, Demand: 8.4, percentage: 99.99999999999991
Sink 19 SODDISFATTO. Flusso netto: 0.5399999999999938, Demand: 0.54, percentage: 99.99999999999885
Sink 23 SODDISFATTO. Flusso netto: 0.5999999999999996, Demand: 0.6, percentage: 99.99999999999994
Sink 24 SODDISFATTO. Flusso netto: 0.8000000000000007, Demand: 0.8, percentage: 100.00000000000009
Sink 25 SODDISFATTO. Flusso netto: 3.5, Demand: 3.5, percentage: 100.0
Sink 26 SODDISFATTO. Flusso netto: 6.000000000000007, Demand: 6.0, percentage: 100.00000000000011
Sink 28 SODDISFATTO. Flusso netto: 0.4, Demand: 0.4, percentage: 100.0
Sink 30 SODDISFATTO. Flusso netto: 0.9799999999999933, Demand: 0.98, percentage: 99.99999999999932
Sink 31 SODDISFATTO. Flusso netto: 0.3999999999999999, Demand: 0.4, percentage: 99.99999999999997
Sink 32 SODDISFATTO. Flusso netto: 0.9999999999999989, Demand: 1.0, percentage: 99.99999999999989
Sink 34 SODDISFATTO. Flusso netto: 1.7400000000000002, Demand: 1.74, percentage: 100.00000000000003
Sink 35 SODDISFATTO. Flusso netto: 1.3, Demand: 1.3, percentage: 100.0
Sink 37 SODDISFATTO. Flusso netto: 1.0, Demand: 1.0, percentage: 100.0
Sink 39 SODDISFATTO. Flusso netto: 0.40000000000000036, Demand: 0.4, percentage: 100.00000000000009
Sink 40 SODDISFATTO. Flusso netto: 0.5, Demand: 0.5, percentage: 100.0
Sink 41 SODDISFATTO. Flusso netto: 1.0600000000000005, Demand: 1.06, percentage: 100.00000000000004
Sink 42 SODDISFATTO. Flusso netto: 2.819999999999999, Demand: 2.82, percentage: 99.99999999999997
Sink 45 SODDISFATTO. Flusso netto: 0.6800000000000002, Demand: 0.68, percentage: 100.00000000000003
Sink 46 SODDISFATTO. Flusso netto: 1.17, Demand: 1.17, percentage: 100.0
Sink 49 non è soddisfatto. Flusso netto: 3.83, Demand: 7.0, percentage: 54.714285714285715
Flusso totale entrante nei SINK: 88.1092
Flusso totale uscente nei SINK: 44.839200000000005
Flusso totale netto nei SINK: 43.269999999999996
Total DEMAND dei SINK: 46.44
Percentual di flusso ai SINK: 0.931739879414298
Numero di Sink soddisfatti: 24.0, numero totale di sink: 25.0
Percentuale di Sink soddisfatti: 0.96

---------------------------------- DAY 42

Update Fixed Elements from Intrinsic Faults
Update Fixed Elements from Heavy Faults
Update Fixed Elements from Attack
Propagate Intrinsic Fault
Node NODO_11 has still failing due to Intrinsic Fault
pipeline ARCO_3 still has reduced capacity: 9.688 due to Intrinsic Fault
pipeline ARCO_90 still has reduced capacity: 1.6 due to Intrinsic Fault
pipeline ARCO_91 still has reduced capacity: 9.688 due to Intrinsic Fault
pipeline ARCO_92 still has reduced capacity: 39.328 due to Intrinsic Fault
pipeline V_EDGE_53_9 still has reduced capacity: 5.68 due to Intrinsic Fault
pipeline ARCO_20 still has reduced capacity: 1.6 due to Intrinsic Fault
pipeline ARCO_21 still has reduced capacity: 9.688 due to Intrinsic Fault
pipeline ARCO_22 still has reduced capacity: 39.328 due to Intrinsic Fault
pipeline ARCO_73 still has reduced capacity: 9.688 due to Intrinsic Fault
Propagate Heavy Faults
Propagate Attacks
Inject Intrinsic Failure To Source
Inject Heavy Fault To Sources
Inject Attack Multiple To Source
Inject Intrinsic Fault To Pipeline
Inject Heavy Fault To Pipeline
Inject Attack To Pipeline
----------- Statistics ------------
	Sources Under Attack: 0
	Sources with Heavy Fault: 0
	Sources with Intrinsic Fault: 1
	Arcs with reduce capacity due to Attack: 0
	Arcs with reduce capacity due to Heavy Fault: 0
	Arcs with reduce capacity due to Intrinsic Fault: 9
	Arcs with Attacks: 0
	Arcs with Heavy Fault: 0
	Arcs with Intrinsic Fault: 0
--------- SOURCES STATISTICS ---------------
Demand del real Source[0]: -31.0, flusso erogato: 8.729999999999993, flusso entrante: 0.0, efficienza: 28.161290322580623 %
Demand del real Source[8]: -10.5, flusso erogato: 3.8600000000000003, flusso entrante: 0.0, efficienza: 36.76190476190476 %
Demand del real Source[9]: -7.1, flusso erogato: 13.409999999999997, flusso entrante: 7.73, efficienza: 188.87323943661968 %
Demand del real Source[17]: -25.0, flusso erogato: 25.000000000000007, flusso entrante: 0.0, efficienza: 100.00000000000003 %
Flusso totale entrante nei Real Source: 7.73
Flusso totale uscente dai Real Source: 51.0
Flusso netto sui real Source: -43.269999999999996
--- SINKS STATISTICS ---
Sink 3 SODDISFATTO. Flusso netto: 3.4299999999999997, Demand: 3.43, percentage: 99.99999999999999
Sink 4 SODDISFATTO. Flusso netto: 0.5700000000000003, Demand: 0.57, percentage: 100.00000000000007
Sink 5 SODDISFATTO. Flusso netto: 0.6600000000000001, Demand: 0.66, percentage: 100.00000000000003
Sink 11 SODDISFATTO. Flusso netto: 1.03, Demand: 1.03, percentage: 100.0
Sink 15 SODDISFATTO. Flusso netto: 0.4600000000000044, Demand: 0.46, percentage: 100.00000000000095
Sink 16 SODDISFATTO. Flusso netto: 8.399999999999993, Demand: 8.4, percentage: 99.99999999999991
Sink 19 SODDISFATTO. Flusso netto: 0.5399999999999938, Demand: 0.54, percentage: 99.99999999999885
Sink 23 SODDISFATTO. Flusso netto: 0.5999999999999996, Demand: 0.6, percentage: 99.99999999999994
Sink 24 SODDISFATTO. Flusso netto: 0.8000000000000007, Demand: 0.8, percentage: 100.00000000000009
Sink 25 SODDISFATTO. Flusso netto: 3.5, Demand: 3.5, percentage: 100.0
Sink 26 SODDISFATTO. Flusso netto: 6.000000000000007, Demand: 6.0, percentage: 100.00000000000011
Sink 28 SODDISFATTO. Flusso netto: 0.4, Demand: 0.4, percentage: 100.0
Sink 30 SODDISFATTO. Flusso netto: 0.9799999999999933, Demand: 0.98, percentage: 99.99999999999932
Sink 31 SODDISFATTO. Flusso netto: 0.3999999999999999, Demand: 0.4, percentage: 99.99999999999997
Sink 32 SODDISFATTO. Flusso netto: 0.9999999999999989, Demand: 1.0, percentage: 99.99999999999989
Sink 34 SODDISFATTO. Flusso netto: 1.7400000000000002, Demand: 1.74, percentage: 100.00000000000003
Sink 35 SODDISFATTO. Flusso netto: 1.3, Demand: 1.3, percentage: 100.0
Sink 37 SODDISFATTO. Flusso netto: 1.0, Demand: 1.0, percentage: 100.0
Sink 39 SODDISFATTO. Flusso netto: 0.40000000000000036, Demand: 0.4, percentage: 100.00000000000009
Sink 40 SODDISFATTO. Flusso netto: 0.5, Demand: 0.5, percentage: 100.0
Sink 41 SODDISFATTO. Flusso netto: 1.0600000000000005, Demand: 1.06, percentage: 100.00000000000004
Sink 42 SODDISFATTO. Flusso netto: 2.819999999999999, Demand: 2.82, percentage: 99.99999999999997
Sink 45 SODDISFATTO. Flusso netto: 0.6800000000000002, Demand: 0.68, percentage: 100.00000000000003
Sink 46 SODDISFATTO. Flusso netto: 1.17, Demand: 1.17, percentage: 100.0
Sink 49 non è soddisfatto. Flusso netto: 3.83, Demand: 7.0, percentage: 54.714285714285715
Flusso totale entrante nei SINK: 85.282
Flusso totale uscente nei SINK: 42.01200000000001
Flusso totale netto nei SINK: 43.26999999999999
Total DEMAND dei SINK: 46.44
Percentual di flusso ai SINK: 0.9317398794142978
Numero di Sink soddisfatti: 24.0, numero totale di sink: 25.0
Percentuale di Sink soddisfatti: 0.96

---------------------------------- DAY 43

Update Fixed Elements from Intrinsic Faults
Source NODO_11 fixed from Intrinsic Fault
Pipeline ARCO_3 fixed due to Source NODO_11 fixing from Intrinsic Fault
Pipeline ARCO_90 fixed due to Source NODO_11 fixing from Intrinsic Fault
Pipeline ARCO_91 fixed due to Source NODO_11 fixing from Intrinsic Fault
Pipeline ARCO_92 fixed due to Source NODO_11 fixing from Intrinsic Fault
Pipeline V_EDGE_53_9 fixed due to Source NODO_11 fixing from Intrinsic Fault
Pipeline ARCO_20 fixed due to Source NODO_11 fixing from Intrinsic Fault
Pipeline ARCO_21 fixed due to Source NODO_11 fixing from Intrinsic Fault
Pipeline ARCO_22 fixed due to Source NODO_11 fixing from Intrinsic Fault
Pipeline ARCO_73 fixed due to Source NODO_11 fixing from Intrinsic Fault
Update Fixed Elements from Heavy Faults
Update Fixed Elements from Attack
Propagate Intrinsic Fault
Propagate Heavy Faults
Propagate Attacks
Inject Intrinsic Failure To Source
Inject Heavy Fault To Sources
Inject Attack Multiple To Source
Inject Intrinsic Fault To Pipeline
Inject Heavy Fault To Pipeline
Inject Attack To Pipeline
----------- Statistics ------------
	Sources Under Attack: 0
	Sources with Heavy Fault: 0
	Sources with Intrinsic Fault: 0
	Arcs with reduce capacity due to Attack: 0
	Arcs with reduce capacity due to Heavy Fault: 0
	Arcs with reduce capacity due to Intrinsic Fault: 0
	Arcs with Attacks: 0
	Arcs with Heavy Fault: 0
	Arcs with Intrinsic Fault: 0
--------- SOURCES STATISTICS ---------------
Demand del real Source[0]: -31.0, flusso erogato: 8.069999999999997, flusso entrante: 0.0, efficienza: 26.032258064516117 %
Demand del real Source[8]: -10.5, flusso erogato: 3.8600000000000003, flusso entrante: 0.0, efficienza: 36.76190476190476 %
Demand del real Source[9]: -7.1, flusso erogato: 14.169999999999996, flusso entrante: 7.070000000000007, efficienza: 199.57746478873236 %
Demand del real Source[17]: -25.0, flusso erogato: 25.000000000000007, flusso entrante: 0.0, efficienza: 100.00000000000003 %
Flusso totale entrante nei Real Source: 7.070000000000007
Flusso totale uscente dai Real Source: 51.1
Flusso netto sui real Source: -44.029999999999994
--- SINKS STATISTICS ---
Sink 3 SODDISFATTO. Flusso netto: 3.4299999999999997, Demand: 3.43, percentage: 99.99999999999999
Sink 4 SODDISFATTO. Flusso netto: 0.5700000000000003, Demand: 0.57, percentage: 100.00000000000007
Sink 5 SODDISFATTO. Flusso netto: 0.6600000000000019, Demand: 0.66, percentage: 100.00000000000028
Sink 11 SODDISFATTO. Flusso netto: 1.03, Demand: 1.03, percentage: 100.0
Sink 15 SODDISFATTO. Flusso netto: 0.4600000000000044, Demand: 0.46, percentage: 100.00000000000095
Sink 16 SODDISFATTO. Flusso netto: 8.399999999999993, Demand: 8.4, percentage: 99.99999999999991
Sink 19 SODDISFATTO. Flusso netto: 0.5399999999999938, Demand: 0.54, percentage: 99.99999999999885
Sink 23 SODDISFATTO. Flusso netto: 0.5999999999999996, Demand: 0.6, percentage: 99.99999999999994
Sink 24 SODDISFATTO. Flusso netto: 0.8000000000000007, Demand: 0.8, percentage: 100.00000000000009
Sink 25 SODDISFATTO. Flusso netto: 3.5, Demand: 3.5, percentage: 100.0
Sink 26 SODDISFATTO. Flusso netto: 6.000000000000007, Demand: 6.0, percentage: 100.00000000000011
Sink 28 SODDISFATTO. Flusso netto: 0.4, Demand: 0.4, percentage: 100.0
Sink 30 SODDISFATTO. Flusso netto: 0.9799999999999933, Demand: 0.98, percentage: 99.99999999999932
Sink 31 SODDISFATTO. Flusso netto: 0.3999999999999999, Demand: 0.4, percentage: 99.99999999999997
Sink 32 SODDISFATTO. Flusso netto: 0.9999999999999989, Demand: 1.0, percentage: 99.99999999999989
Sink 34 SODDISFATTO. Flusso netto: 1.7400000000000002, Demand: 1.74, percentage: 100.00000000000003
Sink 35 SODDISFATTO. Flusso netto: 1.3, Demand: 1.3, percentage: 100.0
Sink 37 SODDISFATTO. Flusso netto: 1.0, Demand: 1.0, percentage: 100.0
Sink 39 SODDISFATTO. Flusso netto: 0.40000000000000036, Demand: 0.4, percentage: 100.00000000000009
Sink 40 SODDISFATTO. Flusso netto: 0.5, Demand: 0.5, percentage: 100.0
Sink 41 SODDISFATTO. Flusso netto: 1.0600000000000005, Demand: 1.06, percentage: 100.00000000000004
Sink 42 SODDISFATTO. Flusso netto: 2.8200000000000007, Demand: 2.82, percentage: 100.00000000000003
Sink 45 SODDISFATTO. Flusso netto: 0.6800000000000002, Demand: 0.68, percentage: 100.00000000000003
Sink 46 SODDISFATTO. Flusso netto: 1.17, Demand: 1.17, percentage: 100.0
Sink 49 non è soddisfatto. Flusso netto: 4.59, Demand: 7.0, percentage: 65.57142857142857
Flusso totale entrante nei SINK: 86.46000000000001
Flusso totale uscente nei SINK: 42.430000000000014
Flusso totale netto nei SINK: 44.029999999999994
Total DEMAND dei SINK: 46.44
Percentual di flusso ai SINK: 0.9481050818260119
Numero di Sink soddisfatti: 24.0, numero totale di sink: 25.0
Percentuale di Sink soddisfatti: 0.96

---------------------------------- DAY 44

Update Fixed Elements from Intrinsic Faults
Update Fixed Elements from Heavy Faults
Update Fixed Elements from Attack
Propagate Intrinsic Fault
Propagate Heavy Faults
Propagate Attacks
Inject Intrinsic Failure To Source
Inject Heavy Fault To Sources
Inject Attack Multiple To Source
Inject Intrinsic Fault To Pipeline
Inject Heavy Fault To Pipeline
Inject Attack To Pipeline
----------- Statistics ------------
	Sources Under Attack: 0
	Sources with Heavy Fault: 0
	Sources with Intrinsic Fault: 0
	Arcs with reduce capacity due to Attack: 0
	Arcs with reduce capacity due to Heavy Fault: 0
	Arcs with reduce capacity due to Intrinsic Fault: 0
	Arcs with Attacks: 0
	Arcs with Heavy Fault: 0
	Arcs with Intrinsic Fault: 0
--------- SOURCES STATISTICS ---------------
Demand del real Source[0]: -31.0, flusso erogato: 8.069999999999997, flusso entrante: 0.0, efficienza: 26.032258064516117 %
Demand del real Source[8]: -10.5, flusso erogato: 3.8600000000000003, flusso entrante: 0.0, efficienza: 36.76190476190476 %
Demand del real Source[9]: -7.1, flusso erogato: 14.169999999999996, flusso entrante: 7.070000000000007, efficienza: 199.57746478873236 %
Demand del real Source[17]: -25.0, flusso erogato: 25.000000000000007, flusso entrante: 0.0, efficienza: 100.00000000000003 %
Flusso totale entrante nei Real Source: 7.070000000000007
Flusso totale uscente dai Real Source: 51.1
Flusso netto sui real Source: -44.029999999999994
--- SINKS STATISTICS ---
Sink 3 SODDISFATTO. Flusso netto: 3.4299999999999997, Demand: 3.43, percentage: 99.99999999999999
Sink 4 SODDISFATTO. Flusso netto: 0.5700000000000003, Demand: 0.57, percentage: 100.00000000000007
Sink 5 SODDISFATTO. Flusso netto: 0.6600000000000019, Demand: 0.66, percentage: 100.00000000000028
Sink 11 SODDISFATTO. Flusso netto: 1.03, Demand: 1.03, percentage: 100.0
Sink 15 SODDISFATTO. Flusso netto: 0.4600000000000044, Demand: 0.46, percentage: 100.00000000000095
Sink 16 SODDISFATTO. Flusso netto: 8.399999999999993, Demand: 8.4, percentage: 99.99999999999991
Sink 19 SODDISFATTO. Flusso netto: 0.5399999999999938, Demand: 0.54, percentage: 99.99999999999885
Sink 23 SODDISFATTO. Flusso netto: 0.5999999999999996, Demand: 0.6, percentage: 99.99999999999994
Sink 24 SODDISFATTO. Flusso netto: 0.8000000000000007, Demand: 0.8, percentage: 100.00000000000009
Sink 25 SODDISFATTO. Flusso netto: 3.5, Demand: 3.5, percentage: 100.0
Sink 26 SODDISFATTO. Flusso netto: 6.000000000000007, Demand: 6.0, percentage: 100.00000000000011
Sink 28 SODDISFATTO. Flusso netto: 0.4, Demand: 0.4, percentage: 100.0
Sink 30 SODDISFATTO. Flusso netto: 0.9799999999999933, Demand: 0.98, percentage: 99.99999999999932
Sink 31 SODDISFATTO. Flusso netto: 0.3999999999999999, Demand: 0.4, percentage: 99.99999999999997
Sink 32 SODDISFATTO. Flusso netto: 0.9999999999999989, Demand: 1.0, percentage: 99.99999999999989
Sink 34 SODDISFATTO. Flusso netto: 1.7400000000000002, Demand: 1.74, percentage: 100.00000000000003
Sink 35 SODDISFATTO. Flusso netto: 1.3, Demand: 1.3, percentage: 100.0
Sink 37 SODDISFATTO. Flusso netto: 1.0, Demand: 1.0, percentage: 100.0
Sink 39 SODDISFATTO. Flusso netto: 0.40000000000000036, Demand: 0.4, percentage: 100.00000000000009
Sink 40 SODDISFATTO. Flusso netto: 0.5, Demand: 0.5, percentage: 100.0
Sink 41 SODDISFATTO. Flusso netto: 1.0600000000000005, Demand: 1.06, percentage: 100.00000000000004
Sink 42 SODDISFATTO. Flusso netto: 2.8200000000000007, Demand: 2.82, percentage: 100.00000000000003
Sink 45 SODDISFATTO. Flusso netto: 0.6800000000000002, Demand: 0.68, percentage: 100.00000000000003
Sink 46 SODDISFATTO. Flusso netto: 1.17, Demand: 1.17, percentage: 100.0
Sink 49 non è soddisfatto. Flusso netto: 4.59, Demand: 7.0, percentage: 65.57142857142857
Flusso totale entrante nei SINK: 86.46000000000001
Flusso totale uscente nei SINK: 42.430000000000014
Flusso totale netto nei SINK: 44.029999999999994
Total DEMAND dei SINK: 46.44
Percentual di flusso ai SINK: 0.9481050818260119
Numero di Sink soddisfatti: 24.0, numero totale di sink: 25.0
Percentuale di Sink soddisfatti: 0.96

---------------------------------- DAY 45

Update Fixed Elements from Intrinsic Faults
Update Fixed Elements from Heavy Faults
Update Fixed Elements from Attack
Propagate Intrinsic Fault
Propagate Heavy Faults
Propagate Attacks
Inject Intrinsic Failure To Source
Source NODO_11 is failing for an Intrinsic Fault in day: 45
pipeline ARCO_3 has reduced capacity due to NODO_11 Intrinsic fault
pipeline ARCO_90 has reduced capacity due to NODO_11 Intrinsic fault
pipeline ARCO_91 has reduced capacity due to NODO_11 Intrinsic fault
pipeline ARCO_92 has reduced capacity due to NODO_11 Intrinsic fault
pipeline V_EDGE_53_9 has reduced capacity due to NODO_11 Intrinsic fault
pipeline ARCO_20 has reduced capacity due to NODO_11 Intrinsic fault
pipeline ARCO_21 has reduced capacity due to NODO_11 Intrinsic fault
pipeline ARCO_22 has reduced capacity due to NODO_11 Intrinsic fault
pipeline ARCO_73 has reduced capacity due to NODO_11 Intrinsic fault
Inject Heavy Fault To Sources
Inject Attack Multiple To Source
Inject Intrinsic Fault To Pipeline
Inject Heavy Fault To Pipeline
Inject Attack To Pipeline
----------- Statistics ------------
	Sources Under Attack: 0
	Sources with Heavy Fault: 0
	Sources with Intrinsic Fault: 1
	Arcs with reduce capacity due to Attack: 0
	Arcs with reduce capacity due to Heavy Fault: 0
	Arcs with reduce capacity due to Intrinsic Fault: 9
	Arcs with Attacks: 0
	Arcs with Heavy Fault: 0
	Arcs with Intrinsic Fault: 0
--------- SOURCES STATISTICS ---------------
Demand del real Source[0]: -31.0, flusso erogato: 8.729999999999993, flusso entrante: 0.0, efficienza: 28.161290322580623 %
Demand del real Source[8]: -10.5, flusso erogato: 3.8600000000000003, flusso entrante: 0.0, efficienza: 36.76190476190476 %
Demand del real Source[9]: -7.1, flusso erogato: 13.409999999999997, flusso entrante: 7.73, efficienza: 188.87323943661968 %
Demand del real Source[17]: -25.0, flusso erogato: 25.000000000000007, flusso entrante: 0.0, efficienza: 100.00000000000003 %
Flusso totale entrante nei Real Source: 7.73
Flusso totale uscente dai Real Source: 51.0
Flusso netto sui real Source: -43.269999999999996
--- SINKS STATISTICS ---
Sink 3 SODDISFATTO. Flusso netto: 3.4299999999999997, Demand: 3.43, percentage: 99.99999999999999
Sink 4 SODDISFATTO. Flusso netto: 0.5700000000000003, Demand: 0.57, percentage: 100.00000000000007
Sink 5 SODDISFATTO. Flusso netto: 0.6600000000000001, Demand: 0.66, percentage: 100.00000000000003
Sink 11 SODDISFATTO. Flusso netto: 1.03, Demand: 1.03, percentage: 100.0
Sink 15 SODDISFATTO. Flusso netto: 0.4600000000000044, Demand: 0.46, percentage: 100.00000000000095
Sink 16 SODDISFATTO. Flusso netto: 8.399999999999993, Demand: 8.4, percentage: 99.99999999999991
Sink 19 SODDISFATTO. Flusso netto: 0.5399999999999938, Demand: 0.54, percentage: 99.99999999999885
Sink 23 SODDISFATTO. Flusso netto: 0.5999999999999996, Demand: 0.6, percentage: 99.99999999999994
Sink 24 SODDISFATTO. Flusso netto: 0.8000000000000007, Demand: 0.8, percentage: 100.00000000000009
Sink 25 SODDISFATTO. Flusso netto: 3.5, Demand: 3.5, percentage: 100.0
Sink 26 SODDISFATTO. Flusso netto: 6.000000000000007, Demand: 6.0, percentage: 100.00000000000011
Sink 28 SODDISFATTO. Flusso netto: 0.4, Demand: 0.4, percentage: 100.0
Sink 30 SODDISFATTO. Flusso netto: 0.9799999999999933, Demand: 0.98, percentage: 99.99999999999932
Sink 31 SODDISFATTO. Flusso netto: 0.3999999999999999, Demand: 0.4, percentage: 99.99999999999997
Sink 32 SODDISFATTO. Flusso netto: 0.9999999999999989, Demand: 1.0, percentage: 99.99999999999989
Sink 34 SODDISFATTO. Flusso netto: 1.7400000000000002, Demand: 1.74, percentage: 100.00000000000003
Sink 35 SODDISFATTO. Flusso netto: 1.3, Demand: 1.3, percentage: 100.0
Sink 37 SODDISFATTO. Flusso netto: 1.0, Demand: 1.0, percentage: 100.0
Sink 39 SODDISFATTO. Flusso netto: 0.40000000000000036, Demand: 0.4, percentage: 100.00000000000009
Sink 40 SODDISFATTO. Flusso netto: 0.5, Demand: 0.5, percentage: 100.0
Sink 41 SODDISFATTO. Flusso netto: 1.0600000000000005, Demand: 1.06, percentage: 100.00000000000004
Sink 42 SODDISFATTO. Flusso netto: 2.819999999999999, Demand: 2.82, percentage: 99.99999999999997
Sink 45 SODDISFATTO. Flusso netto: 0.6800000000000002, Demand: 0.68, percentage: 100.00000000000003
Sink 46 SODDISFATTO. Flusso netto: 1.17, Demand: 1.17, percentage: 100.0
Sink 49 non è soddisfatto. Flusso netto: 3.83, Demand: 7.0, percentage: 54.714285714285715
Flusso totale entrante nei SINK: 85.282
Flusso totale uscente nei SINK: 42.01200000000001
Flusso totale netto nei SINK: 43.26999999999999
Total DEMAND dei SINK: 46.44
Percentual di flusso ai SINK: 0.9317398794142978
Numero di Sink soddisfatti: 24.0, numero totale di sink: 25.0
Percentuale di Sink soddisfatti: 0.96

---------------------------------- DAY 46

Update Fixed Elements from Intrinsic Faults
Update Fixed Elements from Heavy Faults
Update Fixed Elements from Attack
Propagate Intrinsic Fault
Node NODO_11 has still failing due to Intrinsic Fault
pipeline ARCO_3 still has reduced capacity: 9.688 due to Intrinsic Fault
pipeline ARCO_90 still has reduced capacity: 1.6 due to Intrinsic Fault
pipeline ARCO_91 still has reduced capacity: 9.688 due to Intrinsic Fault
pipeline ARCO_92 still has reduced capacity: 39.328 due to Intrinsic Fault
pipeline V_EDGE_53_9 still has reduced capacity: 5.68 due to Intrinsic Fault
pipeline ARCO_20 still has reduced capacity: 1.6 due to Intrinsic Fault
pipeline ARCO_21 still has reduced capacity: 9.688 due to Intrinsic Fault
pipeline ARCO_22 still has reduced capacity: 39.328 due to Intrinsic Fault
pipeline ARCO_73 still has reduced capacity: 9.688 due to Intrinsic Fault
Propagate Heavy Faults
Propagate Attacks
Inject Intrinsic Failure To Source
Source NODO_11 is failing for an Intrinsic Fault in day: 46
pipeline ARCO_3 has reduced capacity due to NODO_11 Intrinsic fault
pipeline ARCO_90 has reduced capacity due to NODO_11 Intrinsic fault
pipeline ARCO_91 has reduced capacity due to NODO_11 Intrinsic fault
pipeline ARCO_92 has reduced capacity due to NODO_11 Intrinsic fault
pipeline V_EDGE_53_9 has reduced capacity due to NODO_11 Intrinsic fault
pipeline ARCO_20 has reduced capacity due to NODO_11 Intrinsic fault
pipeline ARCO_21 has reduced capacity due to NODO_11 Intrinsic fault
pipeline ARCO_22 has reduced capacity due to NODO_11 Intrinsic fault
pipeline ARCO_73 has reduced capacity due to NODO_11 Intrinsic fault
Inject Heavy Fault To Sources
Inject Attack Multiple To Source
Inject Intrinsic Fault To Pipeline
Inject Heavy Fault To Pipeline
Inject Attack To Pipeline
----------- Statistics ------------
	Sources Under Attack: 0
	Sources with Heavy Fault: 0
	Sources with Intrinsic Fault: 1
	Arcs with reduce capacity due to Attack: 0
	Arcs with reduce capacity due to Heavy Fault: 0
	Arcs with reduce capacity due to Intrinsic Fault: 9
	Arcs with Attacks: 0
	Arcs with Heavy Fault: 0
	Arcs with Intrinsic Fault: 0
--------- SOURCES STATISTICS ---------------
Demand del real Source[0]: -31.0, flusso erogato: 9.865999999999996, flusso entrante: 0.0, efficienza: 31.82580645161289 %
Demand del real Source[8]: -10.5, flusso erogato: 3.8600000000000003, flusso entrante: 0.0, efficienza: 36.76190476190476 %
Demand del real Source[9]: -7.1, flusso erogato: 13.41, flusso entrante: 8.865999999999996, efficienza: 188.87323943661974 %
Demand del real Source[17]: -25.0, flusso erogato: 25.000000000000007, flusso entrante: 0.0, efficienza: 100.00000000000003 %
Flusso totale entrante nei Real Source: 8.865999999999996
Flusso totale uscente dai Real Source: 52.136
Flusso netto sui real Source: -43.27000000000001
--- SINKS STATISTICS ---
Sink 3 SODDISFATTO. Flusso netto: 3.4300000000000006, Demand: 3.43, percentage: 100.00000000000003
Sink 4 SODDISFATTO. Flusso netto: 0.5700000000000003, Demand: 0.57, percentage: 100.00000000000007
Sink 5 SODDISFATTO. Flusso netto: 0.6600000000000001, Demand: 0.66, percentage: 100.00000000000003
Sink 11 SODDISFATTO. Flusso netto: 1.03, Demand: 1.03, percentage: 100.0
Sink 15 SODDISFATTO. Flusso netto: 0.4600000000000044, Demand: 0.46, percentage: 100.00000000000095
Sink 16 SODDISFATTO. Flusso netto: 8.399999999999993, Demand: 8.4, percentage: 99.99999999999991
Sink 19 SODDISFATTO. Flusso netto: 0.5399999999999938, Demand: 0.54, percentage: 99.99999999999885
Sink 23 SODDISFATTO. Flusso netto: 0.5999999999999996, Demand: 0.6, percentage: 99.99999999999994
Sink 24 SODDISFATTO. Flusso netto: 0.8000000000000007, Demand: 0.8, percentage: 100.00000000000009
Sink 25 SODDISFATTO. Flusso netto: 3.5, Demand: 3.5, percentage: 100.0
Sink 26 SODDISFATTO. Flusso netto: 6.000000000000007, Demand: 6.0, percentage: 100.00000000000011
Sink 28 SODDISFATTO. Flusso netto: 0.4, Demand: 0.4, percentage: 100.0
Sink 30 SODDISFATTO. Flusso netto: 0.9799999999999933, Demand: 0.98, percentage: 99.99999999999932
Sink 31 SODDISFATTO. Flusso netto: 0.3999999999999999, Demand: 0.4, percentage: 99.99999999999997
Sink 32 SODDISFATTO. Flusso netto: 0.9999999999999989, Demand: 1.0, percentage: 99.99999999999989
Sink 34 SODDISFATTO. Flusso netto: 1.7400000000000002, Demand: 1.74, percentage: 100.00000000000003
Sink 35 SODDISFATTO. Flusso netto: 1.3, Demand: 1.3, percentage: 100.0
Sink 37 SODDISFATTO. Flusso netto: 1.0, Demand: 1.0, percentage: 100.0
Sink 39 SODDISFATTO. Flusso netto: 0.40000000000000036, Demand: 0.4, percentage: 100.00000000000009
Sink 40 SODDISFATTO. Flusso netto: 0.5, Demand: 0.5, percentage: 100.0
Sink 41 SODDISFATTO. Flusso netto: 1.0600000000000005, Demand: 1.06, percentage: 100.00000000000004
Sink 42 SODDISFATTO. Flusso netto: 2.819999999999999, Demand: 2.82, percentage: 99.99999999999997
Sink 45 SODDISFATTO. Flusso netto: 0.6800000000000002, Demand: 0.68, percentage: 100.00000000000003
Sink 46 SODDISFATTO. Flusso netto: 1.17, Demand: 1.17, percentage: 100.0
Sink 49 non è soddisfatto. Flusso netto: 3.83, Demand: 7.0, percentage: 54.714285714285715
Flusso totale entrante nei SINK: 88.1092
Flusso totale uscente nei SINK: 44.839200000000005
Flusso totale netto nei SINK: 43.269999999999996
Total DEMAND dei SINK: 46.44
Percentual di flusso ai SINK: 0.931739879414298
Numero di Sink soddisfatti: 24.0, numero totale di sink: 25.0
Percentuale di Sink soddisfatti: 0.96

---------------------------------- DAY 47

Update Fixed Elements from Intrinsic Faults
Update Fixed Elements from Heavy Faults
Update Fixed Elements from Attack
Propagate Intrinsic Fault
Node NODO_11 has still failing due to Intrinsic Fault
pipeline ARCO_3 still has reduced capacity: 9.688 due to Intrinsic Fault
pipeline ARCO_90 still has reduced capacity: 1.6 due to Intrinsic Fault
pipeline ARCO_91 still has reduced capacity: 9.688 due to Intrinsic Fault
pipeline ARCO_92 still has reduced capacity: 39.328 due to Intrinsic Fault
pipeline V_EDGE_53_9 still has reduced capacity: 5.68 due to Intrinsic Fault
pipeline ARCO_20 still has reduced capacity: 1.6 due to Intrinsic Fault
pipeline ARCO_21 still has reduced capacity: 9.688 due to Intrinsic Fault
pipeline ARCO_22 still has reduced capacity: 39.328 due to Intrinsic Fault
pipeline ARCO_73 still has reduced capacity: 9.688 due to Intrinsic Fault
Propagate Heavy Faults
Propagate Attacks
Inject Intrinsic Failure To Source
Inject Heavy Fault To Sources
Inject Attack Multiple To Source
Inject Intrinsic Fault To Pipeline
Inject Heavy Fault To Pipeline
Inject Attack To Pipeline
----------- Statistics ------------
	Sources Under Attack: 0
	Sources with Heavy Fault: 0
	Sources with Intrinsic Fault: 1
	Arcs with reduce capacity due to Attack: 0
	Arcs with reduce capacity due to Heavy Fault: 0
	Arcs with reduce capacity due to Intrinsic Fault: 9
	Arcs with Attacks: 0
	Arcs with Heavy Fault: 0
	Arcs with Intrinsic Fault: 0
--------- SOURCES STATISTICS ---------------
Demand del real Source[0]: -31.0, flusso erogato: 8.729999999999993, flusso entrante: 0.0, efficienza: 28.161290322580623 %
Demand del real Source[8]: -10.5, flusso erogato: 3.8600000000000003, flusso entrante: 0.0, efficienza: 36.76190476190476 %
Demand del real Source[9]: -7.1, flusso erogato: 13.409999999999997, flusso entrante: 7.73, efficienza: 188.87323943661968 %
Demand del real Source[17]: -25.0, flusso erogato: 25.000000000000007, flusso entrante: 0.0, efficienza: 100.00000000000003 %
Flusso totale entrante nei Real Source: 7.73
Flusso totale uscente dai Real Source: 51.0
Flusso netto sui real Source: -43.269999999999996
--- SINKS STATISTICS ---
Sink 3 SODDISFATTO. Flusso netto: 3.4299999999999997, Demand: 3.43, percentage: 99.99999999999999
Sink 4 SODDISFATTO. Flusso netto: 0.5700000000000003, Demand: 0.57, percentage: 100.00000000000007
Sink 5 SODDISFATTO. Flusso netto: 0.6600000000000001, Demand: 0.66, percentage: 100.00000000000003
Sink 11 SODDISFATTO. Flusso netto: 1.03, Demand: 1.03, percentage: 100.0
Sink 15 SODDISFATTO. Flusso netto: 0.4600000000000044, Demand: 0.46, percentage: 100.00000000000095
Sink 16 SODDISFATTO. Flusso netto: 8.399999999999993, Demand: 8.4, percentage: 99.99999999999991
Sink 19 SODDISFATTO. Flusso netto: 0.5399999999999938, Demand: 0.54, percentage: 99.99999999999885
Sink 23 SODDISFATTO. Flusso netto: 0.5999999999999996, Demand: 0.6, percentage: 99.99999999999994
Sink 24 SODDISFATTO. Flusso netto: 0.8000000000000007, Demand: 0.8, percentage: 100.00000000000009
Sink 25 SODDISFATTO. Flusso netto: 3.5, Demand: 3.5, percentage: 100.0
Sink 26 SODDISFATTO. Flusso netto: 6.000000000000007, Demand: 6.0, percentage: 100.00000000000011
Sink 28 SODDISFATTO. Flusso netto: 0.4, Demand: 0.4, percentage: 100.0
Sink 30 SODDISFATTO. Flusso netto: 0.9799999999999933, Demand: 0.98, percentage: 99.99999999999932
Sink 31 SODDISFATTO. Flusso netto: 0.3999999999999999, Demand: 0.4, percentage: 99.99999999999997
Sink 32 SODDISFATTO. Flusso netto: 0.9999999999999989, Demand: 1.0, percentage: 99.99999999999989
Sink 34 SODDISFATTO. Flusso netto: 1.7400000000000002, Demand: 1.74, percentage: 100.00000000000003
Sink 35 SODDISFATTO. Flusso netto: 1.3, Demand: 1.3, percentage: 100.0
Sink 37 SODDISFATTO. Flusso netto: 1.0, Demand: 1.0, percentage: 100.0
Sink 39 SODDISFATTO. Flusso netto: 0.40000000000000036, Demand: 0.4, percentage: 100.00000000000009
Sink 40 SODDISFATTO. Flusso netto: 0.5, Demand: 0.5, percentage: 100.0
Sink 41 SODDISFATTO. Flusso netto: 1.0600000000000005, Demand: 1.06, percentage: 100.00000000000004
Sink 42 SODDISFATTO. Flusso netto: 2.819999999999999, Demand: 2.82, percentage: 99.99999999999997
Sink 45 SODDISFATTO. Flusso netto: 0.6800000000000002, Demand: 0.68, percentage: 100.00000000000003
Sink 46 SODDISFATTO. Flusso netto: 1.17, Demand: 1.17, percentage: 100.0
Sink 49 non è soddisfatto. Flusso netto: 3.83, Demand: 7.0, percentage: 54.714285714285715
Flusso totale entrante nei SINK: 85.282
Flusso totale uscente nei SINK: 42.01200000000001
Flusso totale netto nei SINK: 43.26999999999999
Total DEMAND dei SINK: 46.44
Percentual di flusso ai SINK: 0.9317398794142978
Numero di Sink soddisfatti: 24.0, numero totale di sink: 25.0
Percentuale di Sink soddisfatti: 0.96

---------------------------------- DAY 48

Update Fixed Elements from Intrinsic Faults
Source NODO_11 fixed from Intrinsic Fault
Pipeline ARCO_3 fixed due to Source NODO_11 fixing from Intrinsic Fault
Pipeline ARCO_90 fixed due to Source NODO_11 fixing from Intrinsic Fault
Pipeline ARCO_91 fixed due to Source NODO_11 fixing from Intrinsic Fault
Pipeline ARCO_92 fixed due to Source NODO_11 fixing from Intrinsic Fault
Pipeline V_EDGE_53_9 fixed due to Source NODO_11 fixing from Intrinsic Fault
Pipeline ARCO_20 fixed due to Source NODO_11 fixing from Intrinsic Fault
Pipeline ARCO_21 fixed due to Source NODO_11 fixing from Intrinsic Fault
Pipeline ARCO_22 fixed due to Source NODO_11 fixing from Intrinsic Fault
Pipeline ARCO_73 fixed due to Source NODO_11 fixing from Intrinsic Fault
Update Fixed Elements from Heavy Faults
Update Fixed Elements from Attack
Propagate Intrinsic Fault
Propagate Heavy Faults
Propagate Attacks
Inject Intrinsic Failure To Source
Inject Heavy Fault To Sources
Inject Attack Multiple To Source
Inject Intrinsic Fault To Pipeline
Inject Heavy Fault To Pipeline
Inject Attack To Pipeline
----------- Statistics ------------
	Sources Under Attack: 0
	Sources with Heavy Fault: 0
	Sources with Intrinsic Fault: 0
	Arcs with reduce capacity due to Attack: 0
	Arcs with reduce capacity due to Heavy Fault: 0
	Arcs with reduce capacity due to Intrinsic Fault: 0
	Arcs with Attacks: 0
	Arcs with Heavy Fault: 0
	Arcs with Intrinsic Fault: 0
--------- SOURCES STATISTICS ---------------
Demand del real Source[0]: -31.0, flusso erogato: 8.069999999999997, flusso entrante: 0.0, efficienza: 26.032258064516117 %
Demand del real Source[8]: -10.5, flusso erogato: 3.8600000000000003, flusso entrante: 0.0, efficienza: 36.76190476190476 %
Demand del real Source[9]: -7.1, flusso erogato: 14.169999999999996, flusso entrante: 7.070000000000007, efficienza: 199.57746478873236 %
Demand del real Source[17]: -25.0, flusso erogato: 25.000000000000007, flusso entrante: 0.0, efficienza: 100.00000000000003 %
Flusso totale entrante nei Real Source: 7.070000000000007
Flusso totale uscente dai Real Source: 51.1
Flusso netto sui real Source: -44.029999999999994
--- SINKS STATISTICS ---
Sink 3 SODDISFATTO. Flusso netto: 3.4299999999999997, Demand: 3.43, percentage: 99.99999999999999
Sink 4 SODDISFATTO. Flusso netto: 0.5700000000000003, Demand: 0.57, percentage: 100.00000000000007
Sink 5 SODDISFATTO. Flusso netto: 0.6600000000000019, Demand: 0.66, percentage: 100.00000000000028
Sink 11 SODDISFATTO. Flusso netto: 1.03, Demand: 1.03, percentage: 100.0
Sink 15 SODDISFATTO. Flusso netto: 0.4600000000000044, Demand: 0.46, percentage: 100.00000000000095
Sink 16 SODDISFATTO. Flusso netto: 8.399999999999993, Demand: 8.4, percentage: 99.99999999999991
Sink 19 SODDISFATTO. Flusso netto: 0.5399999999999938, Demand: 0.54, percentage: 99.99999999999885
Sink 23 SODDISFATTO. Flusso netto: 0.5999999999999996, Demand: 0.6, percentage: 99.99999999999994
Sink 24 SODDISFATTO. Flusso netto: 0.8000000000000007, Demand: 0.8, percentage: 100.00000000000009
Sink 25 SODDISFATTO. Flusso netto: 3.5, Demand: 3.5, percentage: 100.0
Sink 26 SODDISFATTO. Flusso netto: 6.000000000000007, Demand: 6.0, percentage: 100.00000000000011
Sink 28 SODDISFATTO. Flusso netto: 0.4, Demand: 0.4, percentage: 100.0
Sink 30 SODDISFATTO. Flusso netto: 0.9799999999999933, Demand: 0.98, percentage: 99.99999999999932
Sink 31 SODDISFATTO. Flusso netto: 0.3999999999999999, Demand: 0.4, percentage: 99.99999999999997
Sink 32 SODDISFATTO. Flusso netto: 0.9999999999999989, Demand: 1.0, percentage: 99.99999999999989
Sink 34 SODDISFATTO. Flusso netto: 1.7400000000000002, Demand: 1.74, percentage: 100.00000000000003
Sink 35 SODDISFATTO. Flusso netto: 1.3, Demand: 1.3, percentage: 100.0
Sink 37 SODDISFATTO. Flusso netto: 1.0, Demand: 1.0, percentage: 100.0
Sink 39 SODDISFATTO. Flusso netto: 0.40000000000000036, Demand: 0.4, percentage: 100.00000000000009
Sink 40 SODDISFATTO. Flusso netto: 0.5, Demand: 0.5, percentage: 100.0
Sink 41 SODDISFATTO. Flusso netto: 1.0600000000000005, Demand: 1.06, percentage: 100.00000000000004
Sink 42 SODDISFATTO. Flusso netto: 2.8200000000000007, Demand: 2.82, percentage: 100.00000000000003
Sink 45 SODDISFATTO. Flusso netto: 0.6800000000000002, Demand: 0.68, percentage: 100.00000000000003
Sink 46 SODDISFATTO. Flusso netto: 1.17, Demand: 1.17, percentage: 100.0
Sink 49 non è soddisfatto. Flusso netto: 4.59, Demand: 7.0, percentage: 65.57142857142857
Flusso totale entrante nei SINK: 86.46000000000001
Flusso totale uscente nei SINK: 42.430000000000014
Flusso totale netto nei SINK: 44.029999999999994
Total DEMAND dei SINK: 46.44
Percentual di flusso ai SINK: 0.9481050818260119
Numero di Sink soddisfatti: 24.0, numero totale di sink: 25.0
Percentuale di Sink soddisfatti: 0.96

---------------------------------- DAY 49

Update Fixed Elements from Intrinsic Faults
Update Fixed Elements from Heavy Faults
Update Fixed Elements from Attack
Propagate Intrinsic Fault
Propagate Heavy Faults
Propagate Attacks
Inject Intrinsic Failure To Source
Inject Heavy Fault To Sources
Inject Attack Multiple To Source
Inject Intrinsic Fault To Pipeline
Inject Heavy Fault To Pipeline
Inject Attack To Pipeline
----------- Statistics ------------
	Sources Under Attack: 0
	Sources with Heavy Fault: 0
	Sources with Intrinsic Fault: 0
	Arcs with reduce capacity due to Attack: 0
	Arcs with reduce capacity due to Heavy Fault: 0
	Arcs with reduce capacity due to Intrinsic Fault: 0
	Arcs with Attacks: 0
	Arcs with Heavy Fault: 0
	Arcs with Intrinsic Fault: 0
--------- SOURCES STATISTICS ---------------
Demand del real Source[0]: -31.0, flusso erogato: 8.069999999999997, flusso entrante: 0.0, efficienza: 26.032258064516117 %
Demand del real Source[8]: -10.5, flusso erogato: 3.8600000000000003, flusso entrante: 0.0, efficienza: 36.76190476190476 %
Demand del real Source[9]: -7.1, flusso erogato: 14.169999999999996, flusso entrante: 7.070000000000007, efficienza: 199.57746478873236 %
Demand del real Source[17]: -25.0, flusso erogato: 25.000000000000007, flusso entrante: 0.0, efficienza: 100.00000000000003 %
Flusso totale entrante nei Real Source: 7.070000000000007
Flusso totale uscente dai Real Source: 51.1
Flusso netto sui real Source: -44.029999999999994
--- SINKS STATISTICS ---
Sink 3 SODDISFATTO. Flusso netto: 3.4299999999999997, Demand: 3.43, percentage: 99.99999999999999
Sink 4 SODDISFATTO. Flusso netto: 0.5700000000000003, Demand: 0.57, percentage: 100.00000000000007
Sink 5 SODDISFATTO. Flusso netto: 0.6600000000000019, Demand: 0.66, percentage: 100.00000000000028
Sink 11 SODDISFATTO. Flusso netto: 1.03, Demand: 1.03, percentage: 100.0
Sink 15 SODDISFATTO. Flusso netto: 0.4600000000000044, Demand: 0.46, percentage: 100.00000000000095
Sink 16 SODDISFATTO. Flusso netto: 8.399999999999993, Demand: 8.4, percentage: 99.99999999999991
Sink 19 SODDISFATTO. Flusso netto: 0.5399999999999938, Demand: 0.54, percentage: 99.99999999999885
Sink 23 SODDISFATTO. Flusso netto: 0.5999999999999996, Demand: 0.6, percentage: 99.99999999999994
Sink 24 SODDISFATTO. Flusso netto: 0.8000000000000007, Demand: 0.8, percentage: 100.00000000000009
Sink 25 SODDISFATTO. Flusso netto: 3.5, Demand: 3.5, percentage: 100.0
Sink 26 SODDISFATTO. Flusso netto: 6.000000000000007, Demand: 6.0, percentage: 100.00000000000011
Sink 28 SODDISFATTO. Flusso netto: 0.4, Demand: 0.4, percentage: 100.0
Sink 30 SODDISFATTO. Flusso netto: 0.9799999999999933, Demand: 0.98, percentage: 99.99999999999932
Sink 31 SODDISFATTO. Flusso netto: 0.3999999999999999, Demand: 0.4, percentage: 99.99999999999997
Sink 32 SODDISFATTO. Flusso netto: 0.9999999999999989, Demand: 1.0, percentage: 99.99999999999989
Sink 34 SODDISFATTO. Flusso netto: 1.7400000000000002, Demand: 1.74, percentage: 100.00000000000003
Sink 35 SODDISFATTO. Flusso netto: 1.3, Demand: 1.3, percentage: 100.0
Sink 37 SODDISFATTO. Flusso netto: 1.0, Demand: 1.0, percentage: 100.0
Sink 39 SODDISFATTO. Flusso netto: 0.40000000000000036, Demand: 0.4, percentage: 100.00000000000009
Sink 40 SODDISFATTO. Flusso netto: 0.5, Demand: 0.5, percentage: 100.0
Sink 41 SODDISFATTO. Flusso netto: 1.0600000000000005, Demand: 1.06, percentage: 100.00000000000004
Sink 42 SODDISFATTO. Flusso netto: 2.8200000000000007, Demand: 2.82, percentage: 100.00000000000003
Sink 45 SODDISFATTO. Flusso netto: 0.6800000000000002, Demand: 0.68, percentage: 100.00000000000003
Sink 46 SODDISFATTO. Flusso netto: 1.17, Demand: 1.17, percentage: 100.0
Sink 49 non è soddisfatto. Flusso netto: 4.59, Demand: 7.0, percentage: 65.57142857142857
Flusso totale entrante nei SINK: 86.46000000000001
Flusso totale uscente nei SINK: 42.430000000000014
Flusso totale netto nei SINK: 44.029999999999994
Total DEMAND dei SINK: 46.44
Percentual di flusso ai SINK: 0.9481050818260119
Numero di Sink soddisfatti: 24.0, numero totale di sink: 25.0
Percentuale di Sink soddisfatti: 0.96

---------------------------------- DAY 50

Update Fixed Elements from Intrinsic Faults
Update Fixed Elements from Heavy Faults
Update Fixed Elements from Attack
Propagate Intrinsic Fault
Propagate Heavy Faults
Propagate Attacks
Inject Intrinsic Failure To Source
Inject Heavy Fault To Sources
Inject Attack Multiple To Source
Inject Intrinsic Fault To Pipeline
Inject Heavy Fault To Pipeline
Inject Attack To Pipeline
----------- Statistics ------------
	Sources Under Attack: 0
	Sources with Heavy Fault: 0
	Sources with Intrinsic Fault: 0
	Arcs with reduce capacity due to Attack: 0
	Arcs with reduce capacity due to Heavy Fault: 0
	Arcs with reduce capacity due to Intrinsic Fault: 0
	Arcs with Attacks: 0
	Arcs with Heavy Fault: 0
	Arcs with Intrinsic Fault: 0
--------- SOURCES STATISTICS ---------------
Demand del real Source[0]: -31.0, flusso erogato: 8.069999999999997, flusso entrante: 0.0, efficienza: 26.032258064516117 %
Demand del real Source[8]: -10.5, flusso erogato: 3.8600000000000003, flusso entrante: 0.0, efficienza: 36.76190476190476 %
Demand del real Source[9]: -7.1, flusso erogato: 14.169999999999996, flusso entrante: 7.070000000000007, efficienza: 199.57746478873236 %
Demand del real Source[17]: -25.0, flusso erogato: 25.000000000000007, flusso entrante: 0.0, efficienza: 100.00000000000003 %
Flusso totale entrante nei Real Source: 7.070000000000007
Flusso totale uscente dai Real Source: 51.1
Flusso netto sui real Source: -44.029999999999994
--- SINKS STATISTICS ---
Sink 3 SODDISFATTO. Flusso netto: 3.4299999999999997, Demand: 3.43, percentage: 99.99999999999999
Sink 4 SODDISFATTO. Flusso netto: 0.5700000000000003, Demand: 0.57, percentage: 100.00000000000007
Sink 5 SODDISFATTO. Flusso netto: 0.6600000000000019, Demand: 0.66, percentage: 100.00000000000028
Sink 11 SODDISFATTO. Flusso netto: 1.03, Demand: 1.03, percentage: 100.0
Sink 15 SODDISFATTO. Flusso netto: 0.4600000000000044, Demand: 0.46, percentage: 100.00000000000095
Sink 16 SODDISFATTO. Flusso netto: 8.399999999999993, Demand: 8.4, percentage: 99.99999999999991
Sink 19 SODDISFATTO. Flusso netto: 0.5399999999999938, Demand: 0.54, percentage: 99.99999999999885
Sink 23 SODDISFATTO. Flusso netto: 0.5999999999999996, Demand: 0.6, percentage: 99.99999999999994
Sink 24 SODDISFATTO. Flusso netto: 0.8000000000000007, Demand: 0.8, percentage: 100.00000000000009
Sink 25 SODDISFATTO. Flusso netto: 3.5, Demand: 3.5, percentage: 100.0
Sink 26 SODDISFATTO. Flusso netto: 6.000000000000007, Demand: 6.0, percentage: 100.00000000000011
Sink 28 SODDISFATTO. Flusso netto: 0.4, Demand: 0.4, percentage: 100.0
Sink 30 SODDISFATTO. Flusso netto: 0.9799999999999933, Demand: 0.98, percentage: 99.99999999999932
Sink 31 SODDISFATTO. Flusso netto: 0.3999999999999999, Demand: 0.4, percentage: 99.99999999999997
Sink 32 SODDISFATTO. Flusso netto: 0.9999999999999989, Demand: 1.0, percentage: 99.99999999999989
Sink 34 SODDISFATTO. Flusso netto: 1.7400000000000002, Demand: 1.74, percentage: 100.00000000000003
Sink 35 SODDISFATTO. Flusso netto: 1.3, Demand: 1.3, percentage: 100.0
Sink 37 SODDISFATTO. Flusso netto: 1.0, Demand: 1.0, percentage: 100.0
Sink 39 SODDISFATTO. Flusso netto: 0.40000000000000036, Demand: 0.4, percentage: 100.00000000000009
Sink 40 SODDISFATTO. Flusso netto: 0.5, Demand: 0.5, percentage: 100.0
Sink 41 SODDISFATTO. Flusso netto: 1.0600000000000005, Demand: 1.06, percentage: 100.00000000000004
Sink 42 SODDISFATTO. Flusso netto: 2.8200000000000007, Demand: 2.82, percentage: 100.00000000000003
Sink 45 SODDISFATTO. Flusso netto: 0.6800000000000002, Demand: 0.68, percentage: 100.00000000000003
Sink 46 SODDISFATTO. Flusso netto: 1.17, Demand: 1.17, percentage: 100.0
Sink 49 non è soddisfatto. Flusso netto: 4.59, Demand: 7.0, percentage: 65.57142857142857
Flusso totale entrante nei SINK: 86.46000000000001
Flusso totale uscente nei SINK: 42.430000000000014
Flusso totale netto nei SINK: 44.029999999999994
Total DEMAND dei SINK: 46.44
Percentual di flusso ai SINK: 0.9481050818260119
Numero di Sink soddisfatti: 24.0, numero totale di sink: 25.0
Percentuale di Sink soddisfatti: 0.96

---------------------------------- DAY 51

Update Fixed Elements from Intrinsic Faults
Update Fixed Elements from Heavy Faults
Update Fixed Elements from Attack
Propagate Intrinsic Fault
Propagate Heavy Faults
Propagate Attacks
Inject Intrinsic Failure To Source
Inject Heavy Fault To Sources
Inject Attack Multiple To Source
Inject Intrinsic Fault To Pipeline
Inject Heavy Fault To Pipeline
Inject Attack To Pipeline
----------- Statistics ------------
	Sources Under Attack: 0
	Sources with Heavy Fault: 0
	Sources with Intrinsic Fault: 0
	Arcs with reduce capacity due to Attack: 0
	Arcs with reduce capacity due to Heavy Fault: 0
	Arcs with reduce capacity due to Intrinsic Fault: 0
	Arcs with Attacks: 0
	Arcs with Heavy Fault: 0
	Arcs with Intrinsic Fault: 0
--------- SOURCES STATISTICS ---------------
Demand del real Source[0]: -31.0, flusso erogato: 8.069999999999997, flusso entrante: 0.0, efficienza: 26.032258064516117 %
Demand del real Source[8]: -10.5, flusso erogato: 3.8600000000000003, flusso entrante: 0.0, efficienza: 36.76190476190476 %
Demand del real Source[9]: -7.1, flusso erogato: 14.169999999999996, flusso entrante: 7.070000000000007, efficienza: 199.57746478873236 %
Demand del real Source[17]: -25.0, flusso erogato: 25.000000000000007, flusso entrante: 0.0, efficienza: 100.00000000000003 %
Flusso totale entrante nei Real Source: 7.070000000000007
Flusso totale uscente dai Real Source: 51.1
Flusso netto sui real Source: -44.029999999999994
--- SINKS STATISTICS ---
Sink 3 SODDISFATTO. Flusso netto: 3.4299999999999997, Demand: 3.43, percentage: 99.99999999999999
Sink 4 SODDISFATTO. Flusso netto: 0.5700000000000003, Demand: 0.57, percentage: 100.00000000000007
Sink 5 SODDISFATTO. Flusso netto: 0.6600000000000019, Demand: 0.66, percentage: 100.00000000000028
Sink 11 SODDISFATTO. Flusso netto: 1.03, Demand: 1.03, percentage: 100.0
Sink 15 SODDISFATTO. Flusso netto: 0.4600000000000044, Demand: 0.46, percentage: 100.00000000000095
Sink 16 SODDISFATTO. Flusso netto: 8.399999999999993, Demand: 8.4, percentage: 99.99999999999991
Sink 19 SODDISFATTO. Flusso netto: 0.5399999999999938, Demand: 0.54, percentage: 99.99999999999885
Sink 23 SODDISFATTO. Flusso netto: 0.5999999999999996, Demand: 0.6, percentage: 99.99999999999994
Sink 24 SODDISFATTO. Flusso netto: 0.8000000000000007, Demand: 0.8, percentage: 100.00000000000009
Sink 25 SODDISFATTO. Flusso netto: 3.5, Demand: 3.5, percentage: 100.0
Sink 26 SODDISFATTO. Flusso netto: 6.000000000000007, Demand: 6.0, percentage: 100.00000000000011
Sink 28 SODDISFATTO. Flusso netto: 0.4, Demand: 0.4, percentage: 100.0
Sink 30 SODDISFATTO. Flusso netto: 0.9799999999999933, Demand: 0.98, percentage: 99.99999999999932
Sink 31 SODDISFATTO. Flusso netto: 0.3999999999999999, Demand: 0.4, percentage: 99.99999999999997
Sink 32 SODDISFATTO. Flusso netto: 0.9999999999999989, Demand: 1.0, percentage: 99.99999999999989
Sink 34 SODDISFATTO. Flusso netto: 1.7400000000000002, Demand: 1.74, percentage: 100.00000000000003
Sink 35 SODDISFATTO. Flusso netto: 1.3, Demand: 1.3, percentage: 100.0
Sink 37 SODDISFATTO. Flusso netto: 1.0, Demand: 1.0, percentage: 100.0
Sink 39 SODDISFATTO. Flusso netto: 0.40000000000000036, Demand: 0.4, percentage: 100.00000000000009
Sink 40 SODDISFATTO. Flusso netto: 0.5, Demand: 0.5, percentage: 100.0
Sink 41 SODDISFATTO. Flusso netto: 1.0600000000000005, Demand: 1.06, percentage: 100.00000000000004
Sink 42 SODDISFATTO. Flusso netto: 2.8200000000000007, Demand: 2.82, percentage: 100.00000000000003
Sink 45 SODDISFATTO. Flusso netto: 0.6800000000000002, Demand: 0.68, percentage: 100.00000000000003
Sink 46 SODDISFATTO. Flusso netto: 1.17, Demand: 1.17, percentage: 100.0
Sink 49 non è soddisfatto. Flusso netto: 4.59, Demand: 7.0, percentage: 65.57142857142857
Flusso totale entrante nei SINK: 86.46000000000001
Flusso totale uscente nei SINK: 42.430000000000014
Flusso totale netto nei SINK: 44.029999999999994
Total DEMAND dei SINK: 46.44
Percentual di flusso ai SINK: 0.9481050818260119
Numero di Sink soddisfatti: 24.0, numero totale di sink: 25.0
Percentuale di Sink soddisfatti: 0.96

---------------------------------- DAY 52

Update Fixed Elements from Intrinsic Faults
Update Fixed Elements from Heavy Faults
Update Fixed Elements from Attack
Propagate Intrinsic Fault
Propagate Heavy Faults
Propagate Attacks
Inject Intrinsic Failure To Source
Inject Heavy Fault To Sources
Inject Attack Multiple To Source
Inject Intrinsic Fault To Pipeline
Inject Heavy Fault To Pipeline
Inject Attack To Pipeline
----------- Statistics ------------
	Sources Under Attack: 0
	Sources with Heavy Fault: 0
	Sources with Intrinsic Fault: 0
	Arcs with reduce capacity due to Attack: 0
	Arcs with reduce capacity due to Heavy Fault: 0
	Arcs with reduce capacity due to Intrinsic Fault: 0
	Arcs with Attacks: 0
	Arcs with Heavy Fault: 0
	Arcs with Intrinsic Fault: 0
--------- SOURCES STATISTICS ---------------
Demand del real Source[0]: -31.0, flusso erogato: 8.069999999999997, flusso entrante: 0.0, efficienza: 26.032258064516117 %
Demand del real Source[8]: -10.5, flusso erogato: 3.8600000000000003, flusso entrante: 0.0, efficienza: 36.76190476190476 %
Demand del real Source[9]: -7.1, flusso erogato: 14.169999999999996, flusso entrante: 7.070000000000007, efficienza: 199.57746478873236 %
Demand del real Source[17]: -25.0, flusso erogato: 25.000000000000007, flusso entrante: 0.0, efficienza: 100.00000000000003 %
Flusso totale entrante nei Real Source: 7.070000000000007
Flusso totale uscente dai Real Source: 51.1
Flusso netto sui real Source: -44.029999999999994
--- SINKS STATISTICS ---
Sink 3 SODDISFATTO. Flusso netto: 3.4299999999999997, Demand: 3.43, percentage: 99.99999999999999
Sink 4 SODDISFATTO. Flusso netto: 0.5700000000000003, Demand: 0.57, percentage: 100.00000000000007
Sink 5 SODDISFATTO. Flusso netto: 0.6600000000000019, Demand: 0.66, percentage: 100.00000000000028
Sink 11 SODDISFATTO. Flusso netto: 1.03, Demand: 1.03, percentage: 100.0
Sink 15 SODDISFATTO. Flusso netto: 0.4600000000000044, Demand: 0.46, percentage: 100.00000000000095
Sink 16 SODDISFATTO. Flusso netto: 8.399999999999993, Demand: 8.4, percentage: 99.99999999999991
Sink 19 SODDISFATTO. Flusso netto: 0.5399999999999938, Demand: 0.54, percentage: 99.99999999999885
Sink 23 SODDISFATTO. Flusso netto: 0.5999999999999996, Demand: 0.6, percentage: 99.99999999999994
Sink 24 SODDISFATTO. Flusso netto: 0.8000000000000007, Demand: 0.8, percentage: 100.00000000000009
Sink 25 SODDISFATTO. Flusso netto: 3.5, Demand: 3.5, percentage: 100.0
Sink 26 SODDISFATTO. Flusso netto: 6.000000000000007, Demand: 6.0, percentage: 100.00000000000011
Sink 28 SODDISFATTO. Flusso netto: 0.4, Demand: 0.4, percentage: 100.0
Sink 30 SODDISFATTO. Flusso netto: 0.9799999999999933, Demand: 0.98, percentage: 99.99999999999932
Sink 31 SODDISFATTO. Flusso netto: 0.3999999999999999, Demand: 0.4, percentage: 99.99999999999997
Sink 32 SODDISFATTO. Flusso netto: 0.9999999999999989, Demand: 1.0, percentage: 99.99999999999989
Sink 34 SODDISFATTO. Flusso netto: 1.7400000000000002, Demand: 1.74, percentage: 100.00000000000003
Sink 35 SODDISFATTO. Flusso netto: 1.3, Demand: 1.3, percentage: 100.0
Sink 37 SODDISFATTO. Flusso netto: 1.0, Demand: 1.0, percentage: 100.0
Sink 39 SODDISFATTO. Flusso netto: 0.40000000000000036, Demand: 0.4, percentage: 100.00000000000009
Sink 40 SODDISFATTO. Flusso netto: 0.5, Demand: 0.5, percentage: 100.0
Sink 41 SODDISFATTO. Flusso netto: 1.0600000000000005, Demand: 1.06, percentage: 100.00000000000004
Sink 42 SODDISFATTO. Flusso netto: 2.8200000000000007, Demand: 2.82, percentage: 100.00000000000003
Sink 45 SODDISFATTO. Flusso netto: 0.6800000000000002, Demand: 0.68, percentage: 100.00000000000003
Sink 46 SODDISFATTO. Flusso netto: 1.17, Demand: 1.17, percentage: 100.0
Sink 49 non è soddisfatto. Flusso netto: 4.59, Demand: 7.0, percentage: 65.57142857142857
Flusso totale entrante nei SINK: 86.46000000000001
Flusso totale uscente nei SINK: 42.430000000000014
Flusso totale netto nei SINK: 44.029999999999994
Total DEMAND dei SINK: 46.44
Percentual di flusso ai SINK: 0.9481050818260119
Numero di Sink soddisfatti: 24.0, numero totale di sink: 25.0
Percentuale di Sink soddisfatti: 0.96

---------------------------------- DAY 53

Update Fixed Elements from Intrinsic Faults
Update Fixed Elements from Heavy Faults
Update Fixed Elements from Attack
Propagate Intrinsic Fault
Propagate Heavy Faults
Propagate Attacks
Inject Intrinsic Failure To Source
Source NODO_11 is failing for an Intrinsic Fault in day: 53
pipeline ARCO_3 has reduced capacity due to NODO_11 Intrinsic fault
pipeline ARCO_90 has reduced capacity due to NODO_11 Intrinsic fault
pipeline ARCO_91 has reduced capacity due to NODO_11 Intrinsic fault
pipeline ARCO_92 has reduced capacity due to NODO_11 Intrinsic fault
pipeline V_EDGE_53_9 has reduced capacity due to NODO_11 Intrinsic fault
pipeline ARCO_20 has reduced capacity due to NODO_11 Intrinsic fault
pipeline ARCO_21 has reduced capacity due to NODO_11 Intrinsic fault
pipeline ARCO_22 has reduced capacity due to NODO_11 Intrinsic fault
pipeline ARCO_73 has reduced capacity due to NODO_11 Intrinsic fault
Inject Heavy Fault To Sources
Inject Attack Multiple To Source
Inject Intrinsic Fault To Pipeline
Inject Heavy Fault To Pipeline
Inject Attack To Pipeline
----------- Statistics ------------
	Sources Under Attack: 0
	Sources with Heavy Fault: 0
	Sources with Intrinsic Fault: 1
	Arcs with reduce capacity due to Attack: 0
	Arcs with reduce capacity due to Heavy Fault: 0
	Arcs with reduce capacity due to Intrinsic Fault: 9
	Arcs with Attacks: 0
	Arcs with Heavy Fault: 0
	Arcs with Intrinsic Fault: 0
--------- SOURCES STATISTICS ---------------
Demand del real Source[0]: -31.0, flusso erogato: 8.729999999999993, flusso entrante: 0.0, efficienza: 28.161290322580623 %
Demand del real Source[8]: -10.5, flusso erogato: 3.8600000000000003, flusso entrante: 0.0, efficienza: 36.76190476190476 %
Demand del real Source[9]: -7.1, flusso erogato: 13.409999999999997, flusso entrante: 7.73, efficienza: 188.87323943661968 %
Demand del real Source[17]: -25.0, flusso erogato: 25.000000000000007, flusso entrante: 0.0, efficienza: 100.00000000000003 %
Flusso totale entrante nei Real Source: 7.73
Flusso totale uscente dai Real Source: 51.0
Flusso netto sui real Source: -43.269999999999996
--- SINKS STATISTICS ---
Sink 3 SODDISFATTO. Flusso netto: 3.4299999999999997, Demand: 3.43, percentage: 99.99999999999999
Sink 4 SODDISFATTO. Flusso netto: 0.5700000000000003, Demand: 0.57, percentage: 100.00000000000007
Sink 5 SODDISFATTO. Flusso netto: 0.6600000000000001, Demand: 0.66, percentage: 100.00000000000003
Sink 11 SODDISFATTO. Flusso netto: 1.03, Demand: 1.03, percentage: 100.0
Sink 15 SODDISFATTO. Flusso netto: 0.4600000000000044, Demand: 0.46, percentage: 100.00000000000095
Sink 16 SODDISFATTO. Flusso netto: 8.399999999999993, Demand: 8.4, percentage: 99.99999999999991
Sink 19 SODDISFATTO. Flusso netto: 0.5399999999999938, Demand: 0.54, percentage: 99.99999999999885
Sink 23 SODDISFATTO. Flusso netto: 0.5999999999999996, Demand: 0.6, percentage: 99.99999999999994
Sink 24 SODDISFATTO. Flusso netto: 0.8000000000000007, Demand: 0.8, percentage: 100.00000000000009
Sink 25 SODDISFATTO. Flusso netto: 3.5, Demand: 3.5, percentage: 100.0
Sink 26 SODDISFATTO. Flusso netto: 6.000000000000007, Demand: 6.0, percentage: 100.00000000000011
Sink 28 SODDISFATTO. Flusso netto: 0.4, Demand: 0.4, percentage: 100.0
Sink 30 SODDISFATTO. Flusso netto: 0.9799999999999933, Demand: 0.98, percentage: 99.99999999999932
Sink 31 SODDISFATTO. Flusso netto: 0.3999999999999999, Demand: 0.4, percentage: 99.99999999999997
Sink 32 SODDISFATTO. Flusso netto: 0.9999999999999989, Demand: 1.0, percentage: 99.99999999999989
Sink 34 SODDISFATTO. Flusso netto: 1.7400000000000002, Demand: 1.74, percentage: 100.00000000000003
Sink 35 SODDISFATTO. Flusso netto: 1.3, Demand: 1.3, percentage: 100.0
Sink 37 SODDISFATTO. Flusso netto: 1.0, Demand: 1.0, percentage: 100.0
Sink 39 SODDISFATTO. Flusso netto: 0.40000000000000036, Demand: 0.4, percentage: 100.00000000000009
Sink 40 SODDISFATTO. Flusso netto: 0.5, Demand: 0.5, percentage: 100.0
Sink 41 SODDISFATTO. Flusso netto: 1.0600000000000005, Demand: 1.06, percentage: 100.00000000000004
Sink 42 SODDISFATTO. Flusso netto: 2.819999999999999, Demand: 2.82, percentage: 99.99999999999997
Sink 45 SODDISFATTO. Flusso netto: 0.6800000000000002, Demand: 0.68, percentage: 100.00000000000003
Sink 46 SODDISFATTO. Flusso netto: 1.17, Demand: 1.17, percentage: 100.0
Sink 49 non è soddisfatto. Flusso netto: 3.83, Demand: 7.0, percentage: 54.714285714285715
Flusso totale entrante nei SINK: 85.282
Flusso totale uscente nei SINK: 42.01200000000001
Flusso totale netto nei SINK: 43.26999999999999
Total DEMAND dei SINK: 46.44
Percentual di flusso ai SINK: 0.9317398794142978
Numero di Sink soddisfatti: 24.0, numero totale di sink: 25.0
Percentuale di Sink soddisfatti: 0.96

---------------------------------- DAY 54

Update Fixed Elements from Intrinsic Faults
Update Fixed Elements from Heavy Faults
Update Fixed Elements from Attack
Propagate Intrinsic Fault
Node NODO_11 has still failing due to Intrinsic Fault
pipeline ARCO_3 still has reduced capacity: 9.688 due to Intrinsic Fault
pipeline ARCO_90 still has reduced capacity: 1.6 due to Intrinsic Fault
pipeline ARCO_91 still has reduced capacity: 9.688 due to Intrinsic Fault
pipeline ARCO_92 still has reduced capacity: 39.328 due to Intrinsic Fault
pipeline V_EDGE_53_9 still has reduced capacity: 5.68 due to Intrinsic Fault
pipeline ARCO_20 still has reduced capacity: 1.6 due to Intrinsic Fault
pipeline ARCO_21 still has reduced capacity: 9.688 due to Intrinsic Fault
pipeline ARCO_22 still has reduced capacity: 39.328 due to Intrinsic Fault
pipeline ARCO_73 still has reduced capacity: 9.688 due to Intrinsic Fault
Propagate Heavy Faults
Propagate Attacks
Inject Intrinsic Failure To Source
Inject Heavy Fault To Sources
Inject Attack Multiple To Source
Inject Intrinsic Fault To Pipeline
Inject Heavy Fault To Pipeline
Inject Attack To Pipeline
----------- Statistics ------------
	Sources Under Attack: 0
	Sources with Heavy Fault: 0
	Sources with Intrinsic Fault: 1
	Arcs with reduce capacity due to Attack: 0
	Arcs with reduce capacity due to Heavy Fault: 0
	Arcs with reduce capacity due to Intrinsic Fault: 9
	Arcs with Attacks: 0
	Arcs with Heavy Fault: 0
	Arcs with Intrinsic Fault: 0
--------- SOURCES STATISTICS ---------------
Demand del real Source[0]: -31.0, flusso erogato: 8.729999999999993, flusso entrante: 0.0, efficienza: 28.161290322580623 %
Demand del real Source[8]: -10.5, flusso erogato: 3.8600000000000003, flusso entrante: 0.0, efficienza: 36.76190476190476 %
Demand del real Source[9]: -7.1, flusso erogato: 13.409999999999997, flusso entrante: 7.73, efficienza: 188.87323943661968 %
Demand del real Source[17]: -25.0, flusso erogato: 25.000000000000007, flusso entrante: 0.0, efficienza: 100.00000000000003 %
Flusso totale entrante nei Real Source: 7.73
Flusso totale uscente dai Real Source: 51.0
Flusso netto sui real Source: -43.269999999999996
--- SINKS STATISTICS ---
Sink 3 SODDISFATTO. Flusso netto: 3.4299999999999997, Demand: 3.43, percentage: 99.99999999999999
Sink 4 SODDISFATTO. Flusso netto: 0.5700000000000003, Demand: 0.57, percentage: 100.00000000000007
Sink 5 SODDISFATTO. Flusso netto: 0.6600000000000001, Demand: 0.66, percentage: 100.00000000000003
Sink 11 SODDISFATTO. Flusso netto: 1.03, Demand: 1.03, percentage: 100.0
Sink 15 SODDISFATTO. Flusso netto: 0.4600000000000044, Demand: 0.46, percentage: 100.00000000000095
Sink 16 SODDISFATTO. Flusso netto: 8.399999999999993, Demand: 8.4, percentage: 99.99999999999991
Sink 19 SODDISFATTO. Flusso netto: 0.5399999999999938, Demand: 0.54, percentage: 99.99999999999885
Sink 23 SODDISFATTO. Flusso netto: 0.5999999999999996, Demand: 0.6, percentage: 99.99999999999994
Sink 24 SODDISFATTO. Flusso netto: 0.8000000000000007, Demand: 0.8, percentage: 100.00000000000009
Sink 25 SODDISFATTO. Flusso netto: 3.5, Demand: 3.5, percentage: 100.0
Sink 26 SODDISFATTO. Flusso netto: 6.000000000000007, Demand: 6.0, percentage: 100.00000000000011
Sink 28 SODDISFATTO. Flusso netto: 0.4, Demand: 0.4, percentage: 100.0
Sink 30 SODDISFATTO. Flusso netto: 0.9799999999999933, Demand: 0.98, percentage: 99.99999999999932
Sink 31 SODDISFATTO. Flusso netto: 0.3999999999999999, Demand: 0.4, percentage: 99.99999999999997
Sink 32 SODDISFATTO. Flusso netto: 0.9999999999999989, Demand: 1.0, percentage: 99.99999999999989
Sink 34 SODDISFATTO. Flusso netto: 1.7400000000000002, Demand: 1.74, percentage: 100.00000000000003
Sink 35 SODDISFATTO. Flusso netto: 1.3, Demand: 1.3, percentage: 100.0
Sink 37 SODDISFATTO. Flusso netto: 1.0, Demand: 1.0, percentage: 100.0
Sink 39 SODDISFATTO. Flusso netto: 0.40000000000000036, Demand: 0.4, percentage: 100.00000000000009
Sink 40 SODDISFATTO. Flusso netto: 0.5, Demand: 0.5, percentage: 100.0
Sink 41 SODDISFATTO. Flusso netto: 1.0600000000000005, Demand: 1.06, percentage: 100.00000000000004
Sink 42 SODDISFATTO. Flusso netto: 2.819999999999999, Demand: 2.82, percentage: 99.99999999999997
Sink 45 SODDISFATTO. Flusso netto: 0.6800000000000002, Demand: 0.68, percentage: 100.00000000000003
Sink 46 SODDISFATTO. Flusso netto: 1.17, Demand: 1.17, percentage: 100.0
Sink 49 non è soddisfatto. Flusso netto: 3.83, Demand: 7.0, percentage: 54.714285714285715
Flusso totale entrante nei SINK: 85.282
Flusso totale uscente nei SINK: 42.01200000000001
Flusso totale netto nei SINK: 43.26999999999999
Total DEMAND dei SINK: 46.44
Percentual di flusso ai SINK: 0.9317398794142978
Numero di Sink soddisfatti: 24.0, numero totale di sink: 25.0
Percentuale di Sink soddisfatti: 0.96

---------------------------------- DAY 55

Update Fixed Elements from Intrinsic Faults
Update Fixed Elements from Heavy Faults
Update Fixed Elements from Attack
Propagate Intrinsic Fault
Node NODO_11 has still failing due to Intrinsic Fault
pipeline ARCO_3 still has reduced capacity: 9.688 due to Intrinsic Fault
pipeline ARCO_90 still has reduced capacity: 1.6 due to Intrinsic Fault
pipeline ARCO_91 still has reduced capacity: 9.688 due to Intrinsic Fault
pipeline ARCO_92 still has reduced capacity: 39.328 due to Intrinsic Fault
pipeline V_EDGE_53_9 still has reduced capacity: 5.68 due to Intrinsic Fault
pipeline ARCO_20 still has reduced capacity: 1.6 due to Intrinsic Fault
pipeline ARCO_21 still has reduced capacity: 9.688 due to Intrinsic Fault
pipeline ARCO_22 still has reduced capacity: 39.328 due to Intrinsic Fault
pipeline ARCO_73 still has reduced capacity: 9.688 due to Intrinsic Fault
Propagate Heavy Faults
Propagate Attacks
Inject Intrinsic Failure To Source
Inject Heavy Fault To Sources
Inject Attack Multiple To Source
Inject Intrinsic Fault To Pipeline
Inject Heavy Fault To Pipeline
Inject Attack To Pipeline
----------- Statistics ------------
	Sources Under Attack: 0
	Sources with Heavy Fault: 0
	Sources with Intrinsic Fault: 1
	Arcs with reduce capacity due to Attack: 0
	Arcs with reduce capacity due to Heavy Fault: 0
	Arcs with reduce capacity due to Intrinsic Fault: 9
	Arcs with Attacks: 0
	Arcs with Heavy Fault: 0
	Arcs with Intrinsic Fault: 0
--------- SOURCES STATISTICS ---------------
Demand del real Source[0]: -31.0, flusso erogato: 8.729999999999993, flusso entrante: 0.0, efficienza: 28.161290322580623 %
Demand del real Source[8]: -10.5, flusso erogato: 3.8600000000000003, flusso entrante: 0.0, efficienza: 36.76190476190476 %
Demand del real Source[9]: -7.1, flusso erogato: 13.409999999999997, flusso entrante: 7.73, efficienza: 188.87323943661968 %
Demand del real Source[17]: -25.0, flusso erogato: 25.000000000000007, flusso entrante: 0.0, efficienza: 100.00000000000003 %
Flusso totale entrante nei Real Source: 7.73
Flusso totale uscente dai Real Source: 51.0
Flusso netto sui real Source: -43.269999999999996
--- SINKS STATISTICS ---
Sink 3 SODDISFATTO. Flusso netto: 3.4299999999999997, Demand: 3.43, percentage: 99.99999999999999
Sink 4 SODDISFATTO. Flusso netto: 0.5700000000000003, Demand: 0.57, percentage: 100.00000000000007
Sink 5 SODDISFATTO. Flusso netto: 0.6600000000000001, Demand: 0.66, percentage: 100.00000000000003
Sink 11 SODDISFATTO. Flusso netto: 1.03, Demand: 1.03, percentage: 100.0
Sink 15 SODDISFATTO. Flusso netto: 0.4600000000000044, Demand: 0.46, percentage: 100.00000000000095
Sink 16 SODDISFATTO. Flusso netto: 8.399999999999993, Demand: 8.4, percentage: 99.99999999999991
Sink 19 SODDISFATTO. Flusso netto: 0.5399999999999938, Demand: 0.54, percentage: 99.99999999999885
Sink 23 SODDISFATTO. Flusso netto: 0.5999999999999996, Demand: 0.6, percentage: 99.99999999999994
Sink 24 SODDISFATTO. Flusso netto: 0.8000000000000007, Demand: 0.8, percentage: 100.00000000000009
Sink 25 SODDISFATTO. Flusso netto: 3.5, Demand: 3.5, percentage: 100.0
Sink 26 SODDISFATTO. Flusso netto: 6.000000000000007, Demand: 6.0, percentage: 100.00000000000011
Sink 28 SODDISFATTO. Flusso netto: 0.4, Demand: 0.4, percentage: 100.0
Sink 30 SODDISFATTO. Flusso netto: 0.9799999999999933, Demand: 0.98, percentage: 99.99999999999932
Sink 31 SODDISFATTO. Flusso netto: 0.3999999999999999, Demand: 0.4, percentage: 99.99999999999997
Sink 32 SODDISFATTO. Flusso netto: 0.9999999999999989, Demand: 1.0, percentage: 99.99999999999989
Sink 34 SODDISFATTO. Flusso netto: 1.7400000000000002, Demand: 1.74, percentage: 100.00000000000003
Sink 35 SODDISFATTO. Flusso netto: 1.3, Demand: 1.3, percentage: 100.0
Sink 37 SODDISFATTO. Flusso netto: 1.0, Demand: 1.0, percentage: 100.0
Sink 39 SODDISFATTO. Flusso netto: 0.40000000000000036, Demand: 0.4, percentage: 100.00000000000009
Sink 40 SODDISFATTO. Flusso netto: 0.5, Demand: 0.5, percentage: 100.0
Sink 41 SODDISFATTO. Flusso netto: 1.0600000000000005, Demand: 1.06, percentage: 100.00000000000004
Sink 42 SODDISFATTO. Flusso netto: 2.819999999999999, Demand: 2.82, percentage: 99.99999999999997
Sink 45 SODDISFATTO. Flusso netto: 0.6800000000000002, Demand: 0.68, percentage: 100.00000000000003
Sink 46 SODDISFATTO. Flusso netto: 1.17, Demand: 1.17, percentage: 100.0
Sink 49 non è soddisfatto. Flusso netto: 3.83, Demand: 7.0, percentage: 54.714285714285715
Flusso totale entrante nei SINK: 85.282
Flusso totale uscente nei SINK: 42.01200000000001
Flusso totale netto nei SINK: 43.26999999999999
Total DEMAND dei SINK: 46.44
Percentual di flusso ai SINK: 0.9317398794142978
Numero di Sink soddisfatti: 24.0, numero totale di sink: 25.0
Percentuale di Sink soddisfatti: 0.96

---------------------------------- DAY 56

Update Fixed Elements from Intrinsic Faults
Source NODO_11 fixed from Intrinsic Fault
Pipeline ARCO_3 fixed due to Source NODO_11 fixing from Intrinsic Fault
Pipeline ARCO_90 fixed due to Source NODO_11 fixing from Intrinsic Fault
Pipeline ARCO_91 fixed due to Source NODO_11 fixing from Intrinsic Fault
Pipeline ARCO_92 fixed due to Source NODO_11 fixing from Intrinsic Fault
Pipeline V_EDGE_53_9 fixed due to Source NODO_11 fixing from Intrinsic Fault
Pipeline ARCO_20 fixed due to Source NODO_11 fixing from Intrinsic Fault
Pipeline ARCO_21 fixed due to Source NODO_11 fixing from Intrinsic Fault
Pipeline ARCO_22 fixed due to Source NODO_11 fixing from Intrinsic Fault
Pipeline ARCO_73 fixed due to Source NODO_11 fixing from Intrinsic Fault
Update Fixed Elements from Heavy Faults
Update Fixed Elements from Attack
Propagate Intrinsic Fault
Propagate Heavy Faults
Propagate Attacks
Inject Intrinsic Failure To Source
Inject Heavy Fault To Sources
Inject Attack Multiple To Source
Inject Intrinsic Fault To Pipeline
Inject Heavy Fault To Pipeline
Inject Attack To Pipeline
----------- Statistics ------------
	Sources Under Attack: 0
	Sources with Heavy Fault: 0
	Sources with Intrinsic Fault: 0
	Arcs with reduce capacity due to Attack: 0
	Arcs with reduce capacity due to Heavy Fault: 0
	Arcs with reduce capacity due to Intrinsic Fault: 0
	Arcs with Attacks: 0
	Arcs with Heavy Fault: 0
	Arcs with Intrinsic Fault: 0
--------- SOURCES STATISTICS ---------------
Demand del real Source[0]: -31.0, flusso erogato: 8.069999999999997, flusso entrante: 0.0, efficienza: 26.032258064516117 %
Demand del real Source[8]: -10.5, flusso erogato: 3.8600000000000003, flusso entrante: 0.0, efficienza: 36.76190476190476 %
Demand del real Source[9]: -7.1, flusso erogato: 14.169999999999996, flusso entrante: 7.070000000000007, efficienza: 199.57746478873236 %
Demand del real Source[17]: -25.0, flusso erogato: 25.000000000000007, flusso entrante: 0.0, efficienza: 100.00000000000003 %
Flusso totale entrante nei Real Source: 7.070000000000007
Flusso totale uscente dai Real Source: 51.1
Flusso netto sui real Source: -44.029999999999994
--- SINKS STATISTICS ---
Sink 3 SODDISFATTO. Flusso netto: 3.4299999999999997, Demand: 3.43, percentage: 99.99999999999999
Sink 4 SODDISFATTO. Flusso netto: 0.5700000000000003, Demand: 0.57, percentage: 100.00000000000007
Sink 5 SODDISFATTO. Flusso netto: 0.6600000000000019, Demand: 0.66, percentage: 100.00000000000028
Sink 11 SODDISFATTO. Flusso netto: 1.03, Demand: 1.03, percentage: 100.0
Sink 15 SODDISFATTO. Flusso netto: 0.4600000000000044, Demand: 0.46, percentage: 100.00000000000095
Sink 16 SODDISFATTO. Flusso netto: 8.399999999999993, Demand: 8.4, percentage: 99.99999999999991
Sink 19 SODDISFATTO. Flusso netto: 0.5399999999999938, Demand: 0.54, percentage: 99.99999999999885
Sink 23 SODDISFATTO. Flusso netto: 0.5999999999999996, Demand: 0.6, percentage: 99.99999999999994
Sink 24 SODDISFATTO. Flusso netto: 0.8000000000000007, Demand: 0.8, percentage: 100.00000000000009
Sink 25 SODDISFATTO. Flusso netto: 3.5, Demand: 3.5, percentage: 100.0
Sink 26 SODDISFATTO. Flusso netto: 6.000000000000007, Demand: 6.0, percentage: 100.00000000000011
Sink 28 SODDISFATTO. Flusso netto: 0.4, Demand: 0.4, percentage: 100.0
Sink 30 SODDISFATTO. Flusso netto: 0.9799999999999933, Demand: 0.98, percentage: 99.99999999999932
Sink 31 SODDISFATTO. Flusso netto: 0.3999999999999999, Demand: 0.4, percentage: 99.99999999999997
Sink 32 SODDISFATTO. Flusso netto: 0.9999999999999989, Demand: 1.0, percentage: 99.99999999999989
Sink 34 SODDISFATTO. Flusso netto: 1.7400000000000002, Demand: 1.74, percentage: 100.00000000000003
Sink 35 SODDISFATTO. Flusso netto: 1.3, Demand: 1.3, percentage: 100.0
Sink 37 SODDISFATTO. Flusso netto: 1.0, Demand: 1.0, percentage: 100.0
Sink 39 SODDISFATTO. Flusso netto: 0.40000000000000036, Demand: 0.4, percentage: 100.00000000000009
Sink 40 SODDISFATTO. Flusso netto: 0.5, Demand: 0.5, percentage: 100.0
Sink 41 SODDISFATTO. Flusso netto: 1.0600000000000005, Demand: 1.06, percentage: 100.00000000000004
Sink 42 SODDISFATTO. Flusso netto: 2.8200000000000007, Demand: 2.82, percentage: 100.00000000000003
Sink 45 SODDISFATTO. Flusso netto: 0.6800000000000002, Demand: 0.68, percentage: 100.00000000000003
Sink 46 SODDISFATTO. Flusso netto: 1.17, Demand: 1.17, percentage: 100.0
Sink 49 non è soddisfatto. Flusso netto: 4.59, Demand: 7.0, percentage: 65.57142857142857
Flusso totale entrante nei SINK: 86.46000000000001
Flusso totale uscente nei SINK: 42.430000000000014
Flusso totale netto nei SINK: 44.029999999999994
Total DEMAND dei SINK: 46.44
Percentual di flusso ai SINK: 0.9481050818260119
Numero di Sink soddisfatti: 24.0, numero totale di sink: 25.0
Percentuale di Sink soddisfatti: 0.96

---------------------------------- DAY 57

Update Fixed Elements from Intrinsic Faults
Update Fixed Elements from Heavy Faults
Update Fixed Elements from Attack
Propagate Intrinsic Fault
Propagate Heavy Faults
Propagate Attacks
Inject Intrinsic Failure To Source
Inject Heavy Fault To Sources
Inject Attack Multiple To Source
Inject Intrinsic Fault To Pipeline
Inject Heavy Fault To Pipeline
Inject Attack To Pipeline
----------- Statistics ------------
	Sources Under Attack: 0
	Sources with Heavy Fault: 0
	Sources with Intrinsic Fault: 0
	Arcs with reduce capacity due to Attack: 0
	Arcs with reduce capacity due to Heavy Fault: 0
	Arcs with reduce capacity due to Intrinsic Fault: 0
	Arcs with Attacks: 0
	Arcs with Heavy Fault: 0
	Arcs with Intrinsic Fault: 0
--------- SOURCES STATISTICS ---------------
Demand del real Source[0]: -31.0, flusso erogato: 8.069999999999997, flusso entrante: 0.0, efficienza: 26.032258064516117 %
Demand del real Source[8]: -10.5, flusso erogato: 3.8600000000000003, flusso entrante: 0.0, efficienza: 36.76190476190476 %
Demand del real Source[9]: -7.1, flusso erogato: 14.169999999999996, flusso entrante: 7.070000000000007, efficienza: 199.57746478873236 %
Demand del real Source[17]: -25.0, flusso erogato: 25.000000000000007, flusso entrante: 0.0, efficienza: 100.00000000000003 %
Flusso totale entrante nei Real Source: 7.070000000000007
Flusso totale uscente dai Real Source: 51.1
Flusso netto sui real Source: -44.029999999999994
--- SINKS STATISTICS ---
Sink 3 SODDISFATTO. Flusso netto: 3.4299999999999997, Demand: 3.43, percentage: 99.99999999999999
Sink 4 SODDISFATTO. Flusso netto: 0.5700000000000003, Demand: 0.57, percentage: 100.00000000000007
Sink 5 SODDISFATTO. Flusso netto: 0.6600000000000019, Demand: 0.66, percentage: 100.00000000000028
Sink 11 SODDISFATTO. Flusso netto: 1.03, Demand: 1.03, percentage: 100.0
Sink 15 SODDISFATTO. Flusso netto: 0.4600000000000044, Demand: 0.46, percentage: 100.00000000000095
Sink 16 SODDISFATTO. Flusso netto: 8.399999999999993, Demand: 8.4, percentage: 99.99999999999991
Sink 19 SODDISFATTO. Flusso netto: 0.5399999999999938, Demand: 0.54, percentage: 99.99999999999885
Sink 23 SODDISFATTO. Flusso netto: 0.5999999999999996, Demand: 0.6, percentage: 99.99999999999994
Sink 24 SODDISFATTO. Flusso netto: 0.8000000000000007, Demand: 0.8, percentage: 100.00000000000009
Sink 25 SODDISFATTO. Flusso netto: 3.5, Demand: 3.5, percentage: 100.0
Sink 26 SODDISFATTO. Flusso netto: 6.000000000000007, Demand: 6.0, percentage: 100.00000000000011
Sink 28 SODDISFATTO. Flusso netto: 0.4, Demand: 0.4, percentage: 100.0
Sink 30 SODDISFATTO. Flusso netto: 0.9799999999999933, Demand: 0.98, percentage: 99.99999999999932
Sink 31 SODDISFATTO. Flusso netto: 0.3999999999999999, Demand: 0.4, percentage: 99.99999999999997
Sink 32 SODDISFATTO. Flusso netto: 0.9999999999999989, Demand: 1.0, percentage: 99.99999999999989
Sink 34 SODDISFATTO. Flusso netto: 1.7400000000000002, Demand: 1.74, percentage: 100.00000000000003
Sink 35 SODDISFATTO. Flusso netto: 1.3, Demand: 1.3, percentage: 100.0
Sink 37 SODDISFATTO. Flusso netto: 1.0, Demand: 1.0, percentage: 100.0
Sink 39 SODDISFATTO. Flusso netto: 0.40000000000000036, Demand: 0.4, percentage: 100.00000000000009
Sink 40 SODDISFATTO. Flusso netto: 0.5, Demand: 0.5, percentage: 100.0
Sink 41 SODDISFATTO. Flusso netto: 1.0600000000000005, Demand: 1.06, percentage: 100.00000000000004
Sink 42 SODDISFATTO. Flusso netto: 2.8200000000000007, Demand: 2.82, percentage: 100.00000000000003
Sink 45 SODDISFATTO. Flusso netto: 0.6800000000000002, Demand: 0.68, percentage: 100.00000000000003
Sink 46 SODDISFATTO. Flusso netto: 1.17, Demand: 1.17, percentage: 100.0
Sink 49 non è soddisfatto. Flusso netto: 4.59, Demand: 7.0, percentage: 65.57142857142857
Flusso totale entrante nei SINK: 86.46000000000001
Flusso totale uscente nei SINK: 42.430000000000014
Flusso totale netto nei SINK: 44.029999999999994
Total DEMAND dei SINK: 46.44
Percentual di flusso ai SINK: 0.9481050818260119
Numero di Sink soddisfatti: 24.0, numero totale di sink: 25.0
Percentuale di Sink soddisfatti: 0.96

---------------------------------- DAY 58

Update Fixed Elements from Intrinsic Faults
Update Fixed Elements from Heavy Faults
Update Fixed Elements from Attack
Propagate Intrinsic Fault
Propagate Heavy Faults
Propagate Attacks
Inject Intrinsic Failure To Source
Inject Heavy Fault To Sources
Inject Attack Multiple To Source
Inject Intrinsic Fault To Pipeline
Inject Heavy Fault To Pipeline
Inject Attack To Pipeline
----------- Statistics ------------
	Sources Under Attack: 0
	Sources with Heavy Fault: 0
	Sources with Intrinsic Fault: 0
	Arcs with reduce capacity due to Attack: 0
	Arcs with reduce capacity due to Heavy Fault: 0
	Arcs with reduce capacity due to Intrinsic Fault: 0
	Arcs with Attacks: 0
	Arcs with Heavy Fault: 0
	Arcs with Intrinsic Fault: 0
--------- SOURCES STATISTICS ---------------
Demand del real Source[0]: -31.0, flusso erogato: 8.069999999999997, flusso entrante: 0.0, efficienza: 26.032258064516117 %
Demand del real Source[8]: -10.5, flusso erogato: 3.8600000000000003, flusso entrante: 0.0, efficienza: 36.76190476190476 %
Demand del real Source[9]: -7.1, flusso erogato: 14.169999999999996, flusso entrante: 7.070000000000007, efficienza: 199.57746478873236 %
Demand del real Source[17]: -25.0, flusso erogato: 25.000000000000007, flusso entrante: 0.0, efficienza: 100.00000000000003 %
Flusso totale entrante nei Real Source: 7.070000000000007
Flusso totale uscente dai Real Source: 51.1
Flusso netto sui real Source: -44.029999999999994
--- SINKS STATISTICS ---
Sink 3 SODDISFATTO. Flusso netto: 3.4299999999999997, Demand: 3.43, percentage: 99.99999999999999
Sink 4 SODDISFATTO. Flusso netto: 0.5700000000000003, Demand: 0.57, percentage: 100.00000000000007
Sink 5 SODDISFATTO. Flusso netto: 0.6600000000000019, Demand: 0.66, percentage: 100.00000000000028
Sink 11 SODDISFATTO. Flusso netto: 1.03, Demand: 1.03, percentage: 100.0
Sink 15 SODDISFATTO. Flusso netto: 0.4600000000000044, Demand: 0.46, percentage: 100.00000000000095
Sink 16 SODDISFATTO. Flusso netto: 8.399999999999993, Demand: 8.4, percentage: 99.99999999999991
Sink 19 SODDISFATTO. Flusso netto: 0.5399999999999938, Demand: 0.54, percentage: 99.99999999999885
Sink 23 SODDISFATTO. Flusso netto: 0.5999999999999996, Demand: 0.6, percentage: 99.99999999999994
Sink 24 SODDISFATTO. Flusso netto: 0.8000000000000007, Demand: 0.8, percentage: 100.00000000000009
Sink 25 SODDISFATTO. Flusso netto: 3.5, Demand: 3.5, percentage: 100.0
Sink 26 SODDISFATTO. Flusso netto: 6.000000000000007, Demand: 6.0, percentage: 100.00000000000011
Sink 28 SODDISFATTO. Flusso netto: 0.4, Demand: 0.4, percentage: 100.0
Sink 30 SODDISFATTO. Flusso netto: 0.9799999999999933, Demand: 0.98, percentage: 99.99999999999932
Sink 31 SODDISFATTO. Flusso netto: 0.3999999999999999, Demand: 0.4, percentage: 99.99999999999997
Sink 32 SODDISFATTO. Flusso netto: 0.9999999999999989, Demand: 1.0, percentage: 99.99999999999989
Sink 34 SODDISFATTO. Flusso netto: 1.7400000000000002, Demand: 1.74, percentage: 100.00000000000003
Sink 35 SODDISFATTO. Flusso netto: 1.3, Demand: 1.3, percentage: 100.0
Sink 37 SODDISFATTO. Flusso netto: 1.0, Demand: 1.0, percentage: 100.0
Sink 39 SODDISFATTO. Flusso netto: 0.40000000000000036, Demand: 0.4, percentage: 100.00000000000009
Sink 40 SODDISFATTO. Flusso netto: 0.5, Demand: 0.5, percentage: 100.0
Sink 41 SODDISFATTO. Flusso netto: 1.0600000000000005, Demand: 1.06, percentage: 100.00000000000004
Sink 42 SODDISFATTO. Flusso netto: 2.8200000000000007, Demand: 2.82, percentage: 100.00000000000003
Sink 45 SODDISFATTO. Flusso netto: 0.6800000000000002, Demand: 0.68, percentage: 100.00000000000003
Sink 46 SODDISFATTO. Flusso netto: 1.17, Demand: 1.17, percentage: 100.0
Sink 49 non è soddisfatto. Flusso netto: 4.59, Demand: 7.0, percentage: 65.57142857142857
Flusso totale entrante nei SINK: 86.46000000000001
Flusso totale uscente nei SINK: 42.430000000000014
Flusso totale netto nei SINK: 44.029999999999994
Total DEMAND dei SINK: 46.44
Percentual di flusso ai SINK: 0.9481050818260119
Numero di Sink soddisfatti: 24.0, numero totale di sink: 25.0
Percentuale di Sink soddisfatti: 0.96

---------------------------------- DAY 59

Update Fixed Elements from Intrinsic Faults
Update Fixed Elements from Heavy Faults
Update Fixed Elements from Attack
Propagate Intrinsic Fault
Propagate Heavy Faults
Propagate Attacks
Inject Intrinsic Failure To Source
Source NODO_11 is failing for an Intrinsic Fault in day: 59
pipeline ARCO_3 has reduced capacity due to NODO_11 Intrinsic fault
pipeline ARCO_90 has reduced capacity due to NODO_11 Intrinsic fault
pipeline ARCO_91 has reduced capacity due to NODO_11 Intrinsic fault
pipeline ARCO_92 has reduced capacity due to NODO_11 Intrinsic fault
pipeline V_EDGE_53_9 has reduced capacity due to NODO_11 Intrinsic fault
pipeline ARCO_20 has reduced capacity due to NODO_11 Intrinsic fault
pipeline ARCO_21 has reduced capacity due to NODO_11 Intrinsic fault
pipeline ARCO_22 has reduced capacity due to NODO_11 Intrinsic fault
pipeline ARCO_73 has reduced capacity due to NODO_11 Intrinsic fault
Inject Heavy Fault To Sources
Inject Attack Multiple To Source
Inject Intrinsic Fault To Pipeline
Inject Heavy Fault To Pipeline
Inject Attack To Pipeline
----------- Statistics ------------
	Sources Under Attack: 0
	Sources with Heavy Fault: 0
	Sources with Intrinsic Fault: 1
	Arcs with reduce capacity due to Attack: 0
	Arcs with reduce capacity due to Heavy Fault: 0
	Arcs with reduce capacity due to Intrinsic Fault: 9
	Arcs with Attacks: 0
	Arcs with Heavy Fault: 0
	Arcs with Intrinsic Fault: 0
--------- SOURCES STATISTICS ---------------
Demand del real Source[0]: -31.0, flusso erogato: 8.729999999999993, flusso entrante: 0.0, efficienza: 28.161290322580623 %
Demand del real Source[8]: -10.5, flusso erogato: 3.8600000000000003, flusso entrante: 0.0, efficienza: 36.76190476190476 %
Demand del real Source[9]: -7.1, flusso erogato: 13.409999999999997, flusso entrante: 7.73, efficienza: 188.87323943661968 %
Demand del real Source[17]: -25.0, flusso erogato: 25.000000000000007, flusso entrante: 0.0, efficienza: 100.00000000000003 %
Flusso totale entrante nei Real Source: 7.73
Flusso totale uscente dai Real Source: 51.0
Flusso netto sui real Source: -43.269999999999996
--- SINKS STATISTICS ---
Sink 3 SODDISFATTO. Flusso netto: 3.4299999999999997, Demand: 3.43, percentage: 99.99999999999999
Sink 4 SODDISFATTO. Flusso netto: 0.5700000000000003, Demand: 0.57, percentage: 100.00000000000007
Sink 5 SODDISFATTO. Flusso netto: 0.6600000000000001, Demand: 0.66, percentage: 100.00000000000003
Sink 11 SODDISFATTO. Flusso netto: 1.03, Demand: 1.03, percentage: 100.0
Sink 15 SODDISFATTO. Flusso netto: 0.4600000000000044, Demand: 0.46, percentage: 100.00000000000095
Sink 16 SODDISFATTO. Flusso netto: 8.399999999999993, Demand: 8.4, percentage: 99.99999999999991
Sink 19 SODDISFATTO. Flusso netto: 0.5399999999999938, Demand: 0.54, percentage: 99.99999999999885
Sink 23 SODDISFATTO. Flusso netto: 0.5999999999999996, Demand: 0.6, percentage: 99.99999999999994
Sink 24 SODDISFATTO. Flusso netto: 0.8000000000000007, Demand: 0.8, percentage: 100.00000000000009
Sink 25 SODDISFATTO. Flusso netto: 3.5, Demand: 3.5, percentage: 100.0
Sink 26 SODDISFATTO. Flusso netto: 6.000000000000007, Demand: 6.0, percentage: 100.00000000000011
Sink 28 SODDISFATTO. Flusso netto: 0.4, Demand: 0.4, percentage: 100.0
Sink 30 SODDISFATTO. Flusso netto: 0.9799999999999933, Demand: 0.98, percentage: 99.99999999999932
Sink 31 SODDISFATTO. Flusso netto: 0.3999999999999999, Demand: 0.4, percentage: 99.99999999999997
Sink 32 SODDISFATTO. Flusso netto: 0.9999999999999989, Demand: 1.0, percentage: 99.99999999999989
Sink 34 SODDISFATTO. Flusso netto: 1.7400000000000002, Demand: 1.74, percentage: 100.00000000000003
Sink 35 SODDISFATTO. Flusso netto: 1.3, Demand: 1.3, percentage: 100.0
Sink 37 SODDISFATTO. Flusso netto: 1.0, Demand: 1.0, percentage: 100.0
Sink 39 SODDISFATTO. Flusso netto: 0.40000000000000036, Demand: 0.4, percentage: 100.00000000000009
Sink 40 SODDISFATTO. Flusso netto: 0.5, Demand: 0.5, percentage: 100.0
Sink 41 SODDISFATTO. Flusso netto: 1.0600000000000005, Demand: 1.06, percentage: 100.00000000000004
Sink 42 SODDISFATTO. Flusso netto: 2.819999999999999, Demand: 2.82, percentage: 99.99999999999997
Sink 45 SODDISFATTO. Flusso netto: 0.6800000000000002, Demand: 0.68, percentage: 100.00000000000003
Sink 46 SODDISFATTO. Flusso netto: 1.17, Demand: 1.17, percentage: 100.0
Sink 49 non è soddisfatto. Flusso netto: 3.83, Demand: 7.0, percentage: 54.714285714285715
Flusso totale entrante nei SINK: 85.282
Flusso totale uscente nei SINK: 42.01200000000001
Flusso totale netto nei SINK: 43.26999999999999
Total DEMAND dei SINK: 46.44
Percentual di flusso ai SINK: 0.9317398794142978
Numero di Sink soddisfatti: 24.0, numero totale di sink: 25.0
Percentuale di Sink soddisfatti: 0.96

---------------------------------- DAY 60

Update Fixed Elements from Intrinsic Faults
Update Fixed Elements from Heavy Faults
Update Fixed Elements from Attack
Propagate Intrinsic Fault
Node NODO_11 has still failing due to Intrinsic Fault
pipeline ARCO_3 still has reduced capacity: 9.688 due to Intrinsic Fault
pipeline ARCO_90 still has reduced capacity: 1.6 due to Intrinsic Fault
pipeline ARCO_91 still has reduced capacity: 9.688 due to Intrinsic Fault
pipeline ARCO_92 still has reduced capacity: 39.328 due to Intrinsic Fault
pipeline V_EDGE_53_9 still has reduced capacity: 5.68 due to Intrinsic Fault
pipeline ARCO_20 still has reduced capacity: 1.6 due to Intrinsic Fault
pipeline ARCO_21 still has reduced capacity: 9.688 due to Intrinsic Fault
pipeline ARCO_22 still has reduced capacity: 39.328 due to Intrinsic Fault
pipeline ARCO_73 still has reduced capacity: 9.688 due to Intrinsic Fault
Propagate Heavy Faults
Propagate Attacks
Inject Intrinsic Failure To Source
Source NODO_2 is failing for an Intrinsic Fault in day: 60
pipeline ARCO_70 has reduced capacity due to NODO_2 Intrinsic fault
pipeline V_EDGE_53_0 has reduced capacity due to NODO_2 Intrinsic fault
pipeline ARCO_0 has reduced capacity due to NODO_2 Intrinsic fault
Inject Heavy Fault To Sources
Inject Attack Multiple To Source
Inject Intrinsic Fault To Pipeline
Inject Heavy Fault To Pipeline
Inject Attack To Pipeline
----------- Statistics ------------
	Sources Under Attack: 0
	Sources with Heavy Fault: 0
	Sources with Intrinsic Fault: 2
	Arcs with reduce capacity due to Attack: 0
	Arcs with reduce capacity due to Heavy Fault: 0
	Arcs with reduce capacity due to Intrinsic Fault: 12
	Arcs with Attacks: 0
	Arcs with Heavy Fault: 0
	Arcs with Intrinsic Fault: 0
--------- SOURCES STATISTICS ---------------
Demand del real Source[0]: -31.0, flusso erogato: 8.729999999999997, flusso entrante: 0.0, efficienza: 28.161290322580633 %
Demand del real Source[8]: -10.5, flusso erogato: 3.8600000000000003, flusso entrante: 0.0, efficienza: 36.76190476190476 %
Demand del real Source[9]: -7.1, flusso erogato: 13.409999999999997, flusso entrante: 7.73, efficienza: 188.87323943661968 %
Demand del real Source[17]: -25.0, flusso erogato: 25.000000000000007, flusso entrante: 0.0, efficienza: 100.00000000000003 %
Flusso totale entrante nei Real Source: 7.73
Flusso totale uscente dai Real Source: 51.0
Flusso netto sui real Source: -43.269999999999996
--- SINKS STATISTICS ---
Sink 3 SODDISFATTO. Flusso netto: 3.4299999999999997, Demand: 3.43, percentage: 99.99999999999999
Sink 4 SODDISFATTO. Flusso netto: 0.5700000000000003, Demand: 0.57, percentage: 100.00000000000007
Sink 5 SODDISFATTO. Flusso netto: 0.6600000000000001, Demand: 0.66, percentage: 100.00000000000003
Sink 11 SODDISFATTO. Flusso netto: 1.03, Demand: 1.03, percentage: 100.0
Sink 15 SODDISFATTO. Flusso netto: 0.4600000000000044, Demand: 0.46, percentage: 100.00000000000095
Sink 16 SODDISFATTO. Flusso netto: 8.399999999999993, Demand: 8.4, percentage: 99.99999999999991
Sink 19 SODDISFATTO. Flusso netto: 0.5399999999999938, Demand: 0.54, percentage: 99.99999999999885
Sink 23 SODDISFATTO. Flusso netto: 0.5999999999999996, Demand: 0.6, percentage: 99.99999999999994
Sink 24 SODDISFATTO. Flusso netto: 0.8000000000000007, Demand: 0.8, percentage: 100.00000000000009
Sink 25 SODDISFATTO. Flusso netto: 3.5, Demand: 3.5, percentage: 100.0
Sink 26 SODDISFATTO. Flusso netto: 6.000000000000007, Demand: 6.0, percentage: 100.00000000000011
Sink 28 SODDISFATTO. Flusso netto: 0.4, Demand: 0.4, percentage: 100.0
Sink 30 SODDISFATTO. Flusso netto: 0.9799999999999933, Demand: 0.98, percentage: 99.99999999999932
Sink 31 SODDISFATTO. Flusso netto: 0.3999999999999999, Demand: 0.4, percentage: 99.99999999999997
Sink 32 SODDISFATTO. Flusso netto: 0.9999999999999989, Demand: 1.0, percentage: 99.99999999999989
Sink 34 SODDISFATTO. Flusso netto: 1.7400000000000002, Demand: 1.74, percentage: 100.00000000000003
Sink 35 SODDISFATTO. Flusso netto: 1.3, Demand: 1.3, percentage: 100.0
Sink 37 SODDISFATTO. Flusso netto: 1.0, Demand: 1.0, percentage: 100.0
Sink 39 SODDISFATTO. Flusso netto: 0.40000000000000036, Demand: 0.4, percentage: 100.00000000000009
Sink 40 SODDISFATTO. Flusso netto: 0.5, Demand: 0.5, percentage: 100.0
Sink 41 SODDISFATTO. Flusso netto: 1.0600000000000005, Demand: 1.06, percentage: 100.00000000000004
Sink 42 SODDISFATTO. Flusso netto: 2.819999999999999, Demand: 2.82, percentage: 99.99999999999997
Sink 45 SODDISFATTO. Flusso netto: 0.6800000000000002, Demand: 0.68, percentage: 100.00000000000003
Sink 46 SODDISFATTO. Flusso netto: 1.17, Demand: 1.17, percentage: 100.0
Sink 49 non è soddisfatto. Flusso netto: 3.83, Demand: 7.0, percentage: 54.714285714285715
Flusso totale entrante nei SINK: 85.282
Flusso totale uscente nei SINK: 42.01200000000001
Flusso totale netto nei SINK: 43.26999999999999
Total DEMAND dei SINK: 46.44
Percentual di flusso ai SINK: 0.9317398794142978
Numero di Sink soddisfatti: 24.0, numero totale di sink: 25.0
Percentuale di Sink soddisfatti: 0.96

---------------------------------- DAY 61

Update Fixed Elements from Intrinsic Faults
Update Fixed Elements from Heavy Faults
Update Fixed Elements from Attack
Propagate Intrinsic Fault
Node NODO_11 has still failing due to Intrinsic Fault
Node NODO_2 has still failing due to Intrinsic Fault
pipeline ARCO_3 still has reduced capacity: 9.688 due to Intrinsic Fault
pipeline ARCO_90 still has reduced capacity: 1.6 due to Intrinsic Fault
pipeline ARCO_91 still has reduced capacity: 9.688 due to Intrinsic Fault
pipeline ARCO_92 still has reduced capacity: 39.328 due to Intrinsic Fault
pipeline V_EDGE_53_9 still has reduced capacity: 5.68 due to Intrinsic Fault
pipeline ARCO_20 still has reduced capacity: 1.6 due to Intrinsic Fault
pipeline ARCO_21 still has reduced capacity: 9.688 due to Intrinsic Fault
pipeline ARCO_22 still has reduced capacity: 39.328 due to Intrinsic Fault
pipeline ARCO_73 still has reduced capacity: 9.688 due to Intrinsic Fault
pipeline ARCO_70 still has reduced capacity: 24.8 due to Intrinsic Fault
pipeline V_EDGE_53_0 still has reduced capacity: 24.8 due to Intrinsic Fault
pipeline ARCO_0 still has reduced capacity: 24.8 due to Intrinsic Fault
Propagate Heavy Faults
Propagate Attacks
Inject Intrinsic Failure To Source
Source NODO_2 is failing for an Intrinsic Fault in day: 61
pipeline ARCO_70 has reduced capacity due to NODO_2 Intrinsic fault
pipeline V_EDGE_53_0 has reduced capacity due to NODO_2 Intrinsic fault
pipeline ARCO_0 has reduced capacity due to NODO_2 Intrinsic fault
Source NODO_10 is failing for an Intrinsic Fault in day: 61
pipeline ARCO_17 has reduced capacity due to NODO_10 Intrinsic fault
pipeline ARCO_88 has reduced capacity due to NODO_10 Intrinsic fault
pipeline ARCO_89 has reduced capacity due to NODO_10 Intrinsic fault
pipeline V_EDGE_53_8 has reduced capacity due to NODO_10 Intrinsic fault
pipeline ARCO_18 has reduced capacity due to NODO_10 Intrinsic fault
pipeline ARCO_19 has reduced capacity due to NODO_10 Intrinsic fault
pipeline ARCO_87 has reduced capacity due to NODO_10 Intrinsic fault
Inject Heavy Fault To Sources
Inject Attack Multiple To Source
Inject Intrinsic Fault To Pipeline
Inject Heavy Fault To Pipeline
Inject Attack To Pipeline
----------- Statistics ------------
	Sources Under Attack: 0
	Sources with Heavy Fault: 0
	Sources with Intrinsic Fault: 3
	Arcs with reduce capacity due to Attack: 0
	Arcs with reduce capacity due to Heavy Fault: 0
	Arcs with reduce capacity due to Intrinsic Fault: 19
	Arcs with Attacks: 0
	Arcs with Heavy Fault: 0
	Arcs with Intrinsic Fault: 0
--------- SOURCES STATISTICS ---------------
Demand del real Source[0]: -31.0, flusso erogato: 12.427999999999997, flusso entrante: 0.0, efficienza: 40.09032258064516 %
Demand del real Source[8]: -10.5, flusso erogato: 0.0, flusso entrante: 0.0, efficienza: 0.0 %
Demand del real Source[9]: -7.1, flusso erogato: 17.107999999999997, flusso entrante: 11.428000000000004, efficienza: 240.9577464788732 %
Demand del real Source[17]: -25.0, flusso erogato: 25.000000000000007, flusso entrante: 0.0, efficienza: 100.00000000000003 %
Flusso totale entrante nei Real Source: 11.428000000000004
Flusso totale uscente dai Real Source: 54.536
Flusso netto sui real Source: -43.108
--- SINKS STATISTICS ---
Sink 3 SODDISFATTO. Flusso netto: 3.4299999999999997, Demand: 3.43, percentage: 99.99999999999999
Sink 4 SODDISFATTO. Flusso netto: 0.5700000000000003, Demand: 0.57, percentage: 100.00000000000007
Sink 5 SODDISFATTO. Flusso netto: 0.660000000000001, Demand: 0.66, percentage: 100.00000000000016
Sink 11 SODDISFATTO. Flusso netto: 1.0300000000000011, Demand: 1.03, percentage: 100.00000000000011
Sink 15 SODDISFATTO. Flusso netto: 0.4600000000000044, Demand: 0.46, percentage: 100.00000000000095
Sink 16 SODDISFATTO. Flusso netto: 8.399999999999993, Demand: 8.4, percentage: 99.99999999999991
Sink 19 SODDISFATTO. Flusso netto: 0.5399999999999938, Demand: 0.54, percentage: 99.99999999999885
Sink 23 SODDISFATTO. Flusso netto: 0.5999999999999996, Demand: 0.6, percentage: 99.99999999999994
Sink 24 SODDISFATTO. Flusso netto: 0.8000000000000007, Demand: 0.8, percentage: 100.00000000000009
Sink 25 SODDISFATTO. Flusso netto: 3.5, Demand: 3.5, percentage: 100.0
Sink 26 SODDISFATTO. Flusso netto: 6.000000000000007, Demand: 6.0, percentage: 100.00000000000011
Sink 28 SODDISFATTO. Flusso netto: 0.4, Demand: 0.4, percentage: 100.0
Sink 30 SODDISFATTO. Flusso netto: 0.9799999999999933, Demand: 0.98, percentage: 99.99999999999932
Sink 31 SODDISFATTO. Flusso netto: 0.3999999999999999, Demand: 0.4, percentage: 99.99999999999997
Sink 32 SODDISFATTO. Flusso netto: 0.9999999999999989, Demand: 1.0, percentage: 99.99999999999989
Sink 34 SODDISFATTO. Flusso netto: 1.7400000000000002, Demand: 1.74, percentage: 100.00000000000003
Sink 35 SODDISFATTO. Flusso netto: 1.3, Demand: 1.3, percentage: 100.0
Sink 37 SODDISFATTO. Flusso netto: 1.0, Demand: 1.0, percentage: 100.0
Sink 39 SODDISFATTO. Flusso netto: 0.40000000000000036, Demand: 0.4, percentage: 100.00000000000009
Sink 40 SODDISFATTO. Flusso netto: 0.5, Demand: 0.5, percentage: 100.0
Sink 41 SODDISFATTO. Flusso netto: 1.0600000000000005, Demand: 1.06, percentage: 100.00000000000004
Sink 42 SODDISFATTO. Flusso netto: 2.8199999999999994, Demand: 2.82, percentage: 99.99999999999999
Sink 45 SODDISFATTO. Flusso netto: 0.6800000000000002, Demand: 0.68, percentage: 100.00000000000003
Sink 46 SODDISFATTO. Flusso netto: 1.17, Demand: 1.17, percentage: 100.0
Sink 49 non è soddisfatto. Flusso netto: 3.6679999999999993, Demand: 7.0, percentage: 52.39999999999999
Flusso totale entrante nei SINK: 91.75200000000001
Flusso totale uscente nei SINK: 48.64400000000001
Flusso totale netto nei SINK: 43.108
Total DEMAND dei SINK: 46.44
Percentual di flusso ai SINK: 0.9282515073212747
Numero di Sink soddisfatti: 24.0, numero totale di sink: 25.0
Percentuale di Sink soddisfatti: 0.96

---------------------------------- DAY 62

Update Fixed Elements from Intrinsic Faults
Source NODO_11 fixed from Intrinsic Fault
Pipeline ARCO_3 fixed due to Source NODO_11 fixing from Intrinsic Fault
Pipeline ARCO_90 fixed due to Source NODO_11 fixing from Intrinsic Fault
Pipeline ARCO_91 fixed due to Source NODO_11 fixing from Intrinsic Fault
Pipeline ARCO_92 fixed due to Source NODO_11 fixing from Intrinsic Fault
Pipeline V_EDGE_53_9 fixed due to Source NODO_11 fixing from Intrinsic Fault
Pipeline ARCO_20 fixed due to Source NODO_11 fixing from Intrinsic Fault
Pipeline ARCO_21 fixed due to Source NODO_11 fixing from Intrinsic Fault
Pipeline ARCO_22 fixed due to Source NODO_11 fixing from Intrinsic Fault
Pipeline ARCO_73 fixed due to Source NODO_11 fixing from Intrinsic Fault
Update Fixed Elements from Heavy Faults
Update Fixed Elements from Attack
Propagate Intrinsic Fault
Node NODO_2 has still failing due to Intrinsic Fault
Node NODO_10 has still failing due to Intrinsic Fault
pipeline ARCO_70 still has reduced capacity: 24.8 due to Intrinsic Fault
pipeline V_EDGE_53_0 still has reduced capacity: 24.8 due to Intrinsic Fault
pipeline ARCO_0 still has reduced capacity: 24.8 due to Intrinsic Fault
pipeline ARCO_17 still has reduced capacity: 0.0 due to Intrinsic Fault
pipeline ARCO_88 still has reduced capacity: 0.0 due to Intrinsic Fault
pipeline ARCO_89 still has reduced capacity: 0.0 due to Intrinsic Fault
pipeline V_EDGE_53_8 still has reduced capacity: 0.0 due to Intrinsic Fault
pipeline ARCO_18 still has reduced capacity: 0.0 due to Intrinsic Fault
pipeline ARCO_19 still has reduced capacity: 0.0 due to Intrinsic Fault
pipeline ARCO_87 still has reduced capacity: 0.0 due to Intrinsic Fault
Propagate Heavy Faults
Propagate Attacks
Inject Intrinsic Failure To Source
Inject Heavy Fault To Sources
Inject Attack Multiple To Source
Inject Intrinsic Fault To Pipeline
Inject Heavy Fault To Pipeline
Inject Attack To Pipeline
----------- Statistics ------------
	Sources Under Attack: 0
	Sources with Heavy Fault: 0
	Sources with Intrinsic Fault: 2
	Arcs with reduce capacity due to Attack: 0
	Arcs with reduce capacity due to Heavy Fault: 0
	Arcs with reduce capacity due to Intrinsic Fault: 10
	Arcs with Attacks: 0
	Arcs with Heavy Fault: 0
	Arcs with Intrinsic Fault: 0
--------- SOURCES STATISTICS ---------------
Demand del real Source[0]: -31.0, flusso erogato: 11.159999999999997, flusso entrante: 0.0, efficienza: 35.999999999999986 %
Demand del real Source[8]: -10.5, flusso erogato: 0.0, flusso entrante: 0.0, efficienza: 0.0 %
Demand del real Source[9]: -7.1, flusso erogato: 17.259999999999998, flusso entrante: 10.159999999999997, efficienza: 243.09859154929575 %
Demand del real Source[17]: -25.0, flusso erogato: 25.000000000000007, flusso entrante: 0.0, efficienza: 100.00000000000003 %
Flusso totale entrante nei Real Source: 10.159999999999997
Flusso totale uscente dai Real Source: 53.42
Flusso netto sui real Source: -43.260000000000005
--- SINKS STATISTICS ---
Sink 3 SODDISFATTO. Flusso netto: 3.429999999999999, Demand: 3.43, percentage: 99.99999999999997
Sink 4 SODDISFATTO. Flusso netto: 0.5700000000000003, Demand: 0.57, percentage: 100.00000000000007
Sink 5 SODDISFATTO. Flusso netto: 0.6599999999999993, Demand: 0.66, percentage: 99.99999999999987
Sink 11 SODDISFATTO. Flusso netto: 1.0300000000000011, Demand: 1.03, percentage: 100.00000000000011
Sink 15 SODDISFATTO. Flusso netto: 0.4600000000000044, Demand: 0.46, percentage: 100.00000000000095
Sink 16 SODDISFATTO. Flusso netto: 8.399999999999993, Demand: 8.4, percentage: 99.99999999999991
Sink 19 SODDISFATTO. Flusso netto: 0.5399999999999938, Demand: 0.54, percentage: 99.99999999999885
Sink 23 SODDISFATTO. Flusso netto: 0.5999999999999996, Demand: 0.6, percentage: 99.99999999999994
Sink 24 SODDISFATTO. Flusso netto: 0.8000000000000007, Demand: 0.8, percentage: 100.00000000000009
Sink 25 SODDISFATTO. Flusso netto: 3.5, Demand: 3.5, percentage: 100.0
Sink 26 SODDISFATTO. Flusso netto: 6.000000000000007, Demand: 6.0, percentage: 100.00000000000011
Sink 28 SODDISFATTO. Flusso netto: 0.4, Demand: 0.4, percentage: 100.0
Sink 30 SODDISFATTO. Flusso netto: 0.9799999999999933, Demand: 0.98, percentage: 99.99999999999932
Sink 31 SODDISFATTO. Flusso netto: 0.3999999999999999, Demand: 0.4, percentage: 99.99999999999997
Sink 32 SODDISFATTO. Flusso netto: 0.9999999999999989, Demand: 1.0, percentage: 99.99999999999989
Sink 34 SODDISFATTO. Flusso netto: 1.7400000000000002, Demand: 1.74, percentage: 100.00000000000003
Sink 35 SODDISFATTO. Flusso netto: 1.3, Demand: 1.3, percentage: 100.0
Sink 37 SODDISFATTO. Flusso netto: 1.0, Demand: 1.0, percentage: 100.0
Sink 39 SODDISFATTO. Flusso netto: 0.40000000000000036, Demand: 0.4, percentage: 100.00000000000009
Sink 40 SODDISFATTO. Flusso netto: 0.5, Demand: 0.5, percentage: 100.0
Sink 41 SODDISFATTO. Flusso netto: 1.0599999999999996, Demand: 1.06, percentage: 99.99999999999996
Sink 42 SODDISFATTO. Flusso netto: 2.820000000000001, Demand: 2.82, percentage: 100.00000000000004
Sink 45 SODDISFATTO. Flusso netto: 0.6800000000000002, Demand: 0.68, percentage: 100.00000000000003
Sink 46 SODDISFATTO. Flusso netto: 1.17, Demand: 1.17, percentage: 100.0
Sink 49 non è soddisfatto. Flusso netto: 3.8200000000000003, Demand: 7.0, percentage: 54.57142857142857
Flusso totale entrante nei SINK: 88.47
Flusso totale uscente nei SINK: 45.21000000000001
Flusso totale netto nei SINK: 43.25999999999999
Total DEMAND dei SINK: 46.44
Percentual di flusso ai SINK: 0.9315245478036174
Numero di Sink soddisfatti: 24.0, numero totale di sink: 25.0
Percentuale di Sink soddisfatti: 0.96

---------------------------------- DAY 63

Update Fixed Elements from Intrinsic Faults
Source NODO_2 fixed from Intrinsic Fault
Pipeline ARCO_70 fixed due to Source NODO_2 fixing from Intrinsic Fault
Pipeline V_EDGE_53_0 fixed due to Source NODO_2 fixing from Intrinsic Fault
Pipeline ARCO_0 fixed due to Source NODO_2 fixing from Intrinsic Fault
Update Fixed Elements from Heavy Faults
Update Fixed Elements from Attack
Propagate Intrinsic Fault
Node NODO_10 has still failing due to Intrinsic Fault
pipeline ARCO_17 still has reduced capacity: 0.0 due to Intrinsic Fault
pipeline ARCO_88 still has reduced capacity: 0.0 due to Intrinsic Fault
pipeline ARCO_89 still has reduced capacity: 0.0 due to Intrinsic Fault
pipeline V_EDGE_53_8 still has reduced capacity: 0.0 due to Intrinsic Fault
pipeline ARCO_18 still has reduced capacity: 0.0 due to Intrinsic Fault
pipeline ARCO_19 still has reduced capacity: 0.0 due to Intrinsic Fault
pipeline ARCO_87 still has reduced capacity: 0.0 due to Intrinsic Fault
Propagate Heavy Faults
Propagate Attacks
Inject Intrinsic Failure To Source
Inject Heavy Fault To Sources
Inject Attack Multiple To Source
Inject Intrinsic Fault To Pipeline
Inject Heavy Fault To Pipeline
Inject Attack To Pipeline
----------- Statistics ------------
	Sources Under Attack: 0
	Sources with Heavy Fault: 0
	Sources with Intrinsic Fault: 1
	Arcs with reduce capacity due to Attack: 0
	Arcs with reduce capacity due to Heavy Fault: 0
	Arcs with reduce capacity due to Intrinsic Fault: 7
	Arcs with Attacks: 0
	Arcs with Heavy Fault: 0
	Arcs with Intrinsic Fault: 0
--------- SOURCES STATISTICS ---------------
Demand del real Source[0]: -31.0, flusso erogato: 11.159999999999997, flusso entrante: 0.0, efficienza: 35.999999999999986 %
Demand del real Source[8]: -10.5, flusso erogato: 0.0, flusso entrante: 0.0, efficienza: 0.0 %
Demand del real Source[9]: -7.1, flusso erogato: 17.259999999999998, flusso entrante: 10.159999999999997, efficienza: 243.09859154929575 %
Demand del real Source[17]: -25.0, flusso erogato: 25.000000000000007, flusso entrante: 0.0, efficienza: 100.00000000000003 %
Flusso totale entrante nei Real Source: 10.159999999999997
Flusso totale uscente dai Real Source: 53.42
Flusso netto sui real Source: -43.260000000000005
--- SINKS STATISTICS ---
Sink 3 SODDISFATTO. Flusso netto: 3.429999999999999, Demand: 3.43, percentage: 99.99999999999997
Sink 4 SODDISFATTO. Flusso netto: 0.5700000000000003, Demand: 0.57, percentage: 100.00000000000007
Sink 5 SODDISFATTO. Flusso netto: 0.6599999999999993, Demand: 0.66, percentage: 99.99999999999987
Sink 11 SODDISFATTO. Flusso netto: 1.0300000000000011, Demand: 1.03, percentage: 100.00000000000011
Sink 15 SODDISFATTO. Flusso netto: 0.4600000000000044, Demand: 0.46, percentage: 100.00000000000095
Sink 16 SODDISFATTO. Flusso netto: 8.399999999999993, Demand: 8.4, percentage: 99.99999999999991
Sink 19 SODDISFATTO. Flusso netto: 0.5399999999999938, Demand: 0.54, percentage: 99.99999999999885
Sink 23 SODDISFATTO. Flusso netto: 0.5999999999999996, Demand: 0.6, percentage: 99.99999999999994
Sink 24 SODDISFATTO. Flusso netto: 0.8000000000000007, Demand: 0.8, percentage: 100.00000000000009
Sink 25 SODDISFATTO. Flusso netto: 3.5, Demand: 3.5, percentage: 100.0
Sink 26 SODDISFATTO. Flusso netto: 6.000000000000007, Demand: 6.0, percentage: 100.00000000000011
Sink 28 SODDISFATTO. Flusso netto: 0.4, Demand: 0.4, percentage: 100.0
Sink 30 SODDISFATTO. Flusso netto: 0.9799999999999933, Demand: 0.98, percentage: 99.99999999999932
Sink 31 SODDISFATTO. Flusso netto: 0.3999999999999999, Demand: 0.4, percentage: 99.99999999999997
Sink 32 SODDISFATTO. Flusso netto: 0.9999999999999989, Demand: 1.0, percentage: 99.99999999999989
Sink 34 SODDISFATTO. Flusso netto: 1.7400000000000002, Demand: 1.74, percentage: 100.00000000000003
Sink 35 SODDISFATTO. Flusso netto: 1.3, Demand: 1.3, percentage: 100.0
Sink 37 SODDISFATTO. Flusso netto: 1.0, Demand: 1.0, percentage: 100.0
Sink 39 SODDISFATTO. Flusso netto: 0.40000000000000036, Demand: 0.4, percentage: 100.00000000000009
Sink 40 SODDISFATTO. Flusso netto: 0.5, Demand: 0.5, percentage: 100.0
Sink 41 SODDISFATTO. Flusso netto: 1.0599999999999996, Demand: 1.06, percentage: 99.99999999999996
Sink 42 SODDISFATTO. Flusso netto: 2.820000000000001, Demand: 2.82, percentage: 100.00000000000004
Sink 45 SODDISFATTO. Flusso netto: 0.6800000000000002, Demand: 0.68, percentage: 100.00000000000003
Sink 46 SODDISFATTO. Flusso netto: 1.17, Demand: 1.17, percentage: 100.0
Sink 49 non è soddisfatto. Flusso netto: 3.8200000000000003, Demand: 7.0, percentage: 54.57142857142857
Flusso totale entrante nei SINK: 88.47
Flusso totale uscente nei SINK: 45.21000000000001
Flusso totale netto nei SINK: 43.25999999999999
Total DEMAND dei SINK: 46.44
Percentual di flusso ai SINK: 0.9315245478036174
Numero di Sink soddisfatti: 24.0, numero totale di sink: 25.0
Percentuale di Sink soddisfatti: 0.96

---------------------------------- DAY 64

Update Fixed Elements from Intrinsic Faults
Update Fixed Elements from Heavy Faults
Update Fixed Elements from Attack
Propagate Intrinsic Fault
Node NODO_10 has still failing due to Intrinsic Fault
pipeline ARCO_17 still has reduced capacity: 0.0 due to Intrinsic Fault
pipeline ARCO_88 still has reduced capacity: 0.0 due to Intrinsic Fault
pipeline ARCO_89 still has reduced capacity: 0.0 due to Intrinsic Fault
pipeline V_EDGE_53_8 still has reduced capacity: 0.0 due to Intrinsic Fault
pipeline ARCO_18 still has reduced capacity: 0.0 due to Intrinsic Fault
pipeline ARCO_19 still has reduced capacity: 0.0 due to Intrinsic Fault
pipeline ARCO_87 still has reduced capacity: 0.0 due to Intrinsic Fault
Propagate Heavy Faults
Propagate Attacks
Inject Intrinsic Failure To Source
Inject Heavy Fault To Sources
Inject Attack Multiple To Source
Inject Intrinsic Fault To Pipeline
Inject Heavy Fault To Pipeline
Inject Attack To Pipeline
----------- Statistics ------------
	Sources Under Attack: 0
	Sources with Heavy Fault: 0
	Sources with Intrinsic Fault: 1
	Arcs with reduce capacity due to Attack: 0
	Arcs with reduce capacity due to Heavy Fault: 0
	Arcs with reduce capacity due to Intrinsic Fault: 7
	Arcs with Attacks: 0
	Arcs with Heavy Fault: 0
	Arcs with Intrinsic Fault: 0
--------- SOURCES STATISTICS ---------------
Demand del real Source[0]: -31.0, flusso erogato: 11.159999999999997, flusso entrante: 0.0, efficienza: 35.999999999999986 %
Demand del real Source[8]: -10.5, flusso erogato: 0.0, flusso entrante: 0.0, efficienza: 0.0 %
Demand del real Source[9]: -7.1, flusso erogato: 17.259999999999998, flusso entrante: 10.159999999999997, efficienza: 243.09859154929575 %
Demand del real Source[17]: -25.0, flusso erogato: 25.000000000000007, flusso entrante: 0.0, efficienza: 100.00000000000003 %
Flusso totale entrante nei Real Source: 10.159999999999997
Flusso totale uscente dai Real Source: 53.42
Flusso netto sui real Source: -43.260000000000005
--- SINKS STATISTICS ---
Sink 3 SODDISFATTO. Flusso netto: 3.429999999999999, Demand: 3.43, percentage: 99.99999999999997
Sink 4 SODDISFATTO. Flusso netto: 0.5700000000000003, Demand: 0.57, percentage: 100.00000000000007
Sink 5 SODDISFATTO. Flusso netto: 0.6599999999999993, Demand: 0.66, percentage: 99.99999999999987
Sink 11 SODDISFATTO. Flusso netto: 1.0300000000000011, Demand: 1.03, percentage: 100.00000000000011
Sink 15 SODDISFATTO. Flusso netto: 0.4600000000000044, Demand: 0.46, percentage: 100.00000000000095
Sink 16 SODDISFATTO. Flusso netto: 8.399999999999993, Demand: 8.4, percentage: 99.99999999999991
Sink 19 SODDISFATTO. Flusso netto: 0.5399999999999938, Demand: 0.54, percentage: 99.99999999999885
Sink 23 SODDISFATTO. Flusso netto: 0.5999999999999996, Demand: 0.6, percentage: 99.99999999999994
Sink 24 SODDISFATTO. Flusso netto: 0.8000000000000007, Demand: 0.8, percentage: 100.00000000000009
Sink 25 SODDISFATTO. Flusso netto: 3.5, Demand: 3.5, percentage: 100.0
Sink 26 SODDISFATTO. Flusso netto: 6.000000000000007, Demand: 6.0, percentage: 100.00000000000011
Sink 28 SODDISFATTO. Flusso netto: 0.4, Demand: 0.4, percentage: 100.0
Sink 30 SODDISFATTO. Flusso netto: 0.9799999999999933, Demand: 0.98, percentage: 99.99999999999932
Sink 31 SODDISFATTO. Flusso netto: 0.3999999999999999, Demand: 0.4, percentage: 99.99999999999997
Sink 32 SODDISFATTO. Flusso netto: 0.9999999999999989, Demand: 1.0, percentage: 99.99999999999989
Sink 34 SODDISFATTO. Flusso netto: 1.7400000000000002, Demand: 1.74, percentage: 100.00000000000003
Sink 35 SODDISFATTO. Flusso netto: 1.3, Demand: 1.3, percentage: 100.0
Sink 37 SODDISFATTO. Flusso netto: 1.0, Demand: 1.0, percentage: 100.0
Sink 39 SODDISFATTO. Flusso netto: 0.40000000000000036, Demand: 0.4, percentage: 100.00000000000009
Sink 40 SODDISFATTO. Flusso netto: 0.5, Demand: 0.5, percentage: 100.0
Sink 41 SODDISFATTO. Flusso netto: 1.0599999999999996, Demand: 1.06, percentage: 99.99999999999996
Sink 42 SODDISFATTO. Flusso netto: 2.820000000000001, Demand: 2.82, percentage: 100.00000000000004
Sink 45 SODDISFATTO. Flusso netto: 0.6800000000000002, Demand: 0.68, percentage: 100.00000000000003
Sink 46 SODDISFATTO. Flusso netto: 1.17, Demand: 1.17, percentage: 100.0
Sink 49 non è soddisfatto. Flusso netto: 3.8200000000000003, Demand: 7.0, percentage: 54.57142857142857
Flusso totale entrante nei SINK: 88.47
Flusso totale uscente nei SINK: 45.21000000000001
Flusso totale netto nei SINK: 43.25999999999999
Total DEMAND dei SINK: 46.44
Percentual di flusso ai SINK: 0.9315245478036174
Numero di Sink soddisfatti: 24.0, numero totale di sink: 25.0
Percentuale di Sink soddisfatti: 0.96

---------------------------------- DAY 65

Update Fixed Elements from Intrinsic Faults
Update Fixed Elements from Heavy Faults
Update Fixed Elements from Attack
Propagate Intrinsic Fault
Node NODO_10 has still failing due to Intrinsic Fault
pipeline ARCO_17 still has reduced capacity: 0.0 due to Intrinsic Fault
pipeline ARCO_88 still has reduced capacity: 0.0 due to Intrinsic Fault
pipeline ARCO_89 still has reduced capacity: 0.0 due to Intrinsic Fault
pipeline V_EDGE_53_8 still has reduced capacity: 0.0 due to Intrinsic Fault
pipeline ARCO_18 still has reduced capacity: 0.0 due to Intrinsic Fault
pipeline ARCO_19 still has reduced capacity: 0.0 due to Intrinsic Fault
pipeline ARCO_87 still has reduced capacity: 0.0 due to Intrinsic Fault
Propagate Heavy Faults
Propagate Attacks
Inject Intrinsic Failure To Source
Inject Heavy Fault To Sources
Inject Attack Multiple To Source
Inject Intrinsic Fault To Pipeline
Inject Heavy Fault To Pipeline
Inject Attack To Pipeline
----------- Statistics ------------
	Sources Under Attack: 0
	Sources with Heavy Fault: 0
	Sources with Intrinsic Fault: 1
	Arcs with reduce capacity due to Attack: 0
	Arcs with reduce capacity due to Heavy Fault: 0
	Arcs with reduce capacity due to Intrinsic Fault: 7
	Arcs with Attacks: 0
	Arcs with Heavy Fault: 0
	Arcs with Intrinsic Fault: 0
--------- SOURCES STATISTICS ---------------
Demand del real Source[0]: -31.0, flusso erogato: 11.159999999999997, flusso entrante: 0.0, efficienza: 35.999999999999986 %
Demand del real Source[8]: -10.5, flusso erogato: 0.0, flusso entrante: 0.0, efficienza: 0.0 %
Demand del real Source[9]: -7.1, flusso erogato: 17.259999999999998, flusso entrante: 10.159999999999997, efficienza: 243.09859154929575 %
Demand del real Source[17]: -25.0, flusso erogato: 25.000000000000007, flusso entrante: 0.0, efficienza: 100.00000000000003 %
Flusso totale entrante nei Real Source: 10.159999999999997
Flusso totale uscente dai Real Source: 53.42
Flusso netto sui real Source: -43.260000000000005
--- SINKS STATISTICS ---
Sink 3 SODDISFATTO. Flusso netto: 3.429999999999999, Demand: 3.43, percentage: 99.99999999999997
Sink 4 SODDISFATTO. Flusso netto: 0.5700000000000003, Demand: 0.57, percentage: 100.00000000000007
Sink 5 SODDISFATTO. Flusso netto: 0.6599999999999993, Demand: 0.66, percentage: 99.99999999999987
Sink 11 SODDISFATTO. Flusso netto: 1.0300000000000011, Demand: 1.03, percentage: 100.00000000000011
Sink 15 SODDISFATTO. Flusso netto: 0.4600000000000044, Demand: 0.46, percentage: 100.00000000000095
Sink 16 SODDISFATTO. Flusso netto: 8.399999999999993, Demand: 8.4, percentage: 99.99999999999991
Sink 19 SODDISFATTO. Flusso netto: 0.5399999999999938, Demand: 0.54, percentage: 99.99999999999885
Sink 23 SODDISFATTO. Flusso netto: 0.5999999999999996, Demand: 0.6, percentage: 99.99999999999994
Sink 24 SODDISFATTO. Flusso netto: 0.8000000000000007, Demand: 0.8, percentage: 100.00000000000009
Sink 25 SODDISFATTO. Flusso netto: 3.5, Demand: 3.5, percentage: 100.0
Sink 26 SODDISFATTO. Flusso netto: 6.000000000000007, Demand: 6.0, percentage: 100.00000000000011
Sink 28 SODDISFATTO. Flusso netto: 0.4, Demand: 0.4, percentage: 100.0
Sink 30 SODDISFATTO. Flusso netto: 0.9799999999999933, Demand: 0.98, percentage: 99.99999999999932
Sink 31 SODDISFATTO. Flusso netto: 0.3999999999999999, Demand: 0.4, percentage: 99.99999999999997
Sink 32 SODDISFATTO. Flusso netto: 0.9999999999999989, Demand: 1.0, percentage: 99.99999999999989
Sink 34 SODDISFATTO. Flusso netto: 1.7400000000000002, Demand: 1.74, percentage: 100.00000000000003
Sink 35 SODDISFATTO. Flusso netto: 1.3, Demand: 1.3, percentage: 100.0
Sink 37 SODDISFATTO. Flusso netto: 1.0, Demand: 1.0, percentage: 100.0
Sink 39 SODDISFATTO. Flusso netto: 0.40000000000000036, Demand: 0.4, percentage: 100.00000000000009
Sink 40 SODDISFATTO. Flusso netto: 0.5, Demand: 0.5, percentage: 100.0
Sink 41 SODDISFATTO. Flusso netto: 1.0599999999999996, Demand: 1.06, percentage: 99.99999999999996
Sink 42 SODDISFATTO. Flusso netto: 2.820000000000001, Demand: 2.82, percentage: 100.00000000000004
Sink 45 SODDISFATTO. Flusso netto: 0.6800000000000002, Demand: 0.68, percentage: 100.00000000000003
Sink 46 SODDISFATTO. Flusso netto: 1.17, Demand: 1.17, percentage: 100.0
Sink 49 non è soddisfatto. Flusso netto: 3.8200000000000003, Demand: 7.0, percentage: 54.57142857142857
Flusso totale entrante nei SINK: 88.47
Flusso totale uscente nei SINK: 45.21000000000001
Flusso totale netto nei SINK: 43.25999999999999
Total DEMAND dei SINK: 46.44
Percentual di flusso ai SINK: 0.9315245478036174
Numero di Sink soddisfatti: 24.0, numero totale di sink: 25.0
Percentuale di Sink soddisfatti: 0.96

---------------------------------- DAY 66

Update Fixed Elements from Intrinsic Faults
Source NODO_10 fixed from Intrinsic Fault
Pipeline ARCO_17 fixed due to Source NODO_10 fixing from Intrinsic Fault
Pipeline ARCO_88 fixed due to Source NODO_10 fixing from Intrinsic Fault
Pipeline ARCO_89 fixed due to Source NODO_10 fixing from Intrinsic Fault
Pipeline V_EDGE_53_8 fixed due to Source NODO_10 fixing from Intrinsic Fault
Pipeline ARCO_18 fixed due to Source NODO_10 fixing from Intrinsic Fault
Pipeline ARCO_19 fixed due to Source NODO_10 fixing from Intrinsic Fault
Pipeline ARCO_87 fixed due to Source NODO_10 fixing from Intrinsic Fault
Update Fixed Elements from Heavy Faults
Update Fixed Elements from Attack
Propagate Intrinsic Fault
Propagate Heavy Faults
Propagate Attacks
Inject Intrinsic Failure To Source
Inject Heavy Fault To Sources
Inject Attack Multiple To Source
Inject Intrinsic Fault To Pipeline
Inject Heavy Fault To Pipeline
Inject Attack To Pipeline
----------- Statistics ------------
	Sources Under Attack: 0
	Sources with Heavy Fault: 0
	Sources with Intrinsic Fault: 0
	Arcs with reduce capacity due to Attack: 0
	Arcs with reduce capacity due to Heavy Fault: 0
	Arcs with reduce capacity due to Intrinsic Fault: 0
	Arcs with Attacks: 0
	Arcs with Heavy Fault: 0
	Arcs with Intrinsic Fault: 0
--------- SOURCES STATISTICS ---------------
Demand del real Source[0]: -31.0, flusso erogato: 8.069999999999997, flusso entrante: 0.0, efficienza: 26.032258064516117 %
Demand del real Source[8]: -10.5, flusso erogato: 3.8600000000000003, flusso entrante: 0.0, efficienza: 36.76190476190476 %
Demand del real Source[9]: -7.1, flusso erogato: 14.169999999999996, flusso entrante: 7.070000000000007, efficienza: 199.57746478873236 %
Demand del real Source[17]: -25.0, flusso erogato: 25.000000000000007, flusso entrante: 0.0, efficienza: 100.00000000000003 %
Flusso totale entrante nei Real Source: 7.070000000000007
Flusso totale uscente dai Real Source: 51.1
Flusso netto sui real Source: -44.029999999999994
--- SINKS STATISTICS ---
Sink 3 SODDISFATTO. Flusso netto: 3.4299999999999997, Demand: 3.43, percentage: 99.99999999999999
Sink 4 SODDISFATTO. Flusso netto: 0.5700000000000003, Demand: 0.57, percentage: 100.00000000000007
Sink 5 SODDISFATTO. Flusso netto: 0.6600000000000019, Demand: 0.66, percentage: 100.00000000000028
Sink 11 SODDISFATTO. Flusso netto: 1.03, Demand: 1.03, percentage: 100.0
Sink 15 SODDISFATTO. Flusso netto: 0.4600000000000044, Demand: 0.46, percentage: 100.00000000000095
Sink 16 SODDISFATTO. Flusso netto: 8.399999999999993, Demand: 8.4, percentage: 99.99999999999991
Sink 19 SODDISFATTO. Flusso netto: 0.5399999999999938, Demand: 0.54, percentage: 99.99999999999885
Sink 23 SODDISFATTO. Flusso netto: 0.5999999999999996, Demand: 0.6, percentage: 99.99999999999994
Sink 24 SODDISFATTO. Flusso netto: 0.8000000000000007, Demand: 0.8, percentage: 100.00000000000009
Sink 25 SODDISFATTO. Flusso netto: 3.5, Demand: 3.5, percentage: 100.0
Sink 26 SODDISFATTO. Flusso netto: 6.000000000000007, Demand: 6.0, percentage: 100.00000000000011
Sink 28 SODDISFATTO. Flusso netto: 0.4, Demand: 0.4, percentage: 100.0
Sink 30 SODDISFATTO. Flusso netto: 0.9799999999999933, Demand: 0.98, percentage: 99.99999999999932
Sink 31 SODDISFATTO. Flusso netto: 0.3999999999999999, Demand: 0.4, percentage: 99.99999999999997
Sink 32 SODDISFATTO. Flusso netto: 0.9999999999999989, Demand: 1.0, percentage: 99.99999999999989
Sink 34 SODDISFATTO. Flusso netto: 1.7400000000000002, Demand: 1.74, percentage: 100.00000000000003
Sink 35 SODDISFATTO. Flusso netto: 1.3, Demand: 1.3, percentage: 100.0
Sink 37 SODDISFATTO. Flusso netto: 1.0, Demand: 1.0, percentage: 100.0
Sink 39 SODDISFATTO. Flusso netto: 0.40000000000000036, Demand: 0.4, percentage: 100.00000000000009
Sink 40 SODDISFATTO. Flusso netto: 0.5, Demand: 0.5, percentage: 100.0
Sink 41 SODDISFATTO. Flusso netto: 1.0600000000000005, Demand: 1.06, percentage: 100.00000000000004
Sink 42 SODDISFATTO. Flusso netto: 2.8200000000000007, Demand: 2.82, percentage: 100.00000000000003
Sink 45 SODDISFATTO. Flusso netto: 0.6800000000000002, Demand: 0.68, percentage: 100.00000000000003
Sink 46 SODDISFATTO. Flusso netto: 1.17, Demand: 1.17, percentage: 100.0
Sink 49 non è soddisfatto. Flusso netto: 4.59, Demand: 7.0, percentage: 65.57142857142857
Flusso totale entrante nei SINK: 86.46000000000001
Flusso totale uscente nei SINK: 42.430000000000014
Flusso totale netto nei SINK: 44.029999999999994
Total DEMAND dei SINK: 46.44
Percentual di flusso ai SINK: 0.9481050818260119
Numero di Sink soddisfatti: 24.0, numero totale di sink: 25.0
Percentuale di Sink soddisfatti: 0.96

---------------------------------- DAY 67

Update Fixed Elements from Intrinsic Faults
Update Fixed Elements from Heavy Faults
Update Fixed Elements from Attack
Propagate Intrinsic Fault
Propagate Heavy Faults
Propagate Attacks
Inject Intrinsic Failure To Source
Inject Heavy Fault To Sources
Inject Attack Multiple To Source
Inject Intrinsic Fault To Pipeline
Inject Heavy Fault To Pipeline
Inject Attack To Pipeline
----------- Statistics ------------
	Sources Under Attack: 0
	Sources with Heavy Fault: 0
	Sources with Intrinsic Fault: 0
	Arcs with reduce capacity due to Attack: 0
	Arcs with reduce capacity due to Heavy Fault: 0
	Arcs with reduce capacity due to Intrinsic Fault: 0
	Arcs with Attacks: 0
	Arcs with Heavy Fault: 0
	Arcs with Intrinsic Fault: 0
--------- SOURCES STATISTICS ---------------
Demand del real Source[0]: -31.0, flusso erogato: 8.069999999999997, flusso entrante: 0.0, efficienza: 26.032258064516117 %
Demand del real Source[8]: -10.5, flusso erogato: 3.8600000000000003, flusso entrante: 0.0, efficienza: 36.76190476190476 %
Demand del real Source[9]: -7.1, flusso erogato: 14.169999999999996, flusso entrante: 7.070000000000007, efficienza: 199.57746478873236 %
Demand del real Source[17]: -25.0, flusso erogato: 25.000000000000007, flusso entrante: 0.0, efficienza: 100.00000000000003 %
Flusso totale entrante nei Real Source: 7.070000000000007
Flusso totale uscente dai Real Source: 51.1
Flusso netto sui real Source: -44.029999999999994
--- SINKS STATISTICS ---
Sink 3 SODDISFATTO. Flusso netto: 3.4299999999999997, Demand: 3.43, percentage: 99.99999999999999
Sink 4 SODDISFATTO. Flusso netto: 0.5700000000000003, Demand: 0.57, percentage: 100.00000000000007
Sink 5 SODDISFATTO. Flusso netto: 0.6600000000000019, Demand: 0.66, percentage: 100.00000000000028
Sink 11 SODDISFATTO. Flusso netto: 1.03, Demand: 1.03, percentage: 100.0
Sink 15 SODDISFATTO. Flusso netto: 0.4600000000000044, Demand: 0.46, percentage: 100.00000000000095
Sink 16 SODDISFATTO. Flusso netto: 8.399999999999993, Demand: 8.4, percentage: 99.99999999999991
Sink 19 SODDISFATTO. Flusso netto: 0.5399999999999938, Demand: 0.54, percentage: 99.99999999999885
Sink 23 SODDISFATTO. Flusso netto: 0.5999999999999996, Demand: 0.6, percentage: 99.99999999999994
Sink 24 SODDISFATTO. Flusso netto: 0.8000000000000007, Demand: 0.8, percentage: 100.00000000000009
Sink 25 SODDISFATTO. Flusso netto: 3.5, Demand: 3.5, percentage: 100.0
Sink 26 SODDISFATTO. Flusso netto: 6.000000000000007, Demand: 6.0, percentage: 100.00000000000011
Sink 28 SODDISFATTO. Flusso netto: 0.4, Demand: 0.4, percentage: 100.0
Sink 30 SODDISFATTO. Flusso netto: 0.9799999999999933, Demand: 0.98, percentage: 99.99999999999932
Sink 31 SODDISFATTO. Flusso netto: 0.3999999999999999, Demand: 0.4, percentage: 99.99999999999997
Sink 32 SODDISFATTO. Flusso netto: 0.9999999999999989, Demand: 1.0, percentage: 99.99999999999989
Sink 34 SODDISFATTO. Flusso netto: 1.7400000000000002, Demand: 1.74, percentage: 100.00000000000003
Sink 35 SODDISFATTO. Flusso netto: 1.3, Demand: 1.3, percentage: 100.0
Sink 37 SODDISFATTO. Flusso netto: 1.0, Demand: 1.0, percentage: 100.0
Sink 39 SODDISFATTO. Flusso netto: 0.40000000000000036, Demand: 0.4, percentage: 100.00000000000009
Sink 40 SODDISFATTO. Flusso netto: 0.5, Demand: 0.5, percentage: 100.0
Sink 41 SODDISFATTO. Flusso netto: 1.0600000000000005, Demand: 1.06, percentage: 100.00000000000004
Sink 42 SODDISFATTO. Flusso netto: 2.8200000000000007, Demand: 2.82, percentage: 100.00000000000003
Sink 45 SODDISFATTO. Flusso netto: 0.6800000000000002, Demand: 0.68, percentage: 100.00000000000003
Sink 46 SODDISFATTO. Flusso netto: 1.17, Demand: 1.17, percentage: 100.0
Sink 49 non è soddisfatto. Flusso netto: 4.59, Demand: 7.0, percentage: 65.57142857142857
Flusso totale entrante nei SINK: 86.46000000000001
Flusso totale uscente nei SINK: 42.430000000000014
Flusso totale netto nei SINK: 44.029999999999994
Total DEMAND dei SINK: 46.44
Percentual di flusso ai SINK: 0.9481050818260119
Numero di Sink soddisfatti: 24.0, numero totale di sink: 25.0
Percentuale di Sink soddisfatti: 0.96

---------------------------------- DAY 68

Update Fixed Elements from Intrinsic Faults
Update Fixed Elements from Heavy Faults
Update Fixed Elements from Attack
Propagate Intrinsic Fault
Propagate Heavy Faults
Propagate Attacks
Inject Intrinsic Failure To Source
Inject Heavy Fault To Sources
Inject Attack Multiple To Source
Inject Intrinsic Fault To Pipeline
Inject Heavy Fault To Pipeline
Inject Attack To Pipeline
----------- Statistics ------------
	Sources Under Attack: 0
	Sources with Heavy Fault: 0
	Sources with Intrinsic Fault: 0
	Arcs with reduce capacity due to Attack: 0
	Arcs with reduce capacity due to Heavy Fault: 0
	Arcs with reduce capacity due to Intrinsic Fault: 0
	Arcs with Attacks: 0
	Arcs with Heavy Fault: 0
	Arcs with Intrinsic Fault: 0
--------- SOURCES STATISTICS ---------------
Demand del real Source[0]: -31.0, flusso erogato: 8.069999999999997, flusso entrante: 0.0, efficienza: 26.032258064516117 %
Demand del real Source[8]: -10.5, flusso erogato: 3.8600000000000003, flusso entrante: 0.0, efficienza: 36.76190476190476 %
Demand del real Source[9]: -7.1, flusso erogato: 14.169999999999996, flusso entrante: 7.070000000000007, efficienza: 199.57746478873236 %
Demand del real Source[17]: -25.0, flusso erogato: 25.000000000000007, flusso entrante: 0.0, efficienza: 100.00000000000003 %
Flusso totale entrante nei Real Source: 7.070000000000007
Flusso totale uscente dai Real Source: 51.1
Flusso netto sui real Source: -44.029999999999994
--- SINKS STATISTICS ---
Sink 3 SODDISFATTO. Flusso netto: 3.4299999999999997, Demand: 3.43, percentage: 99.99999999999999
Sink 4 SODDISFATTO. Flusso netto: 0.5700000000000003, Demand: 0.57, percentage: 100.00000000000007
Sink 5 SODDISFATTO. Flusso netto: 0.6600000000000019, Demand: 0.66, percentage: 100.00000000000028
Sink 11 SODDISFATTO. Flusso netto: 1.03, Demand: 1.03, percentage: 100.0
Sink 15 SODDISFATTO. Flusso netto: 0.4600000000000044, Demand: 0.46, percentage: 100.00000000000095
Sink 16 SODDISFATTO. Flusso netto: 8.399999999999993, Demand: 8.4, percentage: 99.99999999999991
Sink 19 SODDISFATTO. Flusso netto: 0.5399999999999938, Demand: 0.54, percentage: 99.99999999999885
Sink 23 SODDISFATTO. Flusso netto: 0.5999999999999996, Demand: 0.6, percentage: 99.99999999999994
Sink 24 SODDISFATTO. Flusso netto: 0.8000000000000007, Demand: 0.8, percentage: 100.00000000000009
Sink 25 SODDISFATTO. Flusso netto: 3.5, Demand: 3.5, percentage: 100.0
Sink 26 SODDISFATTO. Flusso netto: 6.000000000000007, Demand: 6.0, percentage: 100.00000000000011
Sink 28 SODDISFATTO. Flusso netto: 0.4, Demand: 0.4, percentage: 100.0
Sink 30 SODDISFATTO. Flusso netto: 0.9799999999999933, Demand: 0.98, percentage: 99.99999999999932
Sink 31 SODDISFATTO. Flusso netto: 0.3999999999999999, Demand: 0.4, percentage: 99.99999999999997
Sink 32 SODDISFATTO. Flusso netto: 0.9999999999999989, Demand: 1.0, percentage: 99.99999999999989
Sink 34 SODDISFATTO. Flusso netto: 1.7400000000000002, Demand: 1.74, percentage: 100.00000000000003
Sink 35 SODDISFATTO. Flusso netto: 1.3, Demand: 1.3, percentage: 100.0
Sink 37 SODDISFATTO. Flusso netto: 1.0, Demand: 1.0, percentage: 100.0
Sink 39 SODDISFATTO. Flusso netto: 0.40000000000000036, Demand: 0.4, percentage: 100.00000000000009
Sink 40 SODDISFATTO. Flusso netto: 0.5, Demand: 0.5, percentage: 100.0
Sink 41 SODDISFATTO. Flusso netto: 1.0600000000000005, Demand: 1.06, percentage: 100.00000000000004
Sink 42 SODDISFATTO. Flusso netto: 2.8200000000000007, Demand: 2.82, percentage: 100.00000000000003
Sink 45 SODDISFATTO. Flusso netto: 0.6800000000000002, Demand: 0.68, percentage: 100.00000000000003
Sink 46 SODDISFATTO. Flusso netto: 1.17, Demand: 1.17, percentage: 100.0
Sink 49 non è soddisfatto. Flusso netto: 4.59, Demand: 7.0, percentage: 65.57142857142857
Flusso totale entrante nei SINK: 86.46000000000001
Flusso totale uscente nei SINK: 42.430000000000014
Flusso totale netto nei SINK: 44.029999999999994
Total DEMAND dei SINK: 46.44
Percentual di flusso ai SINK: 0.9481050818260119
Numero di Sink soddisfatti: 24.0, numero totale di sink: 25.0
Percentuale di Sink soddisfatti: 0.96

---------------------------------- DAY 69

Update Fixed Elements from Intrinsic Faults
Update Fixed Elements from Heavy Faults
Update Fixed Elements from Attack
Propagate Intrinsic Fault
Propagate Heavy Faults
Propagate Attacks
Inject Intrinsic Failure To Source
Inject Heavy Fault To Sources
Inject Attack Multiple To Source
Inject Intrinsic Fault To Pipeline
Inject Heavy Fault To Pipeline
Inject Attack To Pipeline
----------- Statistics ------------
	Sources Under Attack: 0
	Sources with Heavy Fault: 0
	Sources with Intrinsic Fault: 0
	Arcs with reduce capacity due to Attack: 0
	Arcs with reduce capacity due to Heavy Fault: 0
	Arcs with reduce capacity due to Intrinsic Fault: 0
	Arcs with Attacks: 0
	Arcs with Heavy Fault: 0
	Arcs with Intrinsic Fault: 0
--------- SOURCES STATISTICS ---------------
Demand del real Source[0]: -31.0, flusso erogato: 8.069999999999997, flusso entrante: 0.0, efficienza: 26.032258064516117 %
Demand del real Source[8]: -10.5, flusso erogato: 3.8600000000000003, flusso entrante: 0.0, efficienza: 36.76190476190476 %
Demand del real Source[9]: -7.1, flusso erogato: 14.169999999999996, flusso entrante: 7.070000000000007, efficienza: 199.57746478873236 %
Demand del real Source[17]: -25.0, flusso erogato: 25.000000000000007, flusso entrante: 0.0, efficienza: 100.00000000000003 %
Flusso totale entrante nei Real Source: 7.070000000000007
Flusso totale uscente dai Real Source: 51.1
Flusso netto sui real Source: -44.029999999999994
--- SINKS STATISTICS ---
Sink 3 SODDISFATTO. Flusso netto: 3.4299999999999997, Demand: 3.43, percentage: 99.99999999999999
Sink 4 SODDISFATTO. Flusso netto: 0.5700000000000003, Demand: 0.57, percentage: 100.00000000000007
Sink 5 SODDISFATTO. Flusso netto: 0.6600000000000019, Demand: 0.66, percentage: 100.00000000000028
Sink 11 SODDISFATTO. Flusso netto: 1.03, Demand: 1.03, percentage: 100.0
Sink 15 SODDISFATTO. Flusso netto: 0.4600000000000044, Demand: 0.46, percentage: 100.00000000000095
Sink 16 SODDISFATTO. Flusso netto: 8.399999999999993, Demand: 8.4, percentage: 99.99999999999991
Sink 19 SODDISFATTO. Flusso netto: 0.5399999999999938, Demand: 0.54, percentage: 99.99999999999885
Sink 23 SODDISFATTO. Flusso netto: 0.5999999999999996, Demand: 0.6, percentage: 99.99999999999994
Sink 24 SODDISFATTO. Flusso netto: 0.8000000000000007, Demand: 0.8, percentage: 100.00000000000009
Sink 25 SODDISFATTO. Flusso netto: 3.5, Demand: 3.5, percentage: 100.0
Sink 26 SODDISFATTO. Flusso netto: 6.000000000000007, Demand: 6.0, percentage: 100.00000000000011
Sink 28 SODDISFATTO. Flusso netto: 0.4, Demand: 0.4, percentage: 100.0
Sink 30 SODDISFATTO. Flusso netto: 0.9799999999999933, Demand: 0.98, percentage: 99.99999999999932
Sink 31 SODDISFATTO. Flusso netto: 0.3999999999999999, Demand: 0.4, percentage: 99.99999999999997
Sink 32 SODDISFATTO. Flusso netto: 0.9999999999999989, Demand: 1.0, percentage: 99.99999999999989
Sink 34 SODDISFATTO. Flusso netto: 1.7400000000000002, Demand: 1.74, percentage: 100.00000000000003
Sink 35 SODDISFATTO. Flusso netto: 1.3, Demand: 1.3, percentage: 100.0
Sink 37 SODDISFATTO. Flusso netto: 1.0, Demand: 1.0, percentage: 100.0
Sink 39 SODDISFATTO. Flusso netto: 0.40000000000000036, Demand: 0.4, percentage: 100.00000000000009
Sink 40 SODDISFATTO. Flusso netto: 0.5, Demand: 0.5, percentage: 100.0
Sink 41 SODDISFATTO. Flusso netto: 1.0600000000000005, Demand: 1.06, percentage: 100.00000000000004
Sink 42 SODDISFATTO. Flusso netto: 2.8200000000000007, Demand: 2.82, percentage: 100.00000000000003
Sink 45 SODDISFATTO. Flusso netto: 0.6800000000000002, Demand: 0.68, percentage: 100.00000000000003
Sink 46 SODDISFATTO. Flusso netto: 1.17, Demand: 1.17, percentage: 100.0
Sink 49 non è soddisfatto. Flusso netto: 4.59, Demand: 7.0, percentage: 65.57142857142857
Flusso totale entrante nei SINK: 86.46000000000001
Flusso totale uscente nei SINK: 42.430000000000014
Flusso totale netto nei SINK: 44.029999999999994
Total DEMAND dei SINK: 46.44
Percentual di flusso ai SINK: 0.9481050818260119
Numero di Sink soddisfatti: 24.0, numero totale di sink: 25.0
Percentuale di Sink soddisfatti: 0.96

---------------------------------- DAY 70

Update Fixed Elements from Intrinsic Faults
Update Fixed Elements from Heavy Faults
Update Fixed Elements from Attack
Propagate Intrinsic Fault
Propagate Heavy Faults
Propagate Attacks
Inject Intrinsic Failure To Source
Source NODO_2 is failing for an Intrinsic Fault in day: 70
pipeline ARCO_70 has reduced capacity due to NODO_2 Intrinsic fault
pipeline V_EDGE_53_0 has reduced capacity due to NODO_2 Intrinsic fault
pipeline ARCO_0 has reduced capacity due to NODO_2 Intrinsic fault
Inject Heavy Fault To Sources
Inject Attack Multiple To Source
Inject Intrinsic Fault To Pipeline
Inject Heavy Fault To Pipeline
Inject Attack To Pipeline
----------- Statistics ------------
	Sources Under Attack: 0
	Sources with Heavy Fault: 0
	Sources with Intrinsic Fault: 1
	Arcs with reduce capacity due to Attack: 0
	Arcs with reduce capacity due to Heavy Fault: 0
	Arcs with reduce capacity due to Intrinsic Fault: 3
	Arcs with Attacks: 0
	Arcs with Heavy Fault: 0
	Arcs with Intrinsic Fault: 0
--------- SOURCES STATISTICS ---------------
Demand del real Source[0]: -31.0, flusso erogato: 8.069999999999997, flusso entrante: 0.0, efficienza: 26.032258064516117 %
Demand del real Source[8]: -10.5, flusso erogato: 3.8600000000000003, flusso entrante: 0.0, efficienza: 36.76190476190476 %
Demand del real Source[9]: -7.1, flusso erogato: 14.169999999999996, flusso entrante: 7.070000000000007, efficienza: 199.57746478873236 %
Demand del real Source[17]: -25.0, flusso erogato: 25.000000000000007, flusso entrante: 0.0, efficienza: 100.00000000000003 %
Flusso totale entrante nei Real Source: 7.070000000000007
Flusso totale uscente dai Real Source: 51.1
Flusso netto sui real Source: -44.029999999999994
--- SINKS STATISTICS ---
Sink 3 SODDISFATTO. Flusso netto: 3.4299999999999997, Demand: 3.43, percentage: 99.99999999999999
Sink 4 SODDISFATTO. Flusso netto: 0.5700000000000003, Demand: 0.57, percentage: 100.00000000000007
Sink 5 SODDISFATTO. Flusso netto: 0.6600000000000019, Demand: 0.66, percentage: 100.00000000000028
Sink 11 SODDISFATTO. Flusso netto: 1.03, Demand: 1.03, percentage: 100.0
Sink 15 SODDISFATTO. Flusso netto: 0.4600000000000044, Demand: 0.46, percentage: 100.00000000000095
Sink 16 SODDISFATTO. Flusso netto: 8.399999999999993, Demand: 8.4, percentage: 99.99999999999991
Sink 19 SODDISFATTO. Flusso netto: 0.5399999999999938, Demand: 0.54, percentage: 99.99999999999885
Sink 23 SODDISFATTO. Flusso netto: 0.5999999999999996, Demand: 0.6, percentage: 99.99999999999994
Sink 24 SODDISFATTO. Flusso netto: 0.8000000000000007, Demand: 0.8, percentage: 100.00000000000009
Sink 25 SODDISFATTO. Flusso netto: 3.5, Demand: 3.5, percentage: 100.0
Sink 26 SODDISFATTO. Flusso netto: 6.000000000000007, Demand: 6.0, percentage: 100.00000000000011
Sink 28 SODDISFATTO. Flusso netto: 0.4, Demand: 0.4, percentage: 100.0
Sink 30 SODDISFATTO. Flusso netto: 0.9799999999999933, Demand: 0.98, percentage: 99.99999999999932
Sink 31 SODDISFATTO. Flusso netto: 0.3999999999999999, Demand: 0.4, percentage: 99.99999999999997
Sink 32 SODDISFATTO. Flusso netto: 0.9999999999999989, Demand: 1.0, percentage: 99.99999999999989
Sink 34 SODDISFATTO. Flusso netto: 1.7400000000000002, Demand: 1.74, percentage: 100.00000000000003
Sink 35 SODDISFATTO. Flusso netto: 1.3, Demand: 1.3, percentage: 100.0
Sink 37 SODDISFATTO. Flusso netto: 1.0, Demand: 1.0, percentage: 100.0
Sink 39 SODDISFATTO. Flusso netto: 0.40000000000000036, Demand: 0.4, percentage: 100.00000000000009
Sink 40 SODDISFATTO. Flusso netto: 0.5, Demand: 0.5, percentage: 100.0
Sink 41 SODDISFATTO. Flusso netto: 1.0600000000000005, Demand: 1.06, percentage: 100.00000000000004
Sink 42 SODDISFATTO. Flusso netto: 2.8200000000000007, Demand: 2.82, percentage: 100.00000000000003
Sink 45 SODDISFATTO. Flusso netto: 0.6800000000000002, Demand: 0.68, percentage: 100.00000000000003
Sink 46 SODDISFATTO. Flusso netto: 1.17, Demand: 1.17, percentage: 100.0
Sink 49 non è soddisfatto. Flusso netto: 4.59, Demand: 7.0, percentage: 65.57142857142857
Flusso totale entrante nei SINK: 86.46000000000001
Flusso totale uscente nei SINK: 42.430000000000014
Flusso totale netto nei SINK: 44.029999999999994
Total DEMAND dei SINK: 46.44
Percentual di flusso ai SINK: 0.9481050818260119
Numero di Sink soddisfatti: 24.0, numero totale di sink: 25.0
Percentuale di Sink soddisfatti: 0.96

---------------------------------- DAY 71

Update Fixed Elements from Intrinsic Faults
Update Fixed Elements from Heavy Faults
Update Fixed Elements from Attack
Propagate Intrinsic Fault
Node NODO_2 has still failing due to Intrinsic Fault
pipeline ARCO_70 still has reduced capacity: 24.8 due to Intrinsic Fault
pipeline V_EDGE_53_0 still has reduced capacity: 24.8 due to Intrinsic Fault
pipeline ARCO_0 still has reduced capacity: 24.8 due to Intrinsic Fault
Propagate Heavy Faults
Propagate Attacks
Inject Intrinsic Failure To Source
Inject Heavy Fault To Sources
Inject Attack Multiple To Source
Inject Intrinsic Fault To Pipeline
Inject Heavy Fault To Pipeline
Inject Attack To Pipeline
----------- Statistics ------------
	Sources Under Attack: 0
	Sources with Heavy Fault: 0
	Sources with Intrinsic Fault: 1
	Arcs with reduce capacity due to Attack: 0
	Arcs with reduce capacity due to Heavy Fault: 0
	Arcs with reduce capacity due to Intrinsic Fault: 3
	Arcs with Attacks: 0
	Arcs with Heavy Fault: 0
	Arcs with Intrinsic Fault: 0
--------- SOURCES STATISTICS ---------------
Demand del real Source[0]: -31.0, flusso erogato: 8.069999999999997, flusso entrante: 0.0, efficienza: 26.032258064516117 %
Demand del real Source[8]: -10.5, flusso erogato: 3.8600000000000003, flusso entrante: 0.0, efficienza: 36.76190476190476 %
Demand del real Source[9]: -7.1, flusso erogato: 14.169999999999996, flusso entrante: 7.070000000000007, efficienza: 199.57746478873236 %
Demand del real Source[17]: -25.0, flusso erogato: 25.000000000000007, flusso entrante: 0.0, efficienza: 100.00000000000003 %
Flusso totale entrante nei Real Source: 7.070000000000007
Flusso totale uscente dai Real Source: 51.1
Flusso netto sui real Source: -44.029999999999994
--- SINKS STATISTICS ---
Sink 3 SODDISFATTO. Flusso netto: 3.4299999999999997, Demand: 3.43, percentage: 99.99999999999999
Sink 4 SODDISFATTO. Flusso netto: 0.5700000000000003, Demand: 0.57, percentage: 100.00000000000007
Sink 5 SODDISFATTO. Flusso netto: 0.6600000000000019, Demand: 0.66, percentage: 100.00000000000028
Sink 11 SODDISFATTO. Flusso netto: 1.03, Demand: 1.03, percentage: 100.0
Sink 15 SODDISFATTO. Flusso netto: 0.4600000000000044, Demand: 0.46, percentage: 100.00000000000095
Sink 16 SODDISFATTO. Flusso netto: 8.399999999999993, Demand: 8.4, percentage: 99.99999999999991
Sink 19 SODDISFATTO. Flusso netto: 0.5399999999999938, Demand: 0.54, percentage: 99.99999999999885
Sink 23 SODDISFATTO. Flusso netto: 0.5999999999999996, Demand: 0.6, percentage: 99.99999999999994
Sink 24 SODDISFATTO. Flusso netto: 0.8000000000000007, Demand: 0.8, percentage: 100.00000000000009
Sink 25 SODDISFATTO. Flusso netto: 3.5, Demand: 3.5, percentage: 100.0
Sink 26 SODDISFATTO. Flusso netto: 6.000000000000007, Demand: 6.0, percentage: 100.00000000000011
Sink 28 SODDISFATTO. Flusso netto: 0.4, Demand: 0.4, percentage: 100.0
Sink 30 SODDISFATTO. Flusso netto: 0.9799999999999933, Demand: 0.98, percentage: 99.99999999999932
Sink 31 SODDISFATTO. Flusso netto: 0.3999999999999999, Demand: 0.4, percentage: 99.99999999999997
Sink 32 SODDISFATTO. Flusso netto: 0.9999999999999989, Demand: 1.0, percentage: 99.99999999999989
Sink 34 SODDISFATTO. Flusso netto: 1.7400000000000002, Demand: 1.74, percentage: 100.00000000000003
Sink 35 SODDISFATTO. Flusso netto: 1.3, Demand: 1.3, percentage: 100.0
Sink 37 SODDISFATTO. Flusso netto: 1.0, Demand: 1.0, percentage: 100.0
Sink 39 SODDISFATTO. Flusso netto: 0.40000000000000036, Demand: 0.4, percentage: 100.00000000000009
Sink 40 SODDISFATTO. Flusso netto: 0.5, Demand: 0.5, percentage: 100.0
Sink 41 SODDISFATTO. Flusso netto: 1.0600000000000005, Demand: 1.06, percentage: 100.00000000000004
Sink 42 SODDISFATTO. Flusso netto: 2.8200000000000007, Demand: 2.82, percentage: 100.00000000000003
Sink 45 SODDISFATTO. Flusso netto: 0.6800000000000002, Demand: 0.68, percentage: 100.00000000000003
Sink 46 SODDISFATTO. Flusso netto: 1.17, Demand: 1.17, percentage: 100.0
Sink 49 non è soddisfatto. Flusso netto: 4.59, Demand: 7.0, percentage: 65.57142857142857
Flusso totale entrante nei SINK: 86.46000000000001
Flusso totale uscente nei SINK: 42.430000000000014
Flusso totale netto nei SINK: 44.029999999999994
Total DEMAND dei SINK: 46.44
Percentual di flusso ai SINK: 0.9481050818260119
Numero di Sink soddisfatti: 24.0, numero totale di sink: 25.0
Percentuale di Sink soddisfatti: 0.96

---------------------------------- DAY 72

Update Fixed Elements from Intrinsic Faults
Update Fixed Elements from Heavy Faults
Update Fixed Elements from Attack
Propagate Intrinsic Fault
Node NODO_2 has still failing due to Intrinsic Fault
pipeline ARCO_70 still has reduced capacity: 24.8 due to Intrinsic Fault
pipeline V_EDGE_53_0 still has reduced capacity: 24.8 due to Intrinsic Fault
pipeline ARCO_0 still has reduced capacity: 24.8 due to Intrinsic Fault
Propagate Heavy Faults
Propagate Attacks
Inject Intrinsic Failure To Source
Inject Heavy Fault To Sources
Inject Attack Multiple To Source
Inject Intrinsic Fault To Pipeline
Inject Heavy Fault To Pipeline
Inject Attack To Pipeline
----------- Statistics ------------
	Sources Under Attack: 0
	Sources with Heavy Fault: 0
	Sources with Intrinsic Fault: 1
	Arcs with reduce capacity due to Attack: 0
	Arcs with reduce capacity due to Heavy Fault: 0
	Arcs with reduce capacity due to Intrinsic Fault: 3
	Arcs with Attacks: 0
	Arcs with Heavy Fault: 0
	Arcs with Intrinsic Fault: 0
--------- SOURCES STATISTICS ---------------
Demand del real Source[0]: -31.0, flusso erogato: 8.069999999999997, flusso entrante: 0.0, efficienza: 26.032258064516117 %
Demand del real Source[8]: -10.5, flusso erogato: 3.8600000000000003, flusso entrante: 0.0, efficienza: 36.76190476190476 %
Demand del real Source[9]: -7.1, flusso erogato: 14.169999999999996, flusso entrante: 7.070000000000007, efficienza: 199.57746478873236 %
Demand del real Source[17]: -25.0, flusso erogato: 25.000000000000007, flusso entrante: 0.0, efficienza: 100.00000000000003 %
Flusso totale entrante nei Real Source: 7.070000000000007
Flusso totale uscente dai Real Source: 51.1
Flusso netto sui real Source: -44.029999999999994
--- SINKS STATISTICS ---
Sink 3 SODDISFATTO. Flusso netto: 3.4299999999999997, Demand: 3.43, percentage: 99.99999999999999
Sink 4 SODDISFATTO. Flusso netto: 0.5700000000000003, Demand: 0.57, percentage: 100.00000000000007
Sink 5 SODDISFATTO. Flusso netto: 0.6600000000000019, Demand: 0.66, percentage: 100.00000000000028
Sink 11 SODDISFATTO. Flusso netto: 1.03, Demand: 1.03, percentage: 100.0
Sink 15 SODDISFATTO. Flusso netto: 0.4600000000000044, Demand: 0.46, percentage: 100.00000000000095
Sink 16 SODDISFATTO. Flusso netto: 8.399999999999993, Demand: 8.4, percentage: 99.99999999999991
Sink 19 SODDISFATTO. Flusso netto: 0.5399999999999938, Demand: 0.54, percentage: 99.99999999999885
Sink 23 SODDISFATTO. Flusso netto: 0.5999999999999996, Demand: 0.6, percentage: 99.99999999999994
Sink 24 SODDISFATTO. Flusso netto: 0.8000000000000007, Demand: 0.8, percentage: 100.00000000000009
Sink 25 SODDISFATTO. Flusso netto: 3.5, Demand: 3.5, percentage: 100.0
Sink 26 SODDISFATTO. Flusso netto: 6.000000000000007, Demand: 6.0, percentage: 100.00000000000011
Sink 28 SODDISFATTO. Flusso netto: 0.4, Demand: 0.4, percentage: 100.0
Sink 30 SODDISFATTO. Flusso netto: 0.9799999999999933, Demand: 0.98, percentage: 99.99999999999932
Sink 31 SODDISFATTO. Flusso netto: 0.3999999999999999, Demand: 0.4, percentage: 99.99999999999997
Sink 32 SODDISFATTO. Flusso netto: 0.9999999999999989, Demand: 1.0, percentage: 99.99999999999989
Sink 34 SODDISFATTO. Flusso netto: 1.7400000000000002, Demand: 1.74, percentage: 100.00000000000003
Sink 35 SODDISFATTO. Flusso netto: 1.3, Demand: 1.3, percentage: 100.0
Sink 37 SODDISFATTO. Flusso netto: 1.0, Demand: 1.0, percentage: 100.0
Sink 39 SODDISFATTO. Flusso netto: 0.40000000000000036, Demand: 0.4, percentage: 100.00000000000009
Sink 40 SODDISFATTO. Flusso netto: 0.5, Demand: 0.5, percentage: 100.0
Sink 41 SODDISFATTO. Flusso netto: 1.0600000000000005, Demand: 1.06, percentage: 100.00000000000004
Sink 42 SODDISFATTO. Flusso netto: 2.8200000000000007, Demand: 2.82, percentage: 100.00000000000003
Sink 45 SODDISFATTO. Flusso netto: 0.6800000000000002, Demand: 0.68, percentage: 100.00000000000003
Sink 46 SODDISFATTO. Flusso netto: 1.17, Demand: 1.17, percentage: 100.0
Sink 49 non è soddisfatto. Flusso netto: 4.59, Demand: 7.0, percentage: 65.57142857142857
Flusso totale entrante nei SINK: 86.46000000000001
Flusso totale uscente nei SINK: 42.430000000000014
Flusso totale netto nei SINK: 44.029999999999994
Total DEMAND dei SINK: 46.44
Percentual di flusso ai SINK: 0.9481050818260119
Numero di Sink soddisfatti: 24.0, numero totale di sink: 25.0
Percentuale di Sink soddisfatti: 0.96

---------------------------------- DAY 73

Update Fixed Elements from Intrinsic Faults
Source NODO_2 fixed from Intrinsic Fault
Pipeline ARCO_70 fixed due to Source NODO_2 fixing from Intrinsic Fault
Pipeline V_EDGE_53_0 fixed due to Source NODO_2 fixing from Intrinsic Fault
Pipeline ARCO_0 fixed due to Source NODO_2 fixing from Intrinsic Fault
Update Fixed Elements from Heavy Faults
Update Fixed Elements from Attack
Propagate Intrinsic Fault
Propagate Heavy Faults
Propagate Attacks
Inject Intrinsic Failure To Source
Inject Heavy Fault To Sources
Inject Attack Multiple To Source
Inject Intrinsic Fault To Pipeline
Inject Heavy Fault To Pipeline
Inject Attack To Pipeline
----------- Statistics ------------
	Sources Under Attack: 0
	Sources with Heavy Fault: 0
	Sources with Intrinsic Fault: 0
	Arcs with reduce capacity due to Attack: 0
	Arcs with reduce capacity due to Heavy Fault: 0
	Arcs with reduce capacity due to Intrinsic Fault: 0
	Arcs with Attacks: 0
	Arcs with Heavy Fault: 0
	Arcs with Intrinsic Fault: 0
--------- SOURCES STATISTICS ---------------
Demand del real Source[0]: -31.0, flusso erogato: 8.069999999999997, flusso entrante: 0.0, efficienza: 26.032258064516117 %
Demand del real Source[8]: -10.5, flusso erogato: 3.8600000000000003, flusso entrante: 0.0, efficienza: 36.76190476190476 %
Demand del real Source[9]: -7.1, flusso erogato: 14.169999999999996, flusso entrante: 7.070000000000007, efficienza: 199.57746478873236 %
Demand del real Source[17]: -25.0, flusso erogato: 25.000000000000007, flusso entrante: 0.0, efficienza: 100.00000000000003 %
Flusso totale entrante nei Real Source: 7.070000000000007
Flusso totale uscente dai Real Source: 51.1
Flusso netto sui real Source: -44.029999999999994
--- SINKS STATISTICS ---
Sink 3 SODDISFATTO. Flusso netto: 3.4299999999999997, Demand: 3.43, percentage: 99.99999999999999
Sink 4 SODDISFATTO. Flusso netto: 0.5700000000000003, Demand: 0.57, percentage: 100.00000000000007
Sink 5 SODDISFATTO. Flusso netto: 0.6600000000000019, Demand: 0.66, percentage: 100.00000000000028
Sink 11 SODDISFATTO. Flusso netto: 1.03, Demand: 1.03, percentage: 100.0
Sink 15 SODDISFATTO. Flusso netto: 0.4600000000000044, Demand: 0.46, percentage: 100.00000000000095
Sink 16 SODDISFATTO. Flusso netto: 8.399999999999993, Demand: 8.4, percentage: 99.99999999999991
Sink 19 SODDISFATTO. Flusso netto: 0.5399999999999938, Demand: 0.54, percentage: 99.99999999999885
Sink 23 SODDISFATTO. Flusso netto: 0.5999999999999996, Demand: 0.6, percentage: 99.99999999999994
Sink 24 SODDISFATTO. Flusso netto: 0.8000000000000007, Demand: 0.8, percentage: 100.00000000000009
Sink 25 SODDISFATTO. Flusso netto: 3.5, Demand: 3.5, percentage: 100.0
Sink 26 SODDISFATTO. Flusso netto: 6.000000000000007, Demand: 6.0, percentage: 100.00000000000011
Sink 28 SODDISFATTO. Flusso netto: 0.4, Demand: 0.4, percentage: 100.0
Sink 30 SODDISFATTO. Flusso netto: 0.9799999999999933, Demand: 0.98, percentage: 99.99999999999932
Sink 31 SODDISFATTO. Flusso netto: 0.3999999999999999, Demand: 0.4, percentage: 99.99999999999997
Sink 32 SODDISFATTO. Flusso netto: 0.9999999999999989, Demand: 1.0, percentage: 99.99999999999989
Sink 34 SODDISFATTO. Flusso netto: 1.7400000000000002, Demand: 1.74, percentage: 100.00000000000003
Sink 35 SODDISFATTO. Flusso netto: 1.3, Demand: 1.3, percentage: 100.0
Sink 37 SODDISFATTO. Flusso netto: 1.0, Demand: 1.0, percentage: 100.0
Sink 39 SODDISFATTO. Flusso netto: 0.40000000000000036, Demand: 0.4, percentage: 100.00000000000009
Sink 40 SODDISFATTO. Flusso netto: 0.5, Demand: 0.5, percentage: 100.0
Sink 41 SODDISFATTO. Flusso netto: 1.0600000000000005, Demand: 1.06, percentage: 100.00000000000004
Sink 42 SODDISFATTO. Flusso netto: 2.8200000000000007, Demand: 2.82, percentage: 100.00000000000003
Sink 45 SODDISFATTO. Flusso netto: 0.6800000000000002, Demand: 0.68, percentage: 100.00000000000003
Sink 46 SODDISFATTO. Flusso netto: 1.17, Demand: 1.17, percentage: 100.0
Sink 49 non è soddisfatto. Flusso netto: 4.59, Demand: 7.0, percentage: 65.57142857142857
Flusso totale entrante nei SINK: 86.46000000000001
Flusso totale uscente nei SINK: 42.430000000000014
Flusso totale netto nei SINK: 44.029999999999994
Total DEMAND dei SINK: 46.44
Percentual di flusso ai SINK: 0.9481050818260119
Numero di Sink soddisfatti: 24.0, numero totale di sink: 25.0
Percentuale di Sink soddisfatti: 0.96

---------------------------------- DAY 74

Update Fixed Elements from Intrinsic Faults
Update Fixed Elements from Heavy Faults
Update Fixed Elements from Attack
Propagate Intrinsic Fault
Propagate Heavy Faults
Propagate Attacks
Inject Intrinsic Failure To Source
Source NODO_11 is failing for an Intrinsic Fault in day: 74
pipeline ARCO_3 has reduced capacity due to NODO_11 Intrinsic fault
pipeline ARCO_90 has reduced capacity due to NODO_11 Intrinsic fault
pipeline ARCO_91 has reduced capacity due to NODO_11 Intrinsic fault
pipeline ARCO_92 has reduced capacity due to NODO_11 Intrinsic fault
pipeline V_EDGE_53_9 has reduced capacity due to NODO_11 Intrinsic fault
pipeline ARCO_20 has reduced capacity due to NODO_11 Intrinsic fault
pipeline ARCO_21 has reduced capacity due to NODO_11 Intrinsic fault
pipeline ARCO_22 has reduced capacity due to NODO_11 Intrinsic fault
pipeline ARCO_73 has reduced capacity due to NODO_11 Intrinsic fault
Inject Heavy Fault To Sources
Inject Attack Multiple To Source
Inject Intrinsic Fault To Pipeline
Inject Heavy Fault To Pipeline
Inject Attack To Pipeline
----------- Statistics ------------
	Sources Under Attack: 0
	Sources with Heavy Fault: 0
	Sources with Intrinsic Fault: 1
	Arcs with reduce capacity due to Attack: 0
	Arcs with reduce capacity due to Heavy Fault: 0
	Arcs with reduce capacity due to Intrinsic Fault: 9
	Arcs with Attacks: 0
	Arcs with Heavy Fault: 0
	Arcs with Intrinsic Fault: 0
--------- SOURCES STATISTICS ---------------
Demand del real Source[0]: -31.0, flusso erogato: 8.729999999999993, flusso entrante: 0.0, efficienza: 28.161290322580623 %
Demand del real Source[8]: -10.5, flusso erogato: 3.8600000000000003, flusso entrante: 0.0, efficienza: 36.76190476190476 %
Demand del real Source[9]: -7.1, flusso erogato: 13.409999999999997, flusso entrante: 7.73, efficienza: 188.87323943661968 %
Demand del real Source[17]: -25.0, flusso erogato: 25.000000000000007, flusso entrante: 0.0, efficienza: 100.00000000000003 %
Flusso totale entrante nei Real Source: 7.73
Flusso totale uscente dai Real Source: 51.0
Flusso netto sui real Source: -43.269999999999996
--- SINKS STATISTICS ---
Sink 3 SODDISFATTO. Flusso netto: 3.4299999999999997, Demand: 3.43, percentage: 99.99999999999999
Sink 4 SODDISFATTO. Flusso netto: 0.5700000000000003, Demand: 0.57, percentage: 100.00000000000007
Sink 5 SODDISFATTO. Flusso netto: 0.6600000000000001, Demand: 0.66, percentage: 100.00000000000003
Sink 11 SODDISFATTO. Flusso netto: 1.03, Demand: 1.03, percentage: 100.0
Sink 15 SODDISFATTO. Flusso netto: 0.4600000000000044, Demand: 0.46, percentage: 100.00000000000095
Sink 16 SODDISFATTO. Flusso netto: 8.399999999999993, Demand: 8.4, percentage: 99.99999999999991
Sink 19 SODDISFATTO. Flusso netto: 0.5399999999999938, Demand: 0.54, percentage: 99.99999999999885
Sink 23 SODDISFATTO. Flusso netto: 0.5999999999999996, Demand: 0.6, percentage: 99.99999999999994
Sink 24 SODDISFATTO. Flusso netto: 0.8000000000000007, Demand: 0.8, percentage: 100.00000000000009
Sink 25 SODDISFATTO. Flusso netto: 3.5, Demand: 3.5, percentage: 100.0
Sink 26 SODDISFATTO. Flusso netto: 6.000000000000007, Demand: 6.0, percentage: 100.00000000000011
Sink 28 SODDISFATTO. Flusso netto: 0.4, Demand: 0.4, percentage: 100.0
Sink 30 SODDISFATTO. Flusso netto: 0.9799999999999933, Demand: 0.98, percentage: 99.99999999999932
Sink 31 SODDISFATTO. Flusso netto: 0.3999999999999999, Demand: 0.4, percentage: 99.99999999999997
Sink 32 SODDISFATTO. Flusso netto: 0.9999999999999989, Demand: 1.0, percentage: 99.99999999999989
Sink 34 SODDISFATTO. Flusso netto: 1.7400000000000002, Demand: 1.74, percentage: 100.00000000000003
Sink 35 SODDISFATTO. Flusso netto: 1.3, Demand: 1.3, percentage: 100.0
Sink 37 SODDISFATTO. Flusso netto: 1.0, Demand: 1.0, percentage: 100.0
Sink 39 SODDISFATTO. Flusso netto: 0.40000000000000036, Demand: 0.4, percentage: 100.00000000000009
Sink 40 SODDISFATTO. Flusso netto: 0.5, Demand: 0.5, percentage: 100.0
Sink 41 SODDISFATTO. Flusso netto: 1.0600000000000005, Demand: 1.06, percentage: 100.00000000000004
Sink 42 SODDISFATTO. Flusso netto: 2.819999999999999, Demand: 2.82, percentage: 99.99999999999997
Sink 45 SODDISFATTO. Flusso netto: 0.6800000000000002, Demand: 0.68, percentage: 100.00000000000003
Sink 46 SODDISFATTO. Flusso netto: 1.17, Demand: 1.17, percentage: 100.0
Sink 49 non è soddisfatto. Flusso netto: 3.83, Demand: 7.0, percentage: 54.714285714285715
Flusso totale entrante nei SINK: 85.282
Flusso totale uscente nei SINK: 42.01200000000001
Flusso totale netto nei SINK: 43.26999999999999
Total DEMAND dei SINK: 46.44
Percentual di flusso ai SINK: 0.9317398794142978
Numero di Sink soddisfatti: 24.0, numero totale di sink: 25.0
Percentuale di Sink soddisfatti: 0.96

---------------------------------- DAY 75

Update Fixed Elements from Intrinsic Faults
Update Fixed Elements from Heavy Faults
Update Fixed Elements from Attack
Propagate Intrinsic Fault
Node NODO_11 has still failing due to Intrinsic Fault
pipeline ARCO_3 still has reduced capacity: 9.688 due to Intrinsic Fault
pipeline ARCO_90 still has reduced capacity: 1.6 due to Intrinsic Fault
pipeline ARCO_91 still has reduced capacity: 9.688 due to Intrinsic Fault
pipeline ARCO_92 still has reduced capacity: 39.328 due to Intrinsic Fault
pipeline V_EDGE_53_9 still has reduced capacity: 5.68 due to Intrinsic Fault
pipeline ARCO_20 still has reduced capacity: 1.6 due to Intrinsic Fault
pipeline ARCO_21 still has reduced capacity: 9.688 due to Intrinsic Fault
pipeline ARCO_22 still has reduced capacity: 39.328 due to Intrinsic Fault
pipeline ARCO_73 still has reduced capacity: 9.688 due to Intrinsic Fault
Propagate Heavy Faults
Propagate Attacks
Inject Intrinsic Failure To Source
Inject Heavy Fault To Sources
Inject Attack Multiple To Source
Inject Intrinsic Fault To Pipeline
Inject Heavy Fault To Pipeline
Inject Attack To Pipeline
----------- Statistics ------------
	Sources Under Attack: 0
	Sources with Heavy Fault: 0
	Sources with Intrinsic Fault: 1
	Arcs with reduce capacity due to Attack: 0
	Arcs with reduce capacity due to Heavy Fault: 0
	Arcs with reduce capacity due to Intrinsic Fault: 9
	Arcs with Attacks: 0
	Arcs with Heavy Fault: 0
	Arcs with Intrinsic Fault: 0
--------- SOURCES STATISTICS ---------------
Demand del real Source[0]: -31.0, flusso erogato: 8.729999999999993, flusso entrante: 0.0, efficienza: 28.161290322580623 %
Demand del real Source[8]: -10.5, flusso erogato: 3.8600000000000003, flusso entrante: 0.0, efficienza: 36.76190476190476 %
Demand del real Source[9]: -7.1, flusso erogato: 13.409999999999997, flusso entrante: 7.73, efficienza: 188.87323943661968 %
Demand del real Source[17]: -25.0, flusso erogato: 25.000000000000007, flusso entrante: 0.0, efficienza: 100.00000000000003 %
Flusso totale entrante nei Real Source: 7.73
Flusso totale uscente dai Real Source: 51.0
Flusso netto sui real Source: -43.269999999999996
--- SINKS STATISTICS ---
Sink 3 SODDISFATTO. Flusso netto: 3.4299999999999997, Demand: 3.43, percentage: 99.99999999999999
Sink 4 SODDISFATTO. Flusso netto: 0.5700000000000003, Demand: 0.57, percentage: 100.00000000000007
Sink 5 SODDISFATTO. Flusso netto: 0.6600000000000001, Demand: 0.66, percentage: 100.00000000000003
Sink 11 SODDISFATTO. Flusso netto: 1.03, Demand: 1.03, percentage: 100.0
Sink 15 SODDISFATTO. Flusso netto: 0.4600000000000044, Demand: 0.46, percentage: 100.00000000000095
Sink 16 SODDISFATTO. Flusso netto: 8.399999999999993, Demand: 8.4, percentage: 99.99999999999991
Sink 19 SODDISFATTO. Flusso netto: 0.5399999999999938, Demand: 0.54, percentage: 99.99999999999885
Sink 23 SODDISFATTO. Flusso netto: 0.5999999999999996, Demand: 0.6, percentage: 99.99999999999994
Sink 24 SODDISFATTO. Flusso netto: 0.8000000000000007, Demand: 0.8, percentage: 100.00000000000009
Sink 25 SODDISFATTO. Flusso netto: 3.5, Demand: 3.5, percentage: 100.0
Sink 26 SODDISFATTO. Flusso netto: 6.000000000000007, Demand: 6.0, percentage: 100.00000000000011
Sink 28 SODDISFATTO. Flusso netto: 0.4, Demand: 0.4, percentage: 100.0
Sink 30 SODDISFATTO. Flusso netto: 0.9799999999999933, Demand: 0.98, percentage: 99.99999999999932
Sink 31 SODDISFATTO. Flusso netto: 0.3999999999999999, Demand: 0.4, percentage: 99.99999999999997
Sink 32 SODDISFATTO. Flusso netto: 0.9999999999999989, Demand: 1.0, percentage: 99.99999999999989
Sink 34 SODDISFATTO. Flusso netto: 1.7400000000000002, Demand: 1.74, percentage: 100.00000000000003
Sink 35 SODDISFATTO. Flusso netto: 1.3, Demand: 1.3, percentage: 100.0
Sink 37 SODDISFATTO. Flusso netto: 1.0, Demand: 1.0, percentage: 100.0
Sink 39 SODDISFATTO. Flusso netto: 0.40000000000000036, Demand: 0.4, percentage: 100.00000000000009
Sink 40 SODDISFATTO. Flusso netto: 0.5, Demand: 0.5, percentage: 100.0
Sink 41 SODDISFATTO. Flusso netto: 1.0600000000000005, Demand: 1.06, percentage: 100.00000000000004
Sink 42 SODDISFATTO. Flusso netto: 2.819999999999999, Demand: 2.82, percentage: 99.99999999999997
Sink 45 SODDISFATTO. Flusso netto: 0.6800000000000002, Demand: 0.68, percentage: 100.00000000000003
Sink 46 SODDISFATTO. Flusso netto: 1.17, Demand: 1.17, percentage: 100.0
Sink 49 non è soddisfatto. Flusso netto: 3.83, Demand: 7.0, percentage: 54.714285714285715
Flusso totale entrante nei SINK: 85.282
Flusso totale uscente nei SINK: 42.01200000000001
Flusso totale netto nei SINK: 43.26999999999999
Total DEMAND dei SINK: 46.44
Percentual di flusso ai SINK: 0.9317398794142978
Numero di Sink soddisfatti: 24.0, numero totale di sink: 25.0
Percentuale di Sink soddisfatti: 0.96

---------------------------------- DAY 76

Update Fixed Elements from Intrinsic Faults
Update Fixed Elements from Heavy Faults
Update Fixed Elements from Attack
Propagate Intrinsic Fault
Node NODO_11 has still failing due to Intrinsic Fault
pipeline ARCO_3 still has reduced capacity: 9.688 due to Intrinsic Fault
pipeline ARCO_90 still has reduced capacity: 1.6 due to Intrinsic Fault
pipeline ARCO_91 still has reduced capacity: 9.688 due to Intrinsic Fault
pipeline ARCO_92 still has reduced capacity: 39.328 due to Intrinsic Fault
pipeline V_EDGE_53_9 still has reduced capacity: 5.68 due to Intrinsic Fault
pipeline ARCO_20 still has reduced capacity: 1.6 due to Intrinsic Fault
pipeline ARCO_21 still has reduced capacity: 9.688 due to Intrinsic Fault
pipeline ARCO_22 still has reduced capacity: 39.328 due to Intrinsic Fault
pipeline ARCO_73 still has reduced capacity: 9.688 due to Intrinsic Fault
Propagate Heavy Faults
Propagate Attacks
Inject Intrinsic Failure To Source
Inject Heavy Fault To Sources
Inject Attack Multiple To Source
Inject Intrinsic Fault To Pipeline
Inject Heavy Fault To Pipeline
Inject Attack To Pipeline
----------- Statistics ------------
	Sources Under Attack: 0
	Sources with Heavy Fault: 0
	Sources with Intrinsic Fault: 1
	Arcs with reduce capacity due to Attack: 0
	Arcs with reduce capacity due to Heavy Fault: 0
	Arcs with reduce capacity due to Intrinsic Fault: 9
	Arcs with Attacks: 0
	Arcs with Heavy Fault: 0
	Arcs with Intrinsic Fault: 0
--------- SOURCES STATISTICS ---------------
Demand del real Source[0]: -31.0, flusso erogato: 8.729999999999993, flusso entrante: 0.0, efficienza: 28.161290322580623 %
Demand del real Source[8]: -10.5, flusso erogato: 3.8600000000000003, flusso entrante: 0.0, efficienza: 36.76190476190476 %
Demand del real Source[9]: -7.1, flusso erogato: 13.409999999999997, flusso entrante: 7.73, efficienza: 188.87323943661968 %
Demand del real Source[17]: -25.0, flusso erogato: 25.000000000000007, flusso entrante: 0.0, efficienza: 100.00000000000003 %
Flusso totale entrante nei Real Source: 7.73
Flusso totale uscente dai Real Source: 51.0
Flusso netto sui real Source: -43.269999999999996
--- SINKS STATISTICS ---
Sink 3 SODDISFATTO. Flusso netto: 3.4299999999999997, Demand: 3.43, percentage: 99.99999999999999
Sink 4 SODDISFATTO. Flusso netto: 0.5700000000000003, Demand: 0.57, percentage: 100.00000000000007
Sink 5 SODDISFATTO. Flusso netto: 0.6600000000000001, Demand: 0.66, percentage: 100.00000000000003
Sink 11 SODDISFATTO. Flusso netto: 1.03, Demand: 1.03, percentage: 100.0
Sink 15 SODDISFATTO. Flusso netto: 0.4600000000000044, Demand: 0.46, percentage: 100.00000000000095
Sink 16 SODDISFATTO. Flusso netto: 8.399999999999993, Demand: 8.4, percentage: 99.99999999999991
Sink 19 SODDISFATTO. Flusso netto: 0.5399999999999938, Demand: 0.54, percentage: 99.99999999999885
Sink 23 SODDISFATTO. Flusso netto: 0.5999999999999996, Demand: 0.6, percentage: 99.99999999999994
Sink 24 SODDISFATTO. Flusso netto: 0.8000000000000007, Demand: 0.8, percentage: 100.00000000000009
Sink 25 SODDISFATTO. Flusso netto: 3.5, Demand: 3.5, percentage: 100.0
Sink 26 SODDISFATTO. Flusso netto: 6.000000000000007, Demand: 6.0, percentage: 100.00000000000011
Sink 28 SODDISFATTO. Flusso netto: 0.4, Demand: 0.4, percentage: 100.0
Sink 30 SODDISFATTO. Flusso netto: 0.9799999999999933, Demand: 0.98, percentage: 99.99999999999932
Sink 31 SODDISFATTO. Flusso netto: 0.3999999999999999, Demand: 0.4, percentage: 99.99999999999997
Sink 32 SODDISFATTO. Flusso netto: 0.9999999999999989, Demand: 1.0, percentage: 99.99999999999989
Sink 34 SODDISFATTO. Flusso netto: 1.7400000000000002, Demand: 1.74, percentage: 100.00000000000003
Sink 35 SODDISFATTO. Flusso netto: 1.3, Demand: 1.3, percentage: 100.0
Sink 37 SODDISFATTO. Flusso netto: 1.0, Demand: 1.0, percentage: 100.0
Sink 39 SODDISFATTO. Flusso netto: 0.40000000000000036, Demand: 0.4, percentage: 100.00000000000009
Sink 40 SODDISFATTO. Flusso netto: 0.5, Demand: 0.5, percentage: 100.0
Sink 41 SODDISFATTO. Flusso netto: 1.0600000000000005, Demand: 1.06, percentage: 100.00000000000004
Sink 42 SODDISFATTO. Flusso netto: 2.819999999999999, Demand: 2.82, percentage: 99.99999999999997
Sink 45 SODDISFATTO. Flusso netto: 0.6800000000000002, Demand: 0.68, percentage: 100.00000000000003
Sink 46 SODDISFATTO. Flusso netto: 1.17, Demand: 1.17, percentage: 100.0
Sink 49 non è soddisfatto. Flusso netto: 3.83, Demand: 7.0, percentage: 54.714285714285715
Flusso totale entrante nei SINK: 85.282
Flusso totale uscente nei SINK: 42.01200000000001
Flusso totale netto nei SINK: 43.26999999999999
Total DEMAND dei SINK: 46.44
Percentual di flusso ai SINK: 0.9317398794142978
Numero di Sink soddisfatti: 24.0, numero totale di sink: 25.0
Percentuale di Sink soddisfatti: 0.96

---------------------------------- DAY 77

Update Fixed Elements from Intrinsic Faults
Source NODO_11 fixed from Intrinsic Fault
Pipeline ARCO_3 fixed due to Source NODO_11 fixing from Intrinsic Fault
Pipeline ARCO_90 fixed due to Source NODO_11 fixing from Intrinsic Fault
Pipeline ARCO_91 fixed due to Source NODO_11 fixing from Intrinsic Fault
Pipeline ARCO_92 fixed due to Source NODO_11 fixing from Intrinsic Fault
Pipeline V_EDGE_53_9 fixed due to Source NODO_11 fixing from Intrinsic Fault
Pipeline ARCO_20 fixed due to Source NODO_11 fixing from Intrinsic Fault
Pipeline ARCO_21 fixed due to Source NODO_11 fixing from Intrinsic Fault
Pipeline ARCO_22 fixed due to Source NODO_11 fixing from Intrinsic Fault
Pipeline ARCO_73 fixed due to Source NODO_11 fixing from Intrinsic Fault
Update Fixed Elements from Heavy Faults
Update Fixed Elements from Attack
Propagate Intrinsic Fault
Propagate Heavy Faults
Propagate Attacks
Inject Intrinsic Failure To Source
Inject Heavy Fault To Sources
Inject Attack Multiple To Source
Inject Intrinsic Fault To Pipeline
Inject Heavy Fault To Pipeline
Inject Attack To Pipeline
----------- Statistics ------------
	Sources Under Attack: 0
	Sources with Heavy Fault: 0
	Sources with Intrinsic Fault: 0
	Arcs with reduce capacity due to Attack: 0
	Arcs with reduce capacity due to Heavy Fault: 0
	Arcs with reduce capacity due to Intrinsic Fault: 0
	Arcs with Attacks: 0
	Arcs with Heavy Fault: 0
	Arcs with Intrinsic Fault: 0
--------- SOURCES STATISTICS ---------------
Demand del real Source[0]: -31.0, flusso erogato: 8.069999999999997, flusso entrante: 0.0, efficienza: 26.032258064516117 %
Demand del real Source[8]: -10.5, flusso erogato: 3.8600000000000003, flusso entrante: 0.0, efficienza: 36.76190476190476 %
Demand del real Source[9]: -7.1, flusso erogato: 14.169999999999996, flusso entrante: 7.070000000000007, efficienza: 199.57746478873236 %
Demand del real Source[17]: -25.0, flusso erogato: 25.000000000000007, flusso entrante: 0.0, efficienza: 100.00000000000003 %
Flusso totale entrante nei Real Source: 7.070000000000007
Flusso totale uscente dai Real Source: 51.1
Flusso netto sui real Source: -44.029999999999994
--- SINKS STATISTICS ---
Sink 3 SODDISFATTO. Flusso netto: 3.4299999999999997, Demand: 3.43, percentage: 99.99999999999999
Sink 4 SODDISFATTO. Flusso netto: 0.5700000000000003, Demand: 0.57, percentage: 100.00000000000007
Sink 5 SODDISFATTO. Flusso netto: 0.6600000000000019, Demand: 0.66, percentage: 100.00000000000028
Sink 11 SODDISFATTO. Flusso netto: 1.03, Demand: 1.03, percentage: 100.0
Sink 15 SODDISFATTO. Flusso netto: 0.4600000000000044, Demand: 0.46, percentage: 100.00000000000095
Sink 16 SODDISFATTO. Flusso netto: 8.399999999999993, Demand: 8.4, percentage: 99.99999999999991
Sink 19 SODDISFATTO. Flusso netto: 0.5399999999999938, Demand: 0.54, percentage: 99.99999999999885
Sink 23 SODDISFATTO. Flusso netto: 0.5999999999999996, Demand: 0.6, percentage: 99.99999999999994
Sink 24 SODDISFATTO. Flusso netto: 0.8000000000000007, Demand: 0.8, percentage: 100.00000000000009
Sink 25 SODDISFATTO. Flusso netto: 3.5, Demand: 3.5, percentage: 100.0
Sink 26 SODDISFATTO. Flusso netto: 6.000000000000007, Demand: 6.0, percentage: 100.00000000000011
Sink 28 SODDISFATTO. Flusso netto: 0.4, Demand: 0.4, percentage: 100.0
Sink 30 SODDISFATTO. Flusso netto: 0.9799999999999933, Demand: 0.98, percentage: 99.99999999999932
Sink 31 SODDISFATTO. Flusso netto: 0.3999999999999999, Demand: 0.4, percentage: 99.99999999999997
Sink 32 SODDISFATTO. Flusso netto: 0.9999999999999989, Demand: 1.0, percentage: 99.99999999999989
Sink 34 SODDISFATTO. Flusso netto: 1.7400000000000002, Demand: 1.74, percentage: 100.00000000000003
Sink 35 SODDISFATTO. Flusso netto: 1.3, Demand: 1.3, percentage: 100.0
Sink 37 SODDISFATTO. Flusso netto: 1.0, Demand: 1.0, percentage: 100.0
Sink 39 SODDISFATTO. Flusso netto: 0.40000000000000036, Demand: 0.4, percentage: 100.00000000000009
Sink 40 SODDISFATTO. Flusso netto: 0.5, Demand: 0.5, percentage: 100.0
Sink 41 SODDISFATTO. Flusso netto: 1.0600000000000005, Demand: 1.06, percentage: 100.00000000000004
Sink 42 SODDISFATTO. Flusso netto: 2.8200000000000007, Demand: 2.82, percentage: 100.00000000000003
Sink 45 SODDISFATTO. Flusso netto: 0.6800000000000002, Demand: 0.68, percentage: 100.00000000000003
Sink 46 SODDISFATTO. Flusso netto: 1.17, Demand: 1.17, percentage: 100.0
Sink 49 non è soddisfatto. Flusso netto: 4.59, Demand: 7.0, percentage: 65.57142857142857
Flusso totale entrante nei SINK: 86.46000000000001
Flusso totale uscente nei SINK: 42.430000000000014
Flusso totale netto nei SINK: 44.029999999999994
Total DEMAND dei SINK: 46.44
Percentual di flusso ai SINK: 0.9481050818260119
Numero di Sink soddisfatti: 24.0, numero totale di sink: 25.0
Percentuale di Sink soddisfatti: 0.96

---------------------------------- DAY 78

Update Fixed Elements from Intrinsic Faults
Update Fixed Elements from Heavy Faults
Update Fixed Elements from Attack
Propagate Intrinsic Fault
Propagate Heavy Faults
Propagate Attacks
Inject Intrinsic Failure To Source
Inject Heavy Fault To Sources
Inject Attack Multiple To Source
Inject Intrinsic Fault To Pipeline
Inject Heavy Fault To Pipeline
Inject Attack To Pipeline
----------- Statistics ------------
	Sources Under Attack: 0
	Sources with Heavy Fault: 0
	Sources with Intrinsic Fault: 0
	Arcs with reduce capacity due to Attack: 0
	Arcs with reduce capacity due to Heavy Fault: 0
	Arcs with reduce capacity due to Intrinsic Fault: 0
	Arcs with Attacks: 0
	Arcs with Heavy Fault: 0
	Arcs with Intrinsic Fault: 0
--------- SOURCES STATISTICS ---------------
Demand del real Source[0]: -31.0, flusso erogato: 8.069999999999997, flusso entrante: 0.0, efficienza: 26.032258064516117 %
Demand del real Source[8]: -10.5, flusso erogato: 3.8600000000000003, flusso entrante: 0.0, efficienza: 36.76190476190476 %
Demand del real Source[9]: -7.1, flusso erogato: 14.169999999999996, flusso entrante: 7.070000000000007, efficienza: 199.57746478873236 %
Demand del real Source[17]: -25.0, flusso erogato: 25.000000000000007, flusso entrante: 0.0, efficienza: 100.00000000000003 %
Flusso totale entrante nei Real Source: 7.070000000000007
Flusso totale uscente dai Real Source: 51.1
Flusso netto sui real Source: -44.029999999999994
--- SINKS STATISTICS ---
Sink 3 SODDISFATTO. Flusso netto: 3.4299999999999997, Demand: 3.43, percentage: 99.99999999999999
Sink 4 SODDISFATTO. Flusso netto: 0.5700000000000003, Demand: 0.57, percentage: 100.00000000000007
Sink 5 SODDISFATTO. Flusso netto: 0.6600000000000019, Demand: 0.66, percentage: 100.00000000000028
Sink 11 SODDISFATTO. Flusso netto: 1.03, Demand: 1.03, percentage: 100.0
Sink 15 SODDISFATTO. Flusso netto: 0.4600000000000044, Demand: 0.46, percentage: 100.00000000000095
Sink 16 SODDISFATTO. Flusso netto: 8.399999999999993, Demand: 8.4, percentage: 99.99999999999991
Sink 19 SODDISFATTO. Flusso netto: 0.5399999999999938, Demand: 0.54, percentage: 99.99999999999885
Sink 23 SODDISFATTO. Flusso netto: 0.5999999999999996, Demand: 0.6, percentage: 99.99999999999994
Sink 24 SODDISFATTO. Flusso netto: 0.8000000000000007, Demand: 0.8, percentage: 100.00000000000009
Sink 25 SODDISFATTO. Flusso netto: 3.5, Demand: 3.5, percentage: 100.0
Sink 26 SODDISFATTO. Flusso netto: 6.000000000000007, Demand: 6.0, percentage: 100.00000000000011
Sink 28 SODDISFATTO. Flusso netto: 0.4, Demand: 0.4, percentage: 100.0
Sink 30 SODDISFATTO. Flusso netto: 0.9799999999999933, Demand: 0.98, percentage: 99.99999999999932
Sink 31 SODDISFATTO. Flusso netto: 0.3999999999999999, Demand: 0.4, percentage: 99.99999999999997
Sink 32 SODDISFATTO. Flusso netto: 0.9999999999999989, Demand: 1.0, percentage: 99.99999999999989
Sink 34 SODDISFATTO. Flusso netto: 1.7400000000000002, Demand: 1.74, percentage: 100.00000000000003
Sink 35 SODDISFATTO. Flusso netto: 1.3, Demand: 1.3, percentage: 100.0
Sink 37 SODDISFATTO. Flusso netto: 1.0, Demand: 1.0, percentage: 100.0
Sink 39 SODDISFATTO. Flusso netto: 0.40000000000000036, Demand: 0.4, percentage: 100.00000000000009
Sink 40 SODDISFATTO. Flusso netto: 0.5, Demand: 0.5, percentage: 100.0
Sink 41 SODDISFATTO. Flusso netto: 1.0600000000000005, Demand: 1.06, percentage: 100.00000000000004
Sink 42 SODDISFATTO. Flusso netto: 2.8200000000000007, Demand: 2.82, percentage: 100.00000000000003
Sink 45 SODDISFATTO. Flusso netto: 0.6800000000000002, Demand: 0.68, percentage: 100.00000000000003
Sink 46 SODDISFATTO. Flusso netto: 1.17, Demand: 1.17, percentage: 100.0
Sink 49 non è soddisfatto. Flusso netto: 4.59, Demand: 7.0, percentage: 65.57142857142857
Flusso totale entrante nei SINK: 86.46000000000001
Flusso totale uscente nei SINK: 42.430000000000014
Flusso totale netto nei SINK: 44.029999999999994
Total DEMAND dei SINK: 46.44
Percentual di flusso ai SINK: 0.9481050818260119
Numero di Sink soddisfatti: 24.0, numero totale di sink: 25.0
Percentuale di Sink soddisfatti: 0.96

---------------------------------- DAY 79

Update Fixed Elements from Intrinsic Faults
Update Fixed Elements from Heavy Faults
Update Fixed Elements from Attack
Propagate Intrinsic Fault
Propagate Heavy Faults
Propagate Attacks
Inject Intrinsic Failure To Source
Inject Heavy Fault To Sources
Inject Attack Multiple To Source
Inject Intrinsic Fault To Pipeline
Inject Heavy Fault To Pipeline
Inject Attack To Pipeline
----------- Statistics ------------
	Sources Under Attack: 0
	Sources with Heavy Fault: 0
	Sources with Intrinsic Fault: 0
	Arcs with reduce capacity due to Attack: 0
	Arcs with reduce capacity due to Heavy Fault: 0
	Arcs with reduce capacity due to Intrinsic Fault: 0
	Arcs with Attacks: 0
	Arcs with Heavy Fault: 0
	Arcs with Intrinsic Fault: 0
--------- SOURCES STATISTICS ---------------
Demand del real Source[0]: -31.0, flusso erogato: 8.069999999999997, flusso entrante: 0.0, efficienza: 26.032258064516117 %
Demand del real Source[8]: -10.5, flusso erogato: 3.8600000000000003, flusso entrante: 0.0, efficienza: 36.76190476190476 %
Demand del real Source[9]: -7.1, flusso erogato: 14.169999999999996, flusso entrante: 7.070000000000007, efficienza: 199.57746478873236 %
Demand del real Source[17]: -25.0, flusso erogato: 25.000000000000007, flusso entrante: 0.0, efficienza: 100.00000000000003 %
Flusso totale entrante nei Real Source: 7.070000000000007
Flusso totale uscente dai Real Source: 51.1
Flusso netto sui real Source: -44.029999999999994
--- SINKS STATISTICS ---
Sink 3 SODDISFATTO. Flusso netto: 3.4299999999999997, Demand: 3.43, percentage: 99.99999999999999
Sink 4 SODDISFATTO. Flusso netto: 0.5700000000000003, Demand: 0.57, percentage: 100.00000000000007
Sink 5 SODDISFATTO. Flusso netto: 0.6600000000000019, Demand: 0.66, percentage: 100.00000000000028
Sink 11 SODDISFATTO. Flusso netto: 1.03, Demand: 1.03, percentage: 100.0
Sink 15 SODDISFATTO. Flusso netto: 0.4600000000000044, Demand: 0.46, percentage: 100.00000000000095
Sink 16 SODDISFATTO. Flusso netto: 8.399999999999993, Demand: 8.4, percentage: 99.99999999999991
Sink 19 SODDISFATTO. Flusso netto: 0.5399999999999938, Demand: 0.54, percentage: 99.99999999999885
Sink 23 SODDISFATTO. Flusso netto: 0.5999999999999996, Demand: 0.6, percentage: 99.99999999999994
Sink 24 SODDISFATTO. Flusso netto: 0.8000000000000007, Demand: 0.8, percentage: 100.00000000000009
Sink 25 SODDISFATTO. Flusso netto: 3.5, Demand: 3.5, percentage: 100.0
Sink 26 SODDISFATTO. Flusso netto: 6.000000000000007, Demand: 6.0, percentage: 100.00000000000011
Sink 28 SODDISFATTO. Flusso netto: 0.4, Demand: 0.4, percentage: 100.0
Sink 30 SODDISFATTO. Flusso netto: 0.9799999999999933, Demand: 0.98, percentage: 99.99999999999932
Sink 31 SODDISFATTO. Flusso netto: 0.3999999999999999, Demand: 0.4, percentage: 99.99999999999997
Sink 32 SODDISFATTO. Flusso netto: 0.9999999999999989, Demand: 1.0, percentage: 99.99999999999989
Sink 34 SODDISFATTO. Flusso netto: 1.7400000000000002, Demand: 1.74, percentage: 100.00000000000003
Sink 35 SODDISFATTO. Flusso netto: 1.3, Demand: 1.3, percentage: 100.0
Sink 37 SODDISFATTO. Flusso netto: 1.0, Demand: 1.0, percentage: 100.0
Sink 39 SODDISFATTO. Flusso netto: 0.40000000000000036, Demand: 0.4, percentage: 100.00000000000009
Sink 40 SODDISFATTO. Flusso netto: 0.5, Demand: 0.5, percentage: 100.0
Sink 41 SODDISFATTO. Flusso netto: 1.0600000000000005, Demand: 1.06, percentage: 100.00000000000004
Sink 42 SODDISFATTO. Flusso netto: 2.8200000000000007, Demand: 2.82, percentage: 100.00000000000003
Sink 45 SODDISFATTO. Flusso netto: 0.6800000000000002, Demand: 0.68, percentage: 100.00000000000003
Sink 46 SODDISFATTO. Flusso netto: 1.17, Demand: 1.17, percentage: 100.0
Sink 49 non è soddisfatto. Flusso netto: 4.59, Demand: 7.0, percentage: 65.57142857142857
Flusso totale entrante nei SINK: 86.46000000000001
Flusso totale uscente nei SINK: 42.430000000000014
Flusso totale netto nei SINK: 44.029999999999994
Total DEMAND dei SINK: 46.44
Percentual di flusso ai SINK: 0.9481050818260119
Numero di Sink soddisfatti: 24.0, numero totale di sink: 25.0
Percentuale di Sink soddisfatti: 0.96

---------------------------------- DAY 80

Update Fixed Elements from Intrinsic Faults
Update Fixed Elements from Heavy Faults
Update Fixed Elements from Attack
Propagate Intrinsic Fault
Propagate Heavy Faults
Propagate Attacks
Inject Intrinsic Failure To Source
Inject Heavy Fault To Sources
Inject Attack Multiple To Source
Inject Intrinsic Fault To Pipeline
Inject Heavy Fault To Pipeline
Inject Attack To Pipeline
----------- Statistics ------------
	Sources Under Attack: 0
	Sources with Heavy Fault: 0
	Sources with Intrinsic Fault: 0
	Arcs with reduce capacity due to Attack: 0
	Arcs with reduce capacity due to Heavy Fault: 0
	Arcs with reduce capacity due to Intrinsic Fault: 0
	Arcs with Attacks: 0
	Arcs with Heavy Fault: 0
	Arcs with Intrinsic Fault: 0
--------- SOURCES STATISTICS ---------------
Demand del real Source[0]: -31.0, flusso erogato: 8.069999999999997, flusso entrante: 0.0, efficienza: 26.032258064516117 %
Demand del real Source[8]: -10.5, flusso erogato: 3.8600000000000003, flusso entrante: 0.0, efficienza: 36.76190476190476 %
Demand del real Source[9]: -7.1, flusso erogato: 14.169999999999996, flusso entrante: 7.070000000000007, efficienza: 199.57746478873236 %
Demand del real Source[17]: -25.0, flusso erogato: 25.000000000000007, flusso entrante: 0.0, efficienza: 100.00000000000003 %
Flusso totale entrante nei Real Source: 7.070000000000007
Flusso totale uscente dai Real Source: 51.1
Flusso netto sui real Source: -44.029999999999994
--- SINKS STATISTICS ---
Sink 3 SODDISFATTO. Flusso netto: 3.4299999999999997, Demand: 3.43, percentage: 99.99999999999999
Sink 4 SODDISFATTO. Flusso netto: 0.5700000000000003, Demand: 0.57, percentage: 100.00000000000007
Sink 5 SODDISFATTO. Flusso netto: 0.6600000000000019, Demand: 0.66, percentage: 100.00000000000028
Sink 11 SODDISFATTO. Flusso netto: 1.03, Demand: 1.03, percentage: 100.0
Sink 15 SODDISFATTO. Flusso netto: 0.4600000000000044, Demand: 0.46, percentage: 100.00000000000095
Sink 16 SODDISFATTO. Flusso netto: 8.399999999999993, Demand: 8.4, percentage: 99.99999999999991
Sink 19 SODDISFATTO. Flusso netto: 0.5399999999999938, Demand: 0.54, percentage: 99.99999999999885
Sink 23 SODDISFATTO. Flusso netto: 0.5999999999999996, Demand: 0.6, percentage: 99.99999999999994
Sink 24 SODDISFATTO. Flusso netto: 0.8000000000000007, Demand: 0.8, percentage: 100.00000000000009
Sink 25 SODDISFATTO. Flusso netto: 3.5, Demand: 3.5, percentage: 100.0
Sink 26 SODDISFATTO. Flusso netto: 6.000000000000007, Demand: 6.0, percentage: 100.00000000000011
Sink 28 SODDISFATTO. Flusso netto: 0.4, Demand: 0.4, percentage: 100.0
Sink 30 SODDISFATTO. Flusso netto: 0.9799999999999933, Demand: 0.98, percentage: 99.99999999999932
Sink 31 SODDISFATTO. Flusso netto: 0.3999999999999999, Demand: 0.4, percentage: 99.99999999999997
Sink 32 SODDISFATTO. Flusso netto: 0.9999999999999989, Demand: 1.0, percentage: 99.99999999999989
Sink 34 SODDISFATTO. Flusso netto: 1.7400000000000002, Demand: 1.74, percentage: 100.00000000000003
Sink 35 SODDISFATTO. Flusso netto: 1.3, Demand: 1.3, percentage: 100.0
Sink 37 SODDISFATTO. Flusso netto: 1.0, Demand: 1.0, percentage: 100.0
Sink 39 SODDISFATTO. Flusso netto: 0.40000000000000036, Demand: 0.4, percentage: 100.00000000000009
Sink 40 SODDISFATTO. Flusso netto: 0.5, Demand: 0.5, percentage: 100.0
Sink 41 SODDISFATTO. Flusso netto: 1.0600000000000005, Demand: 1.06, percentage: 100.00000000000004
Sink 42 SODDISFATTO. Flusso netto: 2.8200000000000007, Demand: 2.82, percentage: 100.00000000000003
Sink 45 SODDISFATTO. Flusso netto: 0.6800000000000002, Demand: 0.68, percentage: 100.00000000000003
Sink 46 SODDISFATTO. Flusso netto: 1.17, Demand: 1.17, percentage: 100.0
Sink 49 non è soddisfatto. Flusso netto: 4.59, Demand: 7.0, percentage: 65.57142857142857
Flusso totale entrante nei SINK: 86.46000000000001
Flusso totale uscente nei SINK: 42.430000000000014
Flusso totale netto nei SINK: 44.029999999999994
Total DEMAND dei SINK: 46.44
Percentual di flusso ai SINK: 0.9481050818260119
Numero di Sink soddisfatti: 24.0, numero totale di sink: 25.0
Percentuale di Sink soddisfatti: 0.96

---------------------------------- DAY 81

Update Fixed Elements from Intrinsic Faults
Update Fixed Elements from Heavy Faults
Update Fixed Elements from Attack
Propagate Intrinsic Fault
Propagate Heavy Faults
Propagate Attacks
Inject Intrinsic Failure To Source
Inject Heavy Fault To Sources
Inject Attack Multiple To Source
Inject Intrinsic Fault To Pipeline
Inject Heavy Fault To Pipeline
Inject Attack To Pipeline
----------- Statistics ------------
	Sources Under Attack: 0
	Sources with Heavy Fault: 0
	Sources with Intrinsic Fault: 0
	Arcs with reduce capacity due to Attack: 0
	Arcs with reduce capacity due to Heavy Fault: 0
	Arcs with reduce capacity due to Intrinsic Fault: 0
	Arcs with Attacks: 0
	Arcs with Heavy Fault: 0
	Arcs with Intrinsic Fault: 0
--------- SOURCES STATISTICS ---------------
Demand del real Source[0]: -31.0, flusso erogato: 8.069999999999997, flusso entrante: 0.0, efficienza: 26.032258064516117 %
Demand del real Source[8]: -10.5, flusso erogato: 3.8600000000000003, flusso entrante: 0.0, efficienza: 36.76190476190476 %
Demand del real Source[9]: -7.1, flusso erogato: 14.169999999999996, flusso entrante: 7.070000000000007, efficienza: 199.57746478873236 %
Demand del real Source[17]: -25.0, flusso erogato: 25.000000000000007, flusso entrante: 0.0, efficienza: 100.00000000000003 %
Flusso totale entrante nei Real Source: 7.070000000000007
Flusso totale uscente dai Real Source: 51.1
Flusso netto sui real Source: -44.029999999999994
--- SINKS STATISTICS ---
Sink 3 SODDISFATTO. Flusso netto: 3.4299999999999997, Demand: 3.43, percentage: 99.99999999999999
Sink 4 SODDISFATTO. Flusso netto: 0.5700000000000003, Demand: 0.57, percentage: 100.00000000000007
Sink 5 SODDISFATTO. Flusso netto: 0.6600000000000019, Demand: 0.66, percentage: 100.00000000000028
Sink 11 SODDISFATTO. Flusso netto: 1.03, Demand: 1.03, percentage: 100.0
Sink 15 SODDISFATTO. Flusso netto: 0.4600000000000044, Demand: 0.46, percentage: 100.00000000000095
Sink 16 SODDISFATTO. Flusso netto: 8.399999999999993, Demand: 8.4, percentage: 99.99999999999991
Sink 19 SODDISFATTO. Flusso netto: 0.5399999999999938, Demand: 0.54, percentage: 99.99999999999885
Sink 23 SODDISFATTO. Flusso netto: 0.5999999999999996, Demand: 0.6, percentage: 99.99999999999994
Sink 24 SODDISFATTO. Flusso netto: 0.8000000000000007, Demand: 0.8, percentage: 100.00000000000009
Sink 25 SODDISFATTO. Flusso netto: 3.5, Demand: 3.5, percentage: 100.0
Sink 26 SODDISFATTO. Flusso netto: 6.000000000000007, Demand: 6.0, percentage: 100.00000000000011
Sink 28 SODDISFATTO. Flusso netto: 0.4, Demand: 0.4, percentage: 100.0
Sink 30 SODDISFATTO. Flusso netto: 0.9799999999999933, Demand: 0.98, percentage: 99.99999999999932
Sink 31 SODDISFATTO. Flusso netto: 0.3999999999999999, Demand: 0.4, percentage: 99.99999999999997
Sink 32 SODDISFATTO. Flusso netto: 0.9999999999999989, Demand: 1.0, percentage: 99.99999999999989
Sink 34 SODDISFATTO. Flusso netto: 1.7400000000000002, Demand: 1.74, percentage: 100.00000000000003
Sink 35 SODDISFATTO. Flusso netto: 1.3, Demand: 1.3, percentage: 100.0
Sink 37 SODDISFATTO. Flusso netto: 1.0, Demand: 1.0, percentage: 100.0
Sink 39 SODDISFATTO. Flusso netto: 0.40000000000000036, Demand: 0.4, percentage: 100.00000000000009
Sink 40 SODDISFATTO. Flusso netto: 0.5, Demand: 0.5, percentage: 100.0
Sink 41 SODDISFATTO. Flusso netto: 1.0600000000000005, Demand: 1.06, percentage: 100.00000000000004
Sink 42 SODDISFATTO. Flusso netto: 2.8200000000000007, Demand: 2.82, percentage: 100.00000000000003
Sink 45 SODDISFATTO. Flusso netto: 0.6800000000000002, Demand: 0.68, percentage: 100.00000000000003
Sink 46 SODDISFATTO. Flusso netto: 1.17, Demand: 1.17, percentage: 100.0
Sink 49 non è soddisfatto. Flusso netto: 4.59, Demand: 7.0, percentage: 65.57142857142857
Flusso totale entrante nei SINK: 86.46000000000001
Flusso totale uscente nei SINK: 42.430000000000014
Flusso totale netto nei SINK: 44.029999999999994
Total DEMAND dei SINK: 46.44
Percentual di flusso ai SINK: 0.9481050818260119
Numero di Sink soddisfatti: 24.0, numero totale di sink: 25.0
Percentuale di Sink soddisfatti: 0.96

---------------------------------- DAY 82

Update Fixed Elements from Intrinsic Faults
Update Fixed Elements from Heavy Faults
Update Fixed Elements from Attack
Propagate Intrinsic Fault
Propagate Heavy Faults
Propagate Attacks
Inject Intrinsic Failure To Source
Source NODO_2 is failing for an Intrinsic Fault in day: 82
pipeline ARCO_70 has reduced capacity due to NODO_2 Intrinsic fault
pipeline V_EDGE_53_0 has reduced capacity due to NODO_2 Intrinsic fault
pipeline ARCO_0 has reduced capacity due to NODO_2 Intrinsic fault
Source NODO_11 is failing for an Intrinsic Fault in day: 82
pipeline ARCO_3 has reduced capacity due to NODO_11 Intrinsic fault
pipeline ARCO_90 has reduced capacity due to NODO_11 Intrinsic fault
pipeline ARCO_91 has reduced capacity due to NODO_11 Intrinsic fault
pipeline ARCO_92 has reduced capacity due to NODO_11 Intrinsic fault
pipeline V_EDGE_53_9 has reduced capacity due to NODO_11 Intrinsic fault
pipeline ARCO_20 has reduced capacity due to NODO_11 Intrinsic fault
pipeline ARCO_21 has reduced capacity due to NODO_11 Intrinsic fault
pipeline ARCO_22 has reduced capacity due to NODO_11 Intrinsic fault
pipeline ARCO_73 has reduced capacity due to NODO_11 Intrinsic fault
Inject Heavy Fault To Sources
Inject Attack Multiple To Source
Inject Intrinsic Fault To Pipeline
Inject Heavy Fault To Pipeline
Inject Attack To Pipeline
----------- Statistics ------------
	Sources Under Attack: 0
	Sources with Heavy Fault: 0
	Sources with Intrinsic Fault: 2
	Arcs with reduce capacity due to Attack: 0
	Arcs with reduce capacity due to Heavy Fault: 0
	Arcs with reduce capacity due to Intrinsic Fault: 12
	Arcs with Attacks: 0
	Arcs with Heavy Fault: 0
	Arcs with Intrinsic Fault: 0
--------- SOURCES STATISTICS ---------------
Demand del real Source[0]: -31.0, flusso erogato: 8.729999999999997, flusso entrante: 0.0, efficienza: 28.161290322580633 %
Demand del real Source[8]: -10.5, flusso erogato: 3.8600000000000003, flusso entrante: 0.0, efficienza: 36.76190476190476 %
Demand del real Source[9]: -7.1, flusso erogato: 13.409999999999997, flusso entrante: 7.73, efficienza: 188.87323943661968 %
Demand del real Source[17]: -25.0, flusso erogato: 25.000000000000007, flusso entrante: 0.0, efficienza: 100.00000000000003 %
Flusso totale entrante nei Real Source: 7.73
Flusso totale uscente dai Real Source: 51.0
Flusso netto sui real Source: -43.269999999999996
--- SINKS STATISTICS ---
Sink 3 SODDISFATTO. Flusso netto: 3.4299999999999997, Demand: 3.43, percentage: 99.99999999999999
Sink 4 SODDISFATTO. Flusso netto: 0.5700000000000003, Demand: 0.57, percentage: 100.00000000000007
Sink 5 SODDISFATTO. Flusso netto: 0.6600000000000001, Demand: 0.66, percentage: 100.00000000000003
Sink 11 SODDISFATTO. Flusso netto: 1.03, Demand: 1.03, percentage: 100.0
Sink 15 SODDISFATTO. Flusso netto: 0.4600000000000044, Demand: 0.46, percentage: 100.00000000000095
Sink 16 SODDISFATTO. Flusso netto: 8.399999999999993, Demand: 8.4, percentage: 99.99999999999991
Sink 19 SODDISFATTO. Flusso netto: 0.5399999999999938, Demand: 0.54, percentage: 99.99999999999885
Sink 23 SODDISFATTO. Flusso netto: 0.5999999999999996, Demand: 0.6, percentage: 99.99999999999994
Sink 24 SODDISFATTO. Flusso netto: 0.8000000000000007, Demand: 0.8, percentage: 100.00000000000009
Sink 25 SODDISFATTO. Flusso netto: 3.5, Demand: 3.5, percentage: 100.0
Sink 26 SODDISFATTO. Flusso netto: 6.000000000000007, Demand: 6.0, percentage: 100.00000000000011
Sink 28 SODDISFATTO. Flusso netto: 0.4, Demand: 0.4, percentage: 100.0
Sink 30 SODDISFATTO. Flusso netto: 0.9799999999999933, Demand: 0.98, percentage: 99.99999999999932
Sink 31 SODDISFATTO. Flusso netto: 0.3999999999999999, Demand: 0.4, percentage: 99.99999999999997
Sink 32 SODDISFATTO. Flusso netto: 0.9999999999999989, Demand: 1.0, percentage: 99.99999999999989
Sink 34 SODDISFATTO. Flusso netto: 1.7400000000000002, Demand: 1.74, percentage: 100.00000000000003
Sink 35 SODDISFATTO. Flusso netto: 1.3, Demand: 1.3, percentage: 100.0
Sink 37 SODDISFATTO. Flusso netto: 1.0, Demand: 1.0, percentage: 100.0
Sink 39 SODDISFATTO. Flusso netto: 0.40000000000000036, Demand: 0.4, percentage: 100.00000000000009
Sink 40 SODDISFATTO. Flusso netto: 0.5, Demand: 0.5, percentage: 100.0
Sink 41 SODDISFATTO. Flusso netto: 1.0600000000000005, Demand: 1.06, percentage: 100.00000000000004
Sink 42 SODDISFATTO. Flusso netto: 2.819999999999999, Demand: 2.82, percentage: 99.99999999999997
Sink 45 SODDISFATTO. Flusso netto: 0.6800000000000002, Demand: 0.68, percentage: 100.00000000000003
Sink 46 SODDISFATTO. Flusso netto: 1.17, Demand: 1.17, percentage: 100.0
Sink 49 non è soddisfatto. Flusso netto: 3.83, Demand: 7.0, percentage: 54.714285714285715
Flusso totale entrante nei SINK: 85.282
Flusso totale uscente nei SINK: 42.01200000000001
Flusso totale netto nei SINK: 43.26999999999999
Total DEMAND dei SINK: 46.44
Percentual di flusso ai SINK: 0.9317398794142978
Numero di Sink soddisfatti: 24.0, numero totale di sink: 25.0
Percentuale di Sink soddisfatti: 0.96

---------------------------------- DAY 83

Update Fixed Elements from Intrinsic Faults
Update Fixed Elements from Heavy Faults
Update Fixed Elements from Attack
Propagate Intrinsic Fault
Node NODO_2 has still failing due to Intrinsic Fault
Node NODO_11 has still failing due to Intrinsic Fault
pipeline ARCO_70 still has reduced capacity: 24.8 due to Intrinsic Fault
pipeline V_EDGE_53_0 still has reduced capacity: 24.8 due to Intrinsic Fault
pipeline ARCO_0 still has reduced capacity: 24.8 due to Intrinsic Fault
pipeline ARCO_3 still has reduced capacity: 9.688 due to Intrinsic Fault
pipeline ARCO_90 still has reduced capacity: 1.6 due to Intrinsic Fault
pipeline ARCO_91 still has reduced capacity: 9.688 due to Intrinsic Fault
pipeline ARCO_92 still has reduced capacity: 39.328 due to Intrinsic Fault
pipeline V_EDGE_53_9 still has reduced capacity: 5.68 due to Intrinsic Fault
pipeline ARCO_20 still has reduced capacity: 1.6 due to Intrinsic Fault
pipeline ARCO_21 still has reduced capacity: 9.688 due to Intrinsic Fault
pipeline ARCO_22 still has reduced capacity: 39.328 due to Intrinsic Fault
pipeline ARCO_73 still has reduced capacity: 9.688 due to Intrinsic Fault
Propagate Heavy Faults
Propagate Attacks
Inject Intrinsic Failure To Source
Source NODO_2 is failing for an Intrinsic Fault in day: 83
pipeline ARCO_70 has reduced capacity due to NODO_2 Intrinsic fault
pipeline V_EDGE_53_0 has reduced capacity due to NODO_2 Intrinsic fault
pipeline ARCO_0 has reduced capacity due to NODO_2 Intrinsic fault
Inject Heavy Fault To Sources
Inject Attack Multiple To Source
Inject Intrinsic Fault To Pipeline
Inject Heavy Fault To Pipeline
Inject Attack To Pipeline
----------- Statistics ------------
	Sources Under Attack: 0
	Sources with Heavy Fault: 0
	Sources with Intrinsic Fault: 2
	Arcs with reduce capacity due to Attack: 0
	Arcs with reduce capacity due to Heavy Fault: 0
	Arcs with reduce capacity due to Intrinsic Fault: 12
	Arcs with Attacks: 0
	Arcs with Heavy Fault: 0
	Arcs with Intrinsic Fault: 0
--------- SOURCES STATISTICS ---------------
Demand del real Source[0]: -31.0, flusso erogato: 8.729999999999997, flusso entrante: 0.0, efficienza: 28.161290322580633 %
Demand del real Source[8]: -10.5, flusso erogato: 3.8600000000000003, flusso entrante: 0.0, efficienza: 36.76190476190476 %
Demand del real Source[9]: -7.1, flusso erogato: 13.409999999999997, flusso entrante: 7.73, efficienza: 188.87323943661968 %
Demand del real Source[17]: -25.0, flusso erogato: 25.000000000000007, flusso entrante: 0.0, efficienza: 100.00000000000003 %
Flusso totale entrante nei Real Source: 7.73
Flusso totale uscente dai Real Source: 51.0
Flusso netto sui real Source: -43.269999999999996
--- SINKS STATISTICS ---
Sink 3 SODDISFATTO. Flusso netto: 3.4299999999999997, Demand: 3.43, percentage: 99.99999999999999
Sink 4 SODDISFATTO. Flusso netto: 0.5700000000000003, Demand: 0.57, percentage: 100.00000000000007
Sink 5 SODDISFATTO. Flusso netto: 0.6600000000000001, Demand: 0.66, percentage: 100.00000000000003
Sink 11 SODDISFATTO. Flusso netto: 1.03, Demand: 1.03, percentage: 100.0
Sink 15 SODDISFATTO. Flusso netto: 0.4600000000000044, Demand: 0.46, percentage: 100.00000000000095
Sink 16 SODDISFATTO. Flusso netto: 8.399999999999993, Demand: 8.4, percentage: 99.99999999999991
Sink 19 SODDISFATTO. Flusso netto: 0.5399999999999938, Demand: 0.54, percentage: 99.99999999999885
Sink 23 SODDISFATTO. Flusso netto: 0.5999999999999996, Demand: 0.6, percentage: 99.99999999999994
Sink 24 SODDISFATTO. Flusso netto: 0.8000000000000007, Demand: 0.8, percentage: 100.00000000000009
Sink 25 SODDISFATTO. Flusso netto: 3.5, Demand: 3.5, percentage: 100.0
Sink 26 SODDISFATTO. Flusso netto: 6.000000000000007, Demand: 6.0, percentage: 100.00000000000011
Sink 28 SODDISFATTO. Flusso netto: 0.4, Demand: 0.4, percentage: 100.0
Sink 30 SODDISFATTO. Flusso netto: 0.9799999999999933, Demand: 0.98, percentage: 99.99999999999932
Sink 31 SODDISFATTO. Flusso netto: 0.3999999999999999, Demand: 0.4, percentage: 99.99999999999997
Sink 32 SODDISFATTO. Flusso netto: 0.9999999999999989, Demand: 1.0, percentage: 99.99999999999989
Sink 34 SODDISFATTO. Flusso netto: 1.7400000000000002, Demand: 1.74, percentage: 100.00000000000003
Sink 35 SODDISFATTO. Flusso netto: 1.3, Demand: 1.3, percentage: 100.0
Sink 37 SODDISFATTO. Flusso netto: 1.0, Demand: 1.0, percentage: 100.0
Sink 39 SODDISFATTO. Flusso netto: 0.40000000000000036, Demand: 0.4, percentage: 100.00000000000009
Sink 40 SODDISFATTO. Flusso netto: 0.5, Demand: 0.5, percentage: 100.0
Sink 41 SODDISFATTO. Flusso netto: 1.0600000000000005, Demand: 1.06, percentage: 100.00000000000004
Sink 42 SODDISFATTO. Flusso netto: 2.819999999999999, Demand: 2.82, percentage: 99.99999999999997
Sink 45 SODDISFATTO. Flusso netto: 0.6800000000000002, Demand: 0.68, percentage: 100.00000000000003
Sink 46 SODDISFATTO. Flusso netto: 1.17, Demand: 1.17, percentage: 100.0
Sink 49 non è soddisfatto. Flusso netto: 3.83, Demand: 7.0, percentage: 54.714285714285715
Flusso totale entrante nei SINK: 85.282
Flusso totale uscente nei SINK: 42.01200000000001
Flusso totale netto nei SINK: 43.26999999999999
Total DEMAND dei SINK: 46.44
Percentual di flusso ai SINK: 0.9317398794142978
Numero di Sink soddisfatti: 24.0, numero totale di sink: 25.0
Percentuale di Sink soddisfatti: 0.96

---------------------------------- DAY 84

Update Fixed Elements from Intrinsic Faults
Update Fixed Elements from Heavy Faults
Update Fixed Elements from Attack
Propagate Intrinsic Fault
Node NODO_2 has still failing due to Intrinsic Fault
Node NODO_11 has still failing due to Intrinsic Fault
pipeline ARCO_70 still has reduced capacity: 24.8 due to Intrinsic Fault
pipeline V_EDGE_53_0 still has reduced capacity: 24.8 due to Intrinsic Fault
pipeline ARCO_0 still has reduced capacity: 24.8 due to Intrinsic Fault
pipeline ARCO_3 still has reduced capacity: 9.688 due to Intrinsic Fault
pipeline ARCO_90 still has reduced capacity: 1.6 due to Intrinsic Fault
pipeline ARCO_91 still has reduced capacity: 9.688 due to Intrinsic Fault
pipeline ARCO_92 still has reduced capacity: 39.328 due to Intrinsic Fault
pipeline V_EDGE_53_9 still has reduced capacity: 5.68 due to Intrinsic Fault
pipeline ARCO_20 still has reduced capacity: 1.6 due to Intrinsic Fault
pipeline ARCO_21 still has reduced capacity: 9.688 due to Intrinsic Fault
pipeline ARCO_22 still has reduced capacity: 39.328 due to Intrinsic Fault
pipeline ARCO_73 still has reduced capacity: 9.688 due to Intrinsic Fault
Propagate Heavy Faults
Propagate Attacks
Inject Intrinsic Failure To Source
Source NODO_2 is failing for an Intrinsic Fault in day: 84
pipeline ARCO_70 has reduced capacity due to NODO_2 Intrinsic fault
pipeline V_EDGE_53_0 has reduced capacity due to NODO_2 Intrinsic fault
pipeline ARCO_0 has reduced capacity due to NODO_2 Intrinsic fault
Inject Heavy Fault To Sources
Inject Attack Multiple To Source
Inject Intrinsic Fault To Pipeline
Inject Heavy Fault To Pipeline
Inject Attack To Pipeline
----------- Statistics ------------
	Sources Under Attack: 0
	Sources with Heavy Fault: 0
	Sources with Intrinsic Fault: 2
	Arcs with reduce capacity due to Attack: 0
	Arcs with reduce capacity due to Heavy Fault: 0
	Arcs with reduce capacity due to Intrinsic Fault: 12
	Arcs with Attacks: 0
	Arcs with Heavy Fault: 0
	Arcs with Intrinsic Fault: 0
--------- SOURCES STATISTICS ---------------
Demand del real Source[0]: -31.0, flusso erogato: 8.729999999999997, flusso entrante: 0.0, efficienza: 28.161290322580633 %
Demand del real Source[8]: -10.5, flusso erogato: 3.8600000000000003, flusso entrante: 0.0, efficienza: 36.76190476190476 %
Demand del real Source[9]: -7.1, flusso erogato: 13.409999999999997, flusso entrante: 7.73, efficienza: 188.87323943661968 %
Demand del real Source[17]: -25.0, flusso erogato: 25.000000000000007, flusso entrante: 0.0, efficienza: 100.00000000000003 %
Flusso totale entrante nei Real Source: 7.73
Flusso totale uscente dai Real Source: 51.0
Flusso netto sui real Source: -43.269999999999996
--- SINKS STATISTICS ---
Sink 3 SODDISFATTO. Flusso netto: 3.4299999999999997, Demand: 3.43, percentage: 99.99999999999999
Sink 4 SODDISFATTO. Flusso netto: 0.5700000000000003, Demand: 0.57, percentage: 100.00000000000007
Sink 5 SODDISFATTO. Flusso netto: 0.6600000000000001, Demand: 0.66, percentage: 100.00000000000003
Sink 11 SODDISFATTO. Flusso netto: 1.03, Demand: 1.03, percentage: 100.0
Sink 15 SODDISFATTO. Flusso netto: 0.4600000000000044, Demand: 0.46, percentage: 100.00000000000095
Sink 16 SODDISFATTO. Flusso netto: 8.399999999999993, Demand: 8.4, percentage: 99.99999999999991
Sink 19 SODDISFATTO. Flusso netto: 0.5399999999999938, Demand: 0.54, percentage: 99.99999999999885
Sink 23 SODDISFATTO. Flusso netto: 0.5999999999999996, Demand: 0.6, percentage: 99.99999999999994
Sink 24 SODDISFATTO. Flusso netto: 0.8000000000000007, Demand: 0.8, percentage: 100.00000000000009
Sink 25 SODDISFATTO. Flusso netto: 3.5, Demand: 3.5, percentage: 100.0
Sink 26 SODDISFATTO. Flusso netto: 6.000000000000007, Demand: 6.0, percentage: 100.00000000000011
Sink 28 SODDISFATTO. Flusso netto: 0.4, Demand: 0.4, percentage: 100.0
Sink 30 SODDISFATTO. Flusso netto: 0.9799999999999933, Demand: 0.98, percentage: 99.99999999999932
Sink 31 SODDISFATTO. Flusso netto: 0.3999999999999999, Demand: 0.4, percentage: 99.99999999999997
Sink 32 SODDISFATTO. Flusso netto: 0.9999999999999989, Demand: 1.0, percentage: 99.99999999999989
Sink 34 SODDISFATTO. Flusso netto: 1.7400000000000002, Demand: 1.74, percentage: 100.00000000000003
Sink 35 SODDISFATTO. Flusso netto: 1.3, Demand: 1.3, percentage: 100.0
Sink 37 SODDISFATTO. Flusso netto: 1.0, Demand: 1.0, percentage: 100.0
Sink 39 SODDISFATTO. Flusso netto: 0.40000000000000036, Demand: 0.4, percentage: 100.00000000000009
Sink 40 SODDISFATTO. Flusso netto: 0.5, Demand: 0.5, percentage: 100.0
Sink 41 SODDISFATTO. Flusso netto: 1.0600000000000005, Demand: 1.06, percentage: 100.00000000000004
Sink 42 SODDISFATTO. Flusso netto: 2.819999999999999, Demand: 2.82, percentage: 99.99999999999997
Sink 45 SODDISFATTO. Flusso netto: 0.6800000000000002, Demand: 0.68, percentage: 100.00000000000003
Sink 46 SODDISFATTO. Flusso netto: 1.17, Demand: 1.17, percentage: 100.0
Sink 49 non è soddisfatto. Flusso netto: 3.83, Demand: 7.0, percentage: 54.714285714285715
Flusso totale entrante nei SINK: 85.282
Flusso totale uscente nei SINK: 42.01200000000001
Flusso totale netto nei SINK: 43.26999999999999
Total DEMAND dei SINK: 46.44
Percentual di flusso ai SINK: 0.9317398794142978
Numero di Sink soddisfatti: 24.0, numero totale di sink: 25.0
Percentuale di Sink soddisfatti: 0.96

---------------------------------- DAY 85

Update Fixed Elements from Intrinsic Faults
Source NODO_2 fixed from Intrinsic Fault
Pipeline ARCO_70 fixed due to Source NODO_2 fixing from Intrinsic Fault
Pipeline V_EDGE_53_0 fixed due to Source NODO_2 fixing from Intrinsic Fault
Pipeline ARCO_0 fixed due to Source NODO_2 fixing from Intrinsic Fault
Source NODO_11 fixed from Intrinsic Fault
Pipeline ARCO_3 fixed due to Source NODO_11 fixing from Intrinsic Fault
Pipeline ARCO_90 fixed due to Source NODO_11 fixing from Intrinsic Fault
Pipeline ARCO_91 fixed due to Source NODO_11 fixing from Intrinsic Fault
Pipeline ARCO_92 fixed due to Source NODO_11 fixing from Intrinsic Fault
Pipeline V_EDGE_53_9 fixed due to Source NODO_11 fixing from Intrinsic Fault
Pipeline ARCO_20 fixed due to Source NODO_11 fixing from Intrinsic Fault
Pipeline ARCO_21 fixed due to Source NODO_11 fixing from Intrinsic Fault
Pipeline ARCO_22 fixed due to Source NODO_11 fixing from Intrinsic Fault
Pipeline ARCO_73 fixed due to Source NODO_11 fixing from Intrinsic Fault
Update Fixed Elements from Heavy Faults
Update Fixed Elements from Attack
Propagate Intrinsic Fault
Propagate Heavy Faults
Propagate Attacks
Inject Intrinsic Failure To Source
Inject Heavy Fault To Sources
Inject Attack Multiple To Source
Inject Intrinsic Fault To Pipeline
Inject Heavy Fault To Pipeline
Inject Attack To Pipeline
----------- Statistics ------------
	Sources Under Attack: 0
	Sources with Heavy Fault: 0
	Sources with Intrinsic Fault: 0
	Arcs with reduce capacity due to Attack: 0
	Arcs with reduce capacity due to Heavy Fault: 0
	Arcs with reduce capacity due to Intrinsic Fault: 0
	Arcs with Attacks: 0
	Arcs with Heavy Fault: 0
	Arcs with Intrinsic Fault: 0
--------- SOURCES STATISTICS ---------------
Demand del real Source[0]: -31.0, flusso erogato: 8.069999999999997, flusso entrante: 0.0, efficienza: 26.032258064516117 %
Demand del real Source[8]: -10.5, flusso erogato: 3.8600000000000003, flusso entrante: 0.0, efficienza: 36.76190476190476 %
Demand del real Source[9]: -7.1, flusso erogato: 14.169999999999996, flusso entrante: 7.070000000000007, efficienza: 199.57746478873236 %
Demand del real Source[17]: -25.0, flusso erogato: 25.000000000000007, flusso entrante: 0.0, efficienza: 100.00000000000003 %
Flusso totale entrante nei Real Source: 7.070000000000007
Flusso totale uscente dai Real Source: 51.1
Flusso netto sui real Source: -44.029999999999994
--- SINKS STATISTICS ---
Sink 3 SODDISFATTO. Flusso netto: 3.4299999999999997, Demand: 3.43, percentage: 99.99999999999999
Sink 4 SODDISFATTO. Flusso netto: 0.5700000000000003, Demand: 0.57, percentage: 100.00000000000007
Sink 5 SODDISFATTO. Flusso netto: 0.6600000000000019, Demand: 0.66, percentage: 100.00000000000028
Sink 11 SODDISFATTO. Flusso netto: 1.03, Demand: 1.03, percentage: 100.0
Sink 15 SODDISFATTO. Flusso netto: 0.4600000000000044, Demand: 0.46, percentage: 100.00000000000095
Sink 16 SODDISFATTO. Flusso netto: 8.399999999999993, Demand: 8.4, percentage: 99.99999999999991
Sink 19 SODDISFATTO. Flusso netto: 0.5399999999999938, Demand: 0.54, percentage: 99.99999999999885
Sink 23 SODDISFATTO. Flusso netto: 0.5999999999999996, Demand: 0.6, percentage: 99.99999999999994
Sink 24 SODDISFATTO. Flusso netto: 0.8000000000000007, Demand: 0.8, percentage: 100.00000000000009
Sink 25 SODDISFATTO. Flusso netto: 3.5, Demand: 3.5, percentage: 100.0
Sink 26 SODDISFATTO. Flusso netto: 6.000000000000007, Demand: 6.0, percentage: 100.00000000000011
Sink 28 SODDISFATTO. Flusso netto: 0.4, Demand: 0.4, percentage: 100.0
Sink 30 SODDISFATTO. Flusso netto: 0.9799999999999933, Demand: 0.98, percentage: 99.99999999999932
Sink 31 SODDISFATTO. Flusso netto: 0.3999999999999999, Demand: 0.4, percentage: 99.99999999999997
Sink 32 SODDISFATTO. Flusso netto: 0.9999999999999989, Demand: 1.0, percentage: 99.99999999999989
Sink 34 SODDISFATTO. Flusso netto: 1.7400000000000002, Demand: 1.74, percentage: 100.00000000000003
Sink 35 SODDISFATTO. Flusso netto: 1.3, Demand: 1.3, percentage: 100.0
Sink 37 SODDISFATTO. Flusso netto: 1.0, Demand: 1.0, percentage: 100.0
Sink 39 SODDISFATTO. Flusso netto: 0.40000000000000036, Demand: 0.4, percentage: 100.00000000000009
Sink 40 SODDISFATTO. Flusso netto: 0.5, Demand: 0.5, percentage: 100.0
Sink 41 SODDISFATTO. Flusso netto: 1.0600000000000005, Demand: 1.06, percentage: 100.00000000000004
Sink 42 SODDISFATTO. Flusso netto: 2.8200000000000007, Demand: 2.82, percentage: 100.00000000000003
Sink 45 SODDISFATTO. Flusso netto: 0.6800000000000002, Demand: 0.68, percentage: 100.00000000000003
Sink 46 SODDISFATTO. Flusso netto: 1.17, Demand: 1.17, percentage: 100.0
Sink 49 non è soddisfatto. Flusso netto: 4.59, Demand: 7.0, percentage: 65.57142857142857
Flusso totale entrante nei SINK: 86.46000000000001
Flusso totale uscente nei SINK: 42.430000000000014
Flusso totale netto nei SINK: 44.029999999999994
Total DEMAND dei SINK: 46.44
Percentual di flusso ai SINK: 0.9481050818260119
Numero di Sink soddisfatti: 24.0, numero totale di sink: 25.0
Percentuale di Sink soddisfatti: 0.96

---------------------------------- DAY 86

Update Fixed Elements from Intrinsic Faults
Update Fixed Elements from Heavy Faults
Update Fixed Elements from Attack
Propagate Intrinsic Fault
Propagate Heavy Faults
Propagate Attacks
Inject Intrinsic Failure To Source
Inject Heavy Fault To Sources
Inject Attack Multiple To Source
Inject Intrinsic Fault To Pipeline
Inject Heavy Fault To Pipeline
Inject Attack To Pipeline
----------- Statistics ------------
	Sources Under Attack: 0
	Sources with Heavy Fault: 0
	Sources with Intrinsic Fault: 0
	Arcs with reduce capacity due to Attack: 0
	Arcs with reduce capacity due to Heavy Fault: 0
	Arcs with reduce capacity due to Intrinsic Fault: 0
	Arcs with Attacks: 0
	Arcs with Heavy Fault: 0
	Arcs with Intrinsic Fault: 0
--------- SOURCES STATISTICS ---------------
Demand del real Source[0]: -31.0, flusso erogato: 8.069999999999997, flusso entrante: 0.0, efficienza: 26.032258064516117 %
Demand del real Source[8]: -10.5, flusso erogato: 3.8600000000000003, flusso entrante: 0.0, efficienza: 36.76190476190476 %
Demand del real Source[9]: -7.1, flusso erogato: 14.169999999999996, flusso entrante: 7.070000000000007, efficienza: 199.57746478873236 %
Demand del real Source[17]: -25.0, flusso erogato: 25.000000000000007, flusso entrante: 0.0, efficienza: 100.00000000000003 %
Flusso totale entrante nei Real Source: 7.070000000000007
Flusso totale uscente dai Real Source: 51.1
Flusso netto sui real Source: -44.029999999999994
--- SINKS STATISTICS ---
Sink 3 SODDISFATTO. Flusso netto: 3.4299999999999997, Demand: 3.43, percentage: 99.99999999999999
Sink 4 SODDISFATTO. Flusso netto: 0.5700000000000003, Demand: 0.57, percentage: 100.00000000000007
Sink 5 SODDISFATTO. Flusso netto: 0.6600000000000019, Demand: 0.66, percentage: 100.00000000000028
Sink 11 SODDISFATTO. Flusso netto: 1.03, Demand: 1.03, percentage: 100.0
Sink 15 SODDISFATTO. Flusso netto: 0.4600000000000044, Demand: 0.46, percentage: 100.00000000000095
Sink 16 SODDISFATTO. Flusso netto: 8.399999999999993, Demand: 8.4, percentage: 99.99999999999991
Sink 19 SODDISFATTO. Flusso netto: 0.5399999999999938, Demand: 0.54, percentage: 99.99999999999885
Sink 23 SODDISFATTO. Flusso netto: 0.5999999999999996, Demand: 0.6, percentage: 99.99999999999994
Sink 24 SODDISFATTO. Flusso netto: 0.8000000000000007, Demand: 0.8, percentage: 100.00000000000009
Sink 25 SODDISFATTO. Flusso netto: 3.5, Demand: 3.5, percentage: 100.0
Sink 26 SODDISFATTO. Flusso netto: 6.000000000000007, Demand: 6.0, percentage: 100.00000000000011
Sink 28 SODDISFATTO. Flusso netto: 0.4, Demand: 0.4, percentage: 100.0
Sink 30 SODDISFATTO. Flusso netto: 0.9799999999999933, Demand: 0.98, percentage: 99.99999999999932
Sink 31 SODDISFATTO. Flusso netto: 0.3999999999999999, Demand: 0.4, percentage: 99.99999999999997
Sink 32 SODDISFATTO. Flusso netto: 0.9999999999999989, Demand: 1.0, percentage: 99.99999999999989
Sink 34 SODDISFATTO. Flusso netto: 1.7400000000000002, Demand: 1.74, percentage: 100.00000000000003
Sink 35 SODDISFATTO. Flusso netto: 1.3, Demand: 1.3, percentage: 100.0
Sink 37 SODDISFATTO. Flusso netto: 1.0, Demand: 1.0, percentage: 100.0
Sink 39 SODDISFATTO. Flusso netto: 0.40000000000000036, Demand: 0.4, percentage: 100.00000000000009
Sink 40 SODDISFATTO. Flusso netto: 0.5, Demand: 0.5, percentage: 100.0
Sink 41 SODDISFATTO. Flusso netto: 1.0600000000000005, Demand: 1.06, percentage: 100.00000000000004
Sink 42 SODDISFATTO. Flusso netto: 2.8200000000000007, Demand: 2.82, percentage: 100.00000000000003
Sink 45 SODDISFATTO. Flusso netto: 0.6800000000000002, Demand: 0.68, percentage: 100.00000000000003
Sink 46 SODDISFATTO. Flusso netto: 1.17, Demand: 1.17, percentage: 100.0
Sink 49 non è soddisfatto. Flusso netto: 4.59, Demand: 7.0, percentage: 65.57142857142857
Flusso totale entrante nei SINK: 86.46000000000001
Flusso totale uscente nei SINK: 42.430000000000014
Flusso totale netto nei SINK: 44.029999999999994
Total DEMAND dei SINK: 46.44
Percentual di flusso ai SINK: 0.9481050818260119
Numero di Sink soddisfatti: 24.0, numero totale di sink: 25.0
Percentuale di Sink soddisfatti: 0.96

---------------------------------- DAY 87

Update Fixed Elements from Intrinsic Faults
Update Fixed Elements from Heavy Faults
Update Fixed Elements from Attack
Propagate Intrinsic Fault
Propagate Heavy Faults
Propagate Attacks
Inject Intrinsic Failure To Source
Inject Heavy Fault To Sources
Inject Attack Multiple To Source
Inject Intrinsic Fault To Pipeline
Inject Heavy Fault To Pipeline
Inject Attack To Pipeline
----------- Statistics ------------
	Sources Under Attack: 0
	Sources with Heavy Fault: 0
	Sources with Intrinsic Fault: 0
	Arcs with reduce capacity due to Attack: 0
	Arcs with reduce capacity due to Heavy Fault: 0
	Arcs with reduce capacity due to Intrinsic Fault: 0
	Arcs with Attacks: 0
	Arcs with Heavy Fault: 0
	Arcs with Intrinsic Fault: 0
--------- SOURCES STATISTICS ---------------
Demand del real Source[0]: -31.0, flusso erogato: 8.069999999999997, flusso entrante: 0.0, efficienza: 26.032258064516117 %
Demand del real Source[8]: -10.5, flusso erogato: 3.8600000000000003, flusso entrante: 0.0, efficienza: 36.76190476190476 %
Demand del real Source[9]: -7.1, flusso erogato: 14.169999999999996, flusso entrante: 7.070000000000007, efficienza: 199.57746478873236 %
Demand del real Source[17]: -25.0, flusso erogato: 25.000000000000007, flusso entrante: 0.0, efficienza: 100.00000000000003 %
Flusso totale entrante nei Real Source: 7.070000000000007
Flusso totale uscente dai Real Source: 51.1
Flusso netto sui real Source: -44.029999999999994
--- SINKS STATISTICS ---
Sink 3 SODDISFATTO. Flusso netto: 3.4299999999999997, Demand: 3.43, percentage: 99.99999999999999
Sink 4 SODDISFATTO. Flusso netto: 0.5700000000000003, Demand: 0.57, percentage: 100.00000000000007
Sink 5 SODDISFATTO. Flusso netto: 0.6600000000000019, Demand: 0.66, percentage: 100.00000000000028
Sink 11 SODDISFATTO. Flusso netto: 1.03, Demand: 1.03, percentage: 100.0
Sink 15 SODDISFATTO. Flusso netto: 0.4600000000000044, Demand: 0.46, percentage: 100.00000000000095
Sink 16 SODDISFATTO. Flusso netto: 8.399999999999993, Demand: 8.4, percentage: 99.99999999999991
Sink 19 SODDISFATTO. Flusso netto: 0.5399999999999938, Demand: 0.54, percentage: 99.99999999999885
Sink 23 SODDISFATTO. Flusso netto: 0.5999999999999996, Demand: 0.6, percentage: 99.99999999999994
Sink 24 SODDISFATTO. Flusso netto: 0.8000000000000007, Demand: 0.8, percentage: 100.00000000000009
Sink 25 SODDISFATTO. Flusso netto: 3.5, Demand: 3.5, percentage: 100.0
Sink 26 SODDISFATTO. Flusso netto: 6.000000000000007, Demand: 6.0, percentage: 100.00000000000011
Sink 28 SODDISFATTO. Flusso netto: 0.4, Demand: 0.4, percentage: 100.0
Sink 30 SODDISFATTO. Flusso netto: 0.9799999999999933, Demand: 0.98, percentage: 99.99999999999932
Sink 31 SODDISFATTO. Flusso netto: 0.3999999999999999, Demand: 0.4, percentage: 99.99999999999997
Sink 32 SODDISFATTO. Flusso netto: 0.9999999999999989, Demand: 1.0, percentage: 99.99999999999989
Sink 34 SODDISFATTO. Flusso netto: 1.7400000000000002, Demand: 1.74, percentage: 100.00000000000003
Sink 35 SODDISFATTO. Flusso netto: 1.3, Demand: 1.3, percentage: 100.0
Sink 37 SODDISFATTO. Flusso netto: 1.0, Demand: 1.0, percentage: 100.0
Sink 39 SODDISFATTO. Flusso netto: 0.40000000000000036, Demand: 0.4, percentage: 100.00000000000009
Sink 40 SODDISFATTO. Flusso netto: 0.5, Demand: 0.5, percentage: 100.0
Sink 41 SODDISFATTO. Flusso netto: 1.0600000000000005, Demand: 1.06, percentage: 100.00000000000004
Sink 42 SODDISFATTO. Flusso netto: 2.8200000000000007, Demand: 2.82, percentage: 100.00000000000003
Sink 45 SODDISFATTO. Flusso netto: 0.6800000000000002, Demand: 0.68, percentage: 100.00000000000003
Sink 46 SODDISFATTO. Flusso netto: 1.17, Demand: 1.17, percentage: 100.0
Sink 49 non è soddisfatto. Flusso netto: 4.59, Demand: 7.0, percentage: 65.57142857142857
Flusso totale entrante nei SINK: 86.46000000000001
Flusso totale uscente nei SINK: 42.430000000000014
Flusso totale netto nei SINK: 44.029999999999994
Total DEMAND dei SINK: 46.44
Percentual di flusso ai SINK: 0.9481050818260119
Numero di Sink soddisfatti: 24.0, numero totale di sink: 25.0
Percentuale di Sink soddisfatti: 0.96

---------------------------------- DAY 88

Update Fixed Elements from Intrinsic Faults
Update Fixed Elements from Heavy Faults
Update Fixed Elements from Attack
Propagate Intrinsic Fault
Propagate Heavy Faults
Propagate Attacks
Inject Intrinsic Failure To Source
Source NODO_11 is failing for an Intrinsic Fault in day: 88
pipeline ARCO_3 has reduced capacity due to NODO_11 Intrinsic fault
pipeline ARCO_90 has reduced capacity due to NODO_11 Intrinsic fault
pipeline ARCO_91 has reduced capacity due to NODO_11 Intrinsic fault
pipeline ARCO_92 has reduced capacity due to NODO_11 Intrinsic fault
pipeline V_EDGE_53_9 has reduced capacity due to NODO_11 Intrinsic fault
pipeline ARCO_20 has reduced capacity due to NODO_11 Intrinsic fault
pipeline ARCO_21 has reduced capacity due to NODO_11 Intrinsic fault
pipeline ARCO_22 has reduced capacity due to NODO_11 Intrinsic fault
pipeline ARCO_73 has reduced capacity due to NODO_11 Intrinsic fault
Inject Heavy Fault To Sources
Inject Attack Multiple To Source
Inject Intrinsic Fault To Pipeline
Inject Heavy Fault To Pipeline
Inject Attack To Pipeline
----------- Statistics ------------
	Sources Under Attack: 0
	Sources with Heavy Fault: 0
	Sources with Intrinsic Fault: 1
	Arcs with reduce capacity due to Attack: 0
	Arcs with reduce capacity due to Heavy Fault: 0
	Arcs with reduce capacity due to Intrinsic Fault: 9
	Arcs with Attacks: 0
	Arcs with Heavy Fault: 0
	Arcs with Intrinsic Fault: 0
--------- SOURCES STATISTICS ---------------
Demand del real Source[0]: -31.0, flusso erogato: 8.729999999999993, flusso entrante: 0.0, efficienza: 28.161290322580623 %
Demand del real Source[8]: -10.5, flusso erogato: 3.8600000000000003, flusso entrante: 0.0, efficienza: 36.76190476190476 %
Demand del real Source[9]: -7.1, flusso erogato: 13.409999999999997, flusso entrante: 7.73, efficienza: 188.87323943661968 %
Demand del real Source[17]: -25.0, flusso erogato: 25.000000000000007, flusso entrante: 0.0, efficienza: 100.00000000000003 %
Flusso totale entrante nei Real Source: 7.73
Flusso totale uscente dai Real Source: 51.0
Flusso netto sui real Source: -43.269999999999996
--- SINKS STATISTICS ---
Sink 3 SODDISFATTO. Flusso netto: 3.4299999999999997, Demand: 3.43, percentage: 99.99999999999999
Sink 4 SODDISFATTO. Flusso netto: 0.5700000000000003, Demand: 0.57, percentage: 100.00000000000007
Sink 5 SODDISFATTO. Flusso netto: 0.6600000000000001, Demand: 0.66, percentage: 100.00000000000003
Sink 11 SODDISFATTO. Flusso netto: 1.03, Demand: 1.03, percentage: 100.0
Sink 15 SODDISFATTO. Flusso netto: 0.4600000000000044, Demand: 0.46, percentage: 100.00000000000095
Sink 16 SODDISFATTO. Flusso netto: 8.399999999999993, Demand: 8.4, percentage: 99.99999999999991
Sink 19 SODDISFATTO. Flusso netto: 0.5399999999999938, Demand: 0.54, percentage: 99.99999999999885
Sink 23 SODDISFATTO. Flusso netto: 0.5999999999999996, Demand: 0.6, percentage: 99.99999999999994
Sink 24 SODDISFATTO. Flusso netto: 0.8000000000000007, Demand: 0.8, percentage: 100.00000000000009
Sink 25 SODDISFATTO. Flusso netto: 3.5, Demand: 3.5, percentage: 100.0
Sink 26 SODDISFATTO. Flusso netto: 6.000000000000007, Demand: 6.0, percentage: 100.00000000000011
Sink 28 SODDISFATTO. Flusso netto: 0.4, Demand: 0.4, percentage: 100.0
Sink 30 SODDISFATTO. Flusso netto: 0.9799999999999933, Demand: 0.98, percentage: 99.99999999999932
Sink 31 SODDISFATTO. Flusso netto: 0.3999999999999999, Demand: 0.4, percentage: 99.99999999999997
Sink 32 SODDISFATTO. Flusso netto: 0.9999999999999989, Demand: 1.0, percentage: 99.99999999999989
Sink 34 SODDISFATTO. Flusso netto: 1.7400000000000002, Demand: 1.74, percentage: 100.00000000000003
Sink 35 SODDISFATTO. Flusso netto: 1.3, Demand: 1.3, percentage: 100.0
Sink 37 SODDISFATTO. Flusso netto: 1.0, Demand: 1.0, percentage: 100.0
Sink 39 SODDISFATTO. Flusso netto: 0.40000000000000036, Demand: 0.4, percentage: 100.00000000000009
Sink 40 SODDISFATTO. Flusso netto: 0.5, Demand: 0.5, percentage: 100.0
Sink 41 SODDISFATTO. Flusso netto: 1.0600000000000005, Demand: 1.06, percentage: 100.00000000000004
Sink 42 SODDISFATTO. Flusso netto: 2.819999999999999, Demand: 2.82, percentage: 99.99999999999997
Sink 45 SODDISFATTO. Flusso netto: 0.6800000000000002, Demand: 0.68, percentage: 100.00000000000003
Sink 46 SODDISFATTO. Flusso netto: 1.17, Demand: 1.17, percentage: 100.0
Sink 49 non è soddisfatto. Flusso netto: 3.83, Demand: 7.0, percentage: 54.714285714285715
Flusso totale entrante nei SINK: 85.282
Flusso totale uscente nei SINK: 42.01200000000001
Flusso totale netto nei SINK: 43.26999999999999
Total DEMAND dei SINK: 46.44
Percentual di flusso ai SINK: 0.9317398794142978
Numero di Sink soddisfatti: 24.0, numero totale di sink: 25.0
Percentuale di Sink soddisfatti: 0.96

---------------------------------- DAY 89

Update Fixed Elements from Intrinsic Faults
Update Fixed Elements from Heavy Faults
Update Fixed Elements from Attack
Propagate Intrinsic Fault
Node NODO_11 has still failing due to Intrinsic Fault
pipeline ARCO_3 still has reduced capacity: 9.688 due to Intrinsic Fault
pipeline ARCO_90 still has reduced capacity: 1.6 due to Intrinsic Fault
pipeline ARCO_91 still has reduced capacity: 9.688 due to Intrinsic Fault
pipeline ARCO_92 still has reduced capacity: 39.328 due to Intrinsic Fault
pipeline V_EDGE_53_9 still has reduced capacity: 5.68 due to Intrinsic Fault
pipeline ARCO_20 still has reduced capacity: 1.6 due to Intrinsic Fault
pipeline ARCO_21 still has reduced capacity: 9.688 due to Intrinsic Fault
pipeline ARCO_22 still has reduced capacity: 39.328 due to Intrinsic Fault
pipeline ARCO_73 still has reduced capacity: 9.688 due to Intrinsic Fault
Propagate Heavy Faults
Propagate Attacks
Inject Intrinsic Failure To Source
Source NODO_10 is failing for an Intrinsic Fault in day: 89
pipeline ARCO_17 has reduced capacity due to NODO_10 Intrinsic fault
pipeline ARCO_88 has reduced capacity due to NODO_10 Intrinsic fault
pipeline ARCO_89 has reduced capacity due to NODO_10 Intrinsic fault
pipeline V_EDGE_53_8 has reduced capacity due to NODO_10 Intrinsic fault
pipeline ARCO_18 has reduced capacity due to NODO_10 Intrinsic fault
pipeline ARCO_19 has reduced capacity due to NODO_10 Intrinsic fault
pipeline ARCO_87 has reduced capacity due to NODO_10 Intrinsic fault
Inject Heavy Fault To Sources
Inject Attack Multiple To Source
Inject Intrinsic Fault To Pipeline
Inject Heavy Fault To Pipeline
Inject Attack To Pipeline
----------- Statistics ------------
	Sources Under Attack: 0
	Sources with Heavy Fault: 0
	Sources with Intrinsic Fault: 2
	Arcs with reduce capacity due to Attack: 0
	Arcs with reduce capacity due to Heavy Fault: 0
	Arcs with reduce capacity due to Intrinsic Fault: 16
	Arcs with Attacks: 0
	Arcs with Heavy Fault: 0
	Arcs with Intrinsic Fault: 0
--------- SOURCES STATISTICS ---------------
Demand del real Source[0]: -31.0, flusso erogato: 12.427999999999997, flusso entrante: 0.0, efficienza: 40.09032258064516 %
Demand del real Source[8]: -10.5, flusso erogato: 0.0, flusso entrante: 0.0, efficienza: 0.0 %
Demand del real Source[9]: -7.1, flusso erogato: 17.107999999999997, flusso entrante: 11.428000000000004, efficienza: 240.9577464788732 %
Demand del real Source[17]: -25.0, flusso erogato: 25.000000000000007, flusso entrante: 0.0, efficienza: 100.00000000000003 %
Flusso totale entrante nei Real Source: 11.428000000000004
Flusso totale uscente dai Real Source: 54.536
Flusso netto sui real Source: -43.108
--- SINKS STATISTICS ---
Sink 3 SODDISFATTO. Flusso netto: 3.4299999999999997, Demand: 3.43, percentage: 99.99999999999999
Sink 4 SODDISFATTO. Flusso netto: 0.5700000000000003, Demand: 0.57, percentage: 100.00000000000007
Sink 5 SODDISFATTO. Flusso netto: 0.660000000000001, Demand: 0.66, percentage: 100.00000000000016
Sink 11 SODDISFATTO. Flusso netto: 1.0300000000000011, Demand: 1.03, percentage: 100.00000000000011
Sink 15 SODDISFATTO. Flusso netto: 0.4600000000000044, Demand: 0.46, percentage: 100.00000000000095
Sink 16 SODDISFATTO. Flusso netto: 8.399999999999993, Demand: 8.4, percentage: 99.99999999999991
Sink 19 SODDISFATTO. Flusso netto: 0.5399999999999938, Demand: 0.54, percentage: 99.99999999999885
Sink 23 SODDISFATTO. Flusso netto: 0.5999999999999996, Demand: 0.6, percentage: 99.99999999999994
Sink 24 SODDISFATTO. Flusso netto: 0.8000000000000007, Demand: 0.8, percentage: 100.00000000000009
Sink 25 SODDISFATTO. Flusso netto: 3.5, Demand: 3.5, percentage: 100.0
Sink 26 SODDISFATTO. Flusso netto: 6.000000000000007, Demand: 6.0, percentage: 100.00000000000011
Sink 28 SODDISFATTO. Flusso netto: 0.4, Demand: 0.4, percentage: 100.0
Sink 30 SODDISFATTO. Flusso netto: 0.9799999999999933, Demand: 0.98, percentage: 99.99999999999932
Sink 31 SODDISFATTO. Flusso netto: 0.3999999999999999, Demand: 0.4, percentage: 99.99999999999997
Sink 32 SODDISFATTO. Flusso netto: 0.9999999999999989, Demand: 1.0, percentage: 99.99999999999989
Sink 34 SODDISFATTO. Flusso netto: 1.7400000000000002, Demand: 1.74, percentage: 100.00000000000003
Sink 35 SODDISFATTO. Flusso netto: 1.3, Demand: 1.3, percentage: 100.0
Sink 37 SODDISFATTO. Flusso netto: 1.0, Demand: 1.0, percentage: 100.0
Sink 39 SODDISFATTO. Flusso netto: 0.40000000000000036, Demand: 0.4, percentage: 100.00000000000009
Sink 40 SODDISFATTO. Flusso netto: 0.5, Demand: 0.5, percentage: 100.0
Sink 41 SODDISFATTO. Flusso netto: 1.0600000000000005, Demand: 1.06, percentage: 100.00000000000004
Sink 42 SODDISFATTO. Flusso netto: 2.8199999999999994, Demand: 2.82, percentage: 99.99999999999999
Sink 45 SODDISFATTO. Flusso netto: 0.6800000000000002, Demand: 0.68, percentage: 100.00000000000003
Sink 46 SODDISFATTO. Flusso netto: 1.17, Demand: 1.17, percentage: 100.0
Sink 49 non è soddisfatto. Flusso netto: 3.6679999999999993, Demand: 7.0, percentage: 52.39999999999999
Flusso totale entrante nei SINK: 91.75200000000001
Flusso totale uscente nei SINK: 48.64400000000001
Flusso totale netto nei SINK: 43.108
Total DEMAND dei SINK: 46.44
Percentual di flusso ai SINK: 0.9282515073212747
Numero di Sink soddisfatti: 24.0, numero totale di sink: 25.0
Percentuale di Sink soddisfatti: 0.96

---------------------------------- DAY 90

Update Fixed Elements from Intrinsic Faults
Update Fixed Elements from Heavy Faults
Update Fixed Elements from Attack
Propagate Intrinsic Fault
Node NODO_11 has still failing due to Intrinsic Fault
Node NODO_10 has still failing due to Intrinsic Fault
pipeline ARCO_3 still has reduced capacity: 9.688 due to Intrinsic Fault
pipeline ARCO_90 still has reduced capacity: 1.6 due to Intrinsic Fault
pipeline ARCO_91 still has reduced capacity: 9.688 due to Intrinsic Fault
pipeline ARCO_92 still has reduced capacity: 39.328 due to Intrinsic Fault
pipeline V_EDGE_53_9 still has reduced capacity: 5.68 due to Intrinsic Fault
pipeline ARCO_20 still has reduced capacity: 1.6 due to Intrinsic Fault
pipeline ARCO_21 still has reduced capacity: 9.688 due to Intrinsic Fault
pipeline ARCO_22 still has reduced capacity: 39.328 due to Intrinsic Fault
pipeline ARCO_73 still has reduced capacity: 9.688 due to Intrinsic Fault
pipeline ARCO_17 still has reduced capacity: 0.0 due to Intrinsic Fault
pipeline ARCO_88 still has reduced capacity: 0.0 due to Intrinsic Fault
pipeline ARCO_89 still has reduced capacity: 0.0 due to Intrinsic Fault
pipeline V_EDGE_53_8 still has reduced capacity: 0.0 due to Intrinsic Fault
pipeline ARCO_18 still has reduced capacity: 0.0 due to Intrinsic Fault
pipeline ARCO_19 still has reduced capacity: 0.0 due to Intrinsic Fault
pipeline ARCO_87 still has reduced capacity: 0.0 due to Intrinsic Fault
Propagate Heavy Faults
Propagate Attacks
Inject Intrinsic Failure To Source
Inject Heavy Fault To Sources
Inject Attack Multiple To Source
Inject Intrinsic Fault To Pipeline
Inject Heavy Fault To Pipeline
Inject Attack To Pipeline
----------- Statistics ------------
	Sources Under Attack: 0
	Sources with Heavy Fault: 0
	Sources with Intrinsic Fault: 2
	Arcs with reduce capacity due to Attack: 0
	Arcs with reduce capacity due to Heavy Fault: 0
	Arcs with reduce capacity due to Intrinsic Fault: 16
	Arcs with Attacks: 0
	Arcs with Heavy Fault: 0
	Arcs with Intrinsic Fault: 0
--------- SOURCES STATISTICS ---------------
Demand del real Source[0]: -31.0, flusso erogato: 12.427999999999997, flusso entrante: 0.0, efficienza: 40.09032258064516 %
Demand del real Source[8]: -10.5, flusso erogato: 0.0, flusso entrante: 0.0, efficienza: 0.0 %
Demand del real Source[9]: -7.1, flusso erogato: 17.107999999999997, flusso entrante: 11.428000000000004, efficienza: 240.9577464788732 %
Demand del real Source[17]: -25.0, flusso erogato: 25.000000000000007, flusso entrante: 0.0, efficienza: 100.00000000000003 %
Flusso totale entrante nei Real Source: 11.428000000000004
Flusso totale uscente dai Real Source: 54.536
Flusso netto sui real Source: -43.108
--- SINKS STATISTICS ---
Sink 3 SODDISFATTO. Flusso netto: 3.4299999999999997, Demand: 3.43, percentage: 99.99999999999999
Sink 4 SODDISFATTO. Flusso netto: 0.5700000000000003, Demand: 0.57, percentage: 100.00000000000007
Sink 5 SODDISFATTO. Flusso netto: 0.660000000000001, Demand: 0.66, percentage: 100.00000000000016
Sink 11 SODDISFATTO. Flusso netto: 1.0300000000000011, Demand: 1.03, percentage: 100.00000000000011
Sink 15 SODDISFATTO. Flusso netto: 0.4600000000000044, Demand: 0.46, percentage: 100.00000000000095
Sink 16 SODDISFATTO. Flusso netto: 8.399999999999993, Demand: 8.4, percentage: 99.99999999999991
Sink 19 SODDISFATTO. Flusso netto: 0.5399999999999938, Demand: 0.54, percentage: 99.99999999999885
Sink 23 SODDISFATTO. Flusso netto: 0.5999999999999996, Demand: 0.6, percentage: 99.99999999999994
Sink 24 SODDISFATTO. Flusso netto: 0.8000000000000007, Demand: 0.8, percentage: 100.00000000000009
Sink 25 SODDISFATTO. Flusso netto: 3.5, Demand: 3.5, percentage: 100.0
Sink 26 SODDISFATTO. Flusso netto: 6.000000000000007, Demand: 6.0, percentage: 100.00000000000011
Sink 28 SODDISFATTO. Flusso netto: 0.4, Demand: 0.4, percentage: 100.0
Sink 30 SODDISFATTO. Flusso netto: 0.9799999999999933, Demand: 0.98, percentage: 99.99999999999932
Sink 31 SODDISFATTO. Flusso netto: 0.3999999999999999, Demand: 0.4, percentage: 99.99999999999997
Sink 32 SODDISFATTO. Flusso netto: 0.9999999999999989, Demand: 1.0, percentage: 99.99999999999989
Sink 34 SODDISFATTO. Flusso netto: 1.7400000000000002, Demand: 1.74, percentage: 100.00000000000003
Sink 35 SODDISFATTO. Flusso netto: 1.3, Demand: 1.3, percentage: 100.0
Sink 37 SODDISFATTO. Flusso netto: 1.0, Demand: 1.0, percentage: 100.0
Sink 39 SODDISFATTO. Flusso netto: 0.40000000000000036, Demand: 0.4, percentage: 100.00000000000009
Sink 40 SODDISFATTO. Flusso netto: 0.5, Demand: 0.5, percentage: 100.0
Sink 41 SODDISFATTO. Flusso netto: 1.0600000000000005, Demand: 1.06, percentage: 100.00000000000004
Sink 42 SODDISFATTO. Flusso netto: 2.8199999999999994, Demand: 2.82, percentage: 99.99999999999999
Sink 45 SODDISFATTO. Flusso netto: 0.6800000000000002, Demand: 0.68, percentage: 100.00000000000003
Sink 46 SODDISFATTO. Flusso netto: 1.17, Demand: 1.17, percentage: 100.0
Sink 49 non è soddisfatto. Flusso netto: 3.6679999999999993, Demand: 7.0, percentage: 52.39999999999999
Flusso totale entrante nei SINK: 91.75200000000001
Flusso totale uscente nei SINK: 48.64400000000001
Flusso totale netto nei SINK: 43.108
Total DEMAND dei SINK: 46.44
Percentual di flusso ai SINK: 0.9282515073212747
Numero di Sink soddisfatti: 24.0, numero totale di sink: 25.0
Percentuale di Sink soddisfatti: 0.96

---------------------------------- DAY 91

Update Fixed Elements from Intrinsic Faults
Source NODO_11 fixed from Intrinsic Fault
Pipeline ARCO_3 fixed due to Source NODO_11 fixing from Intrinsic Fault
Pipeline ARCO_90 fixed due to Source NODO_11 fixing from Intrinsic Fault
Pipeline ARCO_91 fixed due to Source NODO_11 fixing from Intrinsic Fault
Pipeline ARCO_92 fixed due to Source NODO_11 fixing from Intrinsic Fault
Pipeline V_EDGE_53_9 fixed due to Source NODO_11 fixing from Intrinsic Fault
Pipeline ARCO_20 fixed due to Source NODO_11 fixing from Intrinsic Fault
Pipeline ARCO_21 fixed due to Source NODO_11 fixing from Intrinsic Fault
Pipeline ARCO_22 fixed due to Source NODO_11 fixing from Intrinsic Fault
Pipeline ARCO_73 fixed due to Source NODO_11 fixing from Intrinsic Fault
Update Fixed Elements from Heavy Faults
Update Fixed Elements from Attack
Propagate Intrinsic Fault
Node NODO_10 has still failing due to Intrinsic Fault
pipeline ARCO_17 still has reduced capacity: 0.0 due to Intrinsic Fault
pipeline ARCO_88 still has reduced capacity: 0.0 due to Intrinsic Fault
pipeline ARCO_89 still has reduced capacity: 0.0 due to Intrinsic Fault
pipeline V_EDGE_53_8 still has reduced capacity: 0.0 due to Intrinsic Fault
pipeline ARCO_18 still has reduced capacity: 0.0 due to Intrinsic Fault
pipeline ARCO_19 still has reduced capacity: 0.0 due to Intrinsic Fault
pipeline ARCO_87 still has reduced capacity: 0.0 due to Intrinsic Fault
Propagate Heavy Faults
Propagate Attacks
Inject Intrinsic Failure To Source
Inject Heavy Fault To Sources
Inject Attack Multiple To Source
Inject Intrinsic Fault To Pipeline
Inject Heavy Fault To Pipeline
Inject Attack To Pipeline
----------- Statistics ------------
	Sources Under Attack: 0
	Sources with Heavy Fault: 0
	Sources with Intrinsic Fault: 1
	Arcs with reduce capacity due to Attack: 0
	Arcs with reduce capacity due to Heavy Fault: 0
	Arcs with reduce capacity due to Intrinsic Fault: 7
	Arcs with Attacks: 0
	Arcs with Heavy Fault: 0
	Arcs with Intrinsic Fault: 0
--------- SOURCES STATISTICS ---------------
Demand del real Source[0]: -31.0, flusso erogato: 11.159999999999997, flusso entrante: 0.0, efficienza: 35.999999999999986 %
Demand del real Source[8]: -10.5, flusso erogato: 0.0, flusso entrante: 0.0, efficienza: 0.0 %
Demand del real Source[9]: -7.1, flusso erogato: 17.259999999999998, flusso entrante: 10.159999999999997, efficienza: 243.09859154929575 %
Demand del real Source[17]: -25.0, flusso erogato: 25.000000000000007, flusso entrante: 0.0, efficienza: 100.00000000000003 %
Flusso totale entrante nei Real Source: 10.159999999999997
Flusso totale uscente dai Real Source: 53.42
Flusso netto sui real Source: -43.260000000000005
--- SINKS STATISTICS ---
Sink 3 SODDISFATTO. Flusso netto: 3.429999999999999, Demand: 3.43, percentage: 99.99999999999997
Sink 4 SODDISFATTO. Flusso netto: 0.5700000000000003, Demand: 0.57, percentage: 100.00000000000007
Sink 5 SODDISFATTO. Flusso netto: 0.6599999999999993, Demand: 0.66, percentage: 99.99999999999987
Sink 11 SODDISFATTO. Flusso netto: 1.0300000000000011, Demand: 1.03, percentage: 100.00000000000011
Sink 15 SODDISFATTO. Flusso netto: 0.4600000000000044, Demand: 0.46, percentage: 100.00000000000095
Sink 16 SODDISFATTO. Flusso netto: 8.399999999999993, Demand: 8.4, percentage: 99.99999999999991
Sink 19 SODDISFATTO. Flusso netto: 0.5399999999999938, Demand: 0.54, percentage: 99.99999999999885
Sink 23 SODDISFATTO. Flusso netto: 0.5999999999999996, Demand: 0.6, percentage: 99.99999999999994
Sink 24 SODDISFATTO. Flusso netto: 0.8000000000000007, Demand: 0.8, percentage: 100.00000000000009
Sink 25 SODDISFATTO. Flusso netto: 3.5, Demand: 3.5, percentage: 100.0
Sink 26 SODDISFATTO. Flusso netto: 6.000000000000007, Demand: 6.0, percentage: 100.00000000000011
Sink 28 SODDISFATTO. Flusso netto: 0.4, Demand: 0.4, percentage: 100.0
Sink 30 SODDISFATTO. Flusso netto: 0.9799999999999933, Demand: 0.98, percentage: 99.99999999999932
Sink 31 SODDISFATTO. Flusso netto: 0.3999999999999999, Demand: 0.4, percentage: 99.99999999999997
Sink 32 SODDISFATTO. Flusso netto: 0.9999999999999989, Demand: 1.0, percentage: 99.99999999999989
Sink 34 SODDISFATTO. Flusso netto: 1.7400000000000002, Demand: 1.74, percentage: 100.00000000000003
Sink 35 SODDISFATTO. Flusso netto: 1.3, Demand: 1.3, percentage: 100.0
Sink 37 SODDISFATTO. Flusso netto: 1.0, Demand: 1.0, percentage: 100.0
Sink 39 SODDISFATTO. Flusso netto: 0.40000000000000036, Demand: 0.4, percentage: 100.00000000000009
Sink 40 SODDISFATTO. Flusso netto: 0.5, Demand: 0.5, percentage: 100.0
Sink 41 SODDISFATTO. Flusso netto: 1.0599999999999996, Demand: 1.06, percentage: 99.99999999999996
Sink 42 SODDISFATTO. Flusso netto: 2.820000000000001, Demand: 2.82, percentage: 100.00000000000004
Sink 45 SODDISFATTO. Flusso netto: 0.6800000000000002, Demand: 0.68, percentage: 100.00000000000003
Sink 46 SODDISFATTO. Flusso netto: 1.17, Demand: 1.17, percentage: 100.0
Sink 49 non è soddisfatto. Flusso netto: 3.8200000000000003, Demand: 7.0, percentage: 54.57142857142857
Flusso totale entrante nei SINK: 88.47
Flusso totale uscente nei SINK: 45.21000000000001
Flusso totale netto nei SINK: 43.25999999999999
Total DEMAND dei SINK: 46.44
Percentual di flusso ai SINK: 0.9315245478036174
Numero di Sink soddisfatti: 24.0, numero totale di sink: 25.0
Percentuale di Sink soddisfatti: 0.96

---------------------------------- DAY 92

Update Fixed Elements from Intrinsic Faults
Update Fixed Elements from Heavy Faults
Update Fixed Elements from Attack
Propagate Intrinsic Fault
Node NODO_10 has still failing due to Intrinsic Fault
pipeline ARCO_17 still has reduced capacity: 0.0 due to Intrinsic Fault
pipeline ARCO_88 still has reduced capacity: 0.0 due to Intrinsic Fault
pipeline ARCO_89 still has reduced capacity: 0.0 due to Intrinsic Fault
pipeline V_EDGE_53_8 still has reduced capacity: 0.0 due to Intrinsic Fault
pipeline ARCO_18 still has reduced capacity: 0.0 due to Intrinsic Fault
pipeline ARCO_19 still has reduced capacity: 0.0 due to Intrinsic Fault
pipeline ARCO_87 still has reduced capacity: 0.0 due to Intrinsic Fault
Propagate Heavy Faults
Propagate Attacks
Inject Intrinsic Failure To Source
Source NODO_11 is failing for an Intrinsic Fault in day: 92
pipeline ARCO_3 has reduced capacity due to NODO_11 Intrinsic fault
pipeline ARCO_90 has reduced capacity due to NODO_11 Intrinsic fault
pipeline ARCO_91 has reduced capacity due to NODO_11 Intrinsic fault
pipeline ARCO_92 has reduced capacity due to NODO_11 Intrinsic fault
pipeline V_EDGE_53_9 has reduced capacity due to NODO_11 Intrinsic fault
pipeline ARCO_20 has reduced capacity due to NODO_11 Intrinsic fault
pipeline ARCO_21 has reduced capacity due to NODO_11 Intrinsic fault
pipeline ARCO_22 has reduced capacity due to NODO_11 Intrinsic fault
pipeline ARCO_73 has reduced capacity due to NODO_11 Intrinsic fault
Inject Heavy Fault To Sources
Inject Attack Multiple To Source
Inject Intrinsic Fault To Pipeline
Inject Heavy Fault To Pipeline
Inject Attack To Pipeline
----------- Statistics ------------
	Sources Under Attack: 0
	Sources with Heavy Fault: 0
	Sources with Intrinsic Fault: 2
	Arcs with reduce capacity due to Attack: 0
	Arcs with reduce capacity due to Heavy Fault: 0
	Arcs with reduce capacity due to Intrinsic Fault: 16
	Arcs with Attacks: 0
	Arcs with Heavy Fault: 0
	Arcs with Intrinsic Fault: 0
--------- SOURCES STATISTICS ---------------
Demand del real Source[0]: -31.0, flusso erogato: 12.427999999999997, flusso entrante: 0.0, efficienza: 40.09032258064516 %
Demand del real Source[8]: -10.5, flusso erogato: 0.0, flusso entrante: 0.0, efficienza: 0.0 %
Demand del real Source[9]: -7.1, flusso erogato: 17.107999999999997, flusso entrante: 11.428000000000004, efficienza: 240.9577464788732 %
Demand del real Source[17]: -25.0, flusso erogato: 25.000000000000007, flusso entrante: 0.0, efficienza: 100.00000000000003 %
Flusso totale entrante nei Real Source: 11.428000000000004
Flusso totale uscente dai Real Source: 54.536
Flusso netto sui real Source: -43.108
--- SINKS STATISTICS ---
Sink 3 SODDISFATTO. Flusso netto: 3.4299999999999997, Demand: 3.43, percentage: 99.99999999999999
Sink 4 SODDISFATTO. Flusso netto: 0.5700000000000003, Demand: 0.57, percentage: 100.00000000000007
Sink 5 SODDISFATTO. Flusso netto: 0.660000000000001, Demand: 0.66, percentage: 100.00000000000016
Sink 11 SODDISFATTO. Flusso netto: 1.0300000000000011, Demand: 1.03, percentage: 100.00000000000011
Sink 15 SODDISFATTO. Flusso netto: 0.4600000000000044, Demand: 0.46, percentage: 100.00000000000095
Sink 16 SODDISFATTO. Flusso netto: 8.399999999999993, Demand: 8.4, percentage: 99.99999999999991
Sink 19 SODDISFATTO. Flusso netto: 0.5399999999999938, Demand: 0.54, percentage: 99.99999999999885
Sink 23 SODDISFATTO. Flusso netto: 0.5999999999999996, Demand: 0.6, percentage: 99.99999999999994
Sink 24 SODDISFATTO. Flusso netto: 0.8000000000000007, Demand: 0.8, percentage: 100.00000000000009
Sink 25 SODDISFATTO. Flusso netto: 3.5, Demand: 3.5, percentage: 100.0
Sink 26 SODDISFATTO. Flusso netto: 6.000000000000007, Demand: 6.0, percentage: 100.00000000000011
Sink 28 SODDISFATTO. Flusso netto: 0.4, Demand: 0.4, percentage: 100.0
Sink 30 SODDISFATTO. Flusso netto: 0.9799999999999933, Demand: 0.98, percentage: 99.99999999999932
Sink 31 SODDISFATTO. Flusso netto: 0.3999999999999999, Demand: 0.4, percentage: 99.99999999999997
Sink 32 SODDISFATTO. Flusso netto: 0.9999999999999989, Demand: 1.0, percentage: 99.99999999999989
Sink 34 SODDISFATTO. Flusso netto: 1.7400000000000002, Demand: 1.74, percentage: 100.00000000000003
Sink 35 SODDISFATTO. Flusso netto: 1.3, Demand: 1.3, percentage: 100.0
Sink 37 SODDISFATTO. Flusso netto: 1.0, Demand: 1.0, percentage: 100.0
Sink 39 SODDISFATTO. Flusso netto: 0.40000000000000036, Demand: 0.4, percentage: 100.00000000000009
Sink 40 SODDISFATTO. Flusso netto: 0.5, Demand: 0.5, percentage: 100.0
Sink 41 SODDISFATTO. Flusso netto: 1.0600000000000005, Demand: 1.06, percentage: 100.00000000000004
Sink 42 SODDISFATTO. Flusso netto: 2.8199999999999994, Demand: 2.82, percentage: 99.99999999999999
Sink 45 SODDISFATTO. Flusso netto: 0.6800000000000002, Demand: 0.68, percentage: 100.00000000000003
Sink 46 SODDISFATTO. Flusso netto: 1.17, Demand: 1.17, percentage: 100.0
Sink 49 non è soddisfatto. Flusso netto: 3.6679999999999993, Demand: 7.0, percentage: 52.39999999999999
Flusso totale entrante nei SINK: 91.75200000000001
Flusso totale uscente nei SINK: 48.64400000000001
Flusso totale netto nei SINK: 43.108
Total DEMAND dei SINK: 46.44
Percentual di flusso ai SINK: 0.9282515073212747
Numero di Sink soddisfatti: 24.0, numero totale di sink: 25.0
Percentuale di Sink soddisfatti: 0.96

---------------------------------- DAY 93

Update Fixed Elements from Intrinsic Faults
Update Fixed Elements from Heavy Faults
Update Fixed Elements from Attack
Propagate Intrinsic Fault
Node NODO_10 has still failing due to Intrinsic Fault
Node NODO_11 has still failing due to Intrinsic Fault
pipeline ARCO_17 still has reduced capacity: 0.0 due to Intrinsic Fault
pipeline ARCO_88 still has reduced capacity: 0.0 due to Intrinsic Fault
pipeline ARCO_89 still has reduced capacity: 0.0 due to Intrinsic Fault
pipeline V_EDGE_53_8 still has reduced capacity: 0.0 due to Intrinsic Fault
pipeline ARCO_18 still has reduced capacity: 0.0 due to Intrinsic Fault
pipeline ARCO_19 still has reduced capacity: 0.0 due to Intrinsic Fault
pipeline ARCO_87 still has reduced capacity: 0.0 due to Intrinsic Fault
pipeline ARCO_3 still has reduced capacity: 9.688 due to Intrinsic Fault
pipeline ARCO_90 still has reduced capacity: 1.6 due to Intrinsic Fault
pipeline ARCO_91 still has reduced capacity: 9.688 due to Intrinsic Fault
pipeline ARCO_92 still has reduced capacity: 39.328 due to Intrinsic Fault
pipeline V_EDGE_53_9 still has reduced capacity: 5.68 due to Intrinsic Fault
pipeline ARCO_20 still has reduced capacity: 1.6 due to Intrinsic Fault
pipeline ARCO_21 still has reduced capacity: 9.688 due to Intrinsic Fault
pipeline ARCO_22 still has reduced capacity: 39.328 due to Intrinsic Fault
pipeline ARCO_73 still has reduced capacity: 9.688 due to Intrinsic Fault
Propagate Heavy Faults
Propagate Attacks
Inject Intrinsic Failure To Source
Inject Heavy Fault To Sources
Inject Attack Multiple To Source
Inject Intrinsic Fault To Pipeline
Inject Heavy Fault To Pipeline
Inject Attack To Pipeline
----------- Statistics ------------
	Sources Under Attack: 0
	Sources with Heavy Fault: 0
	Sources with Intrinsic Fault: 2
	Arcs with reduce capacity due to Attack: 0
	Arcs with reduce capacity due to Heavy Fault: 0
	Arcs with reduce capacity due to Intrinsic Fault: 16
	Arcs with Attacks: 0
	Arcs with Heavy Fault: 0
	Arcs with Intrinsic Fault: 0
--------- SOURCES STATISTICS ---------------
Demand del real Source[0]: -31.0, flusso erogato: 12.427999999999997, flusso entrante: 0.0, efficienza: 40.09032258064516 %
Demand del real Source[8]: -10.5, flusso erogato: 0.0, flusso entrante: 0.0, efficienza: 0.0 %
Demand del real Source[9]: -7.1, flusso erogato: 17.107999999999997, flusso entrante: 11.428000000000004, efficienza: 240.9577464788732 %
Demand del real Source[17]: -25.0, flusso erogato: 25.000000000000007, flusso entrante: 0.0, efficienza: 100.00000000000003 %
Flusso totale entrante nei Real Source: 11.428000000000004
Flusso totale uscente dai Real Source: 54.536
Flusso netto sui real Source: -43.108
--- SINKS STATISTICS ---
Sink 3 SODDISFATTO. Flusso netto: 3.4299999999999997, Demand: 3.43, percentage: 99.99999999999999
Sink 4 SODDISFATTO. Flusso netto: 0.5700000000000003, Demand: 0.57, percentage: 100.00000000000007
Sink 5 SODDISFATTO. Flusso netto: 0.660000000000001, Demand: 0.66, percentage: 100.00000000000016
Sink 11 SODDISFATTO. Flusso netto: 1.0300000000000011, Demand: 1.03, percentage: 100.00000000000011
Sink 15 SODDISFATTO. Flusso netto: 0.4600000000000044, Demand: 0.46, percentage: 100.00000000000095
Sink 16 SODDISFATTO. Flusso netto: 8.399999999999993, Demand: 8.4, percentage: 99.99999999999991
Sink 19 SODDISFATTO. Flusso netto: 0.5399999999999938, Demand: 0.54, percentage: 99.99999999999885
Sink 23 SODDISFATTO. Flusso netto: 0.5999999999999996, Demand: 0.6, percentage: 99.99999999999994
Sink 24 SODDISFATTO. Flusso netto: 0.8000000000000007, Demand: 0.8, percentage: 100.00000000000009
Sink 25 SODDISFATTO. Flusso netto: 3.5, Demand: 3.5, percentage: 100.0
Sink 26 SODDISFATTO. Flusso netto: 6.000000000000007, Demand: 6.0, percentage: 100.00000000000011
Sink 28 SODDISFATTO. Flusso netto: 0.4, Demand: 0.4, percentage: 100.0
Sink 30 SODDISFATTO. Flusso netto: 0.9799999999999933, Demand: 0.98, percentage: 99.99999999999932
Sink 31 SODDISFATTO. Flusso netto: 0.3999999999999999, Demand: 0.4, percentage: 99.99999999999997
Sink 32 SODDISFATTO. Flusso netto: 0.9999999999999989, Demand: 1.0, percentage: 99.99999999999989
Sink 34 SODDISFATTO. Flusso netto: 1.7400000000000002, Demand: 1.74, percentage: 100.00000000000003
Sink 35 SODDISFATTO. Flusso netto: 1.3, Demand: 1.3, percentage: 100.0
Sink 37 SODDISFATTO. Flusso netto: 1.0, Demand: 1.0, percentage: 100.0
Sink 39 SODDISFATTO. Flusso netto: 0.40000000000000036, Demand: 0.4, percentage: 100.00000000000009
Sink 40 SODDISFATTO. Flusso netto: 0.5, Demand: 0.5, percentage: 100.0
Sink 41 SODDISFATTO. Flusso netto: 1.0600000000000005, Demand: 1.06, percentage: 100.00000000000004
Sink 42 SODDISFATTO. Flusso netto: 2.8199999999999994, Demand: 2.82, percentage: 99.99999999999999
Sink 45 SODDISFATTO. Flusso netto: 0.6800000000000002, Demand: 0.68, percentage: 100.00000000000003
Sink 46 SODDISFATTO. Flusso netto: 1.17, Demand: 1.17, percentage: 100.0
Sink 49 non è soddisfatto. Flusso netto: 3.6679999999999993, Demand: 7.0, percentage: 52.39999999999999
Flusso totale entrante nei SINK: 91.75200000000001
Flusso totale uscente nei SINK: 48.64400000000001
Flusso totale netto nei SINK: 43.108
Total DEMAND dei SINK: 46.44
Percentual di flusso ai SINK: 0.9282515073212747
Numero di Sink soddisfatti: 24.0, numero totale di sink: 25.0
Percentuale di Sink soddisfatti: 0.96

---------------------------------- DAY 94

Update Fixed Elements from Intrinsic Faults
Source NODO_10 fixed from Intrinsic Fault
Pipeline ARCO_17 fixed due to Source NODO_10 fixing from Intrinsic Fault
Pipeline ARCO_88 fixed due to Source NODO_10 fixing from Intrinsic Fault
Pipeline ARCO_89 fixed due to Source NODO_10 fixing from Intrinsic Fault
Pipeline V_EDGE_53_8 fixed due to Source NODO_10 fixing from Intrinsic Fault
Pipeline ARCO_18 fixed due to Source NODO_10 fixing from Intrinsic Fault
Pipeline ARCO_19 fixed due to Source NODO_10 fixing from Intrinsic Fault
Pipeline ARCO_87 fixed due to Source NODO_10 fixing from Intrinsic Fault
Update Fixed Elements from Heavy Faults
Update Fixed Elements from Attack
Propagate Intrinsic Fault
Node NODO_11 has still failing due to Intrinsic Fault
pipeline ARCO_3 still has reduced capacity: 9.688 due to Intrinsic Fault
pipeline ARCO_90 still has reduced capacity: 1.6 due to Intrinsic Fault
pipeline ARCO_91 still has reduced capacity: 9.688 due to Intrinsic Fault
pipeline ARCO_92 still has reduced capacity: 39.328 due to Intrinsic Fault
pipeline V_EDGE_53_9 still has reduced capacity: 5.68 due to Intrinsic Fault
pipeline ARCO_20 still has reduced capacity: 1.6 due to Intrinsic Fault
pipeline ARCO_21 still has reduced capacity: 9.688 due to Intrinsic Fault
pipeline ARCO_22 still has reduced capacity: 39.328 due to Intrinsic Fault
pipeline ARCO_73 still has reduced capacity: 9.688 due to Intrinsic Fault
Propagate Heavy Faults
Propagate Attacks
Inject Intrinsic Failure To Source
Source NODO_11 is failing for an Intrinsic Fault in day: 94
pipeline ARCO_3 has reduced capacity due to NODO_11 Intrinsic fault
pipeline ARCO_90 has reduced capacity due to NODO_11 Intrinsic fault
pipeline ARCO_91 has reduced capacity due to NODO_11 Intrinsic fault
pipeline ARCO_92 has reduced capacity due to NODO_11 Intrinsic fault
pipeline V_EDGE_53_9 has reduced capacity due to NODO_11 Intrinsic fault
pipeline ARCO_20 has reduced capacity due to NODO_11 Intrinsic fault
pipeline ARCO_21 has reduced capacity due to NODO_11 Intrinsic fault
pipeline ARCO_22 has reduced capacity due to NODO_11 Intrinsic fault
pipeline ARCO_73 has reduced capacity due to NODO_11 Intrinsic fault
Inject Heavy Fault To Sources
Inject Attack Multiple To Source
Inject Intrinsic Fault To Pipeline
Inject Heavy Fault To Pipeline
Inject Attack To Pipeline
----------- Statistics ------------
	Sources Under Attack: 0
	Sources with Heavy Fault: 0
	Sources with Intrinsic Fault: 1
	Arcs with reduce capacity due to Attack: 0
	Arcs with reduce capacity due to Heavy Fault: 0
	Arcs with reduce capacity due to Intrinsic Fault: 9
	Arcs with Attacks: 0
	Arcs with Heavy Fault: 0
	Arcs with Intrinsic Fault: 0
--------- SOURCES STATISTICS ---------------
Demand del real Source[0]: -31.0, flusso erogato: 9.865999999999996, flusso entrante: 0.0, efficienza: 31.82580645161289 %
Demand del real Source[8]: -10.5, flusso erogato: 3.8600000000000003, flusso entrante: 0.0, efficienza: 36.76190476190476 %
Demand del real Source[9]: -7.1, flusso erogato: 13.41, flusso entrante: 8.865999999999996, efficienza: 188.87323943661974 %
Demand del real Source[17]: -25.0, flusso erogato: 25.000000000000007, flusso entrante: 0.0, efficienza: 100.00000000000003 %
Flusso totale entrante nei Real Source: 8.865999999999996
Flusso totale uscente dai Real Source: 52.136
Flusso netto sui real Source: -43.27000000000001
--- SINKS STATISTICS ---
Sink 3 SODDISFATTO. Flusso netto: 3.4300000000000006, Demand: 3.43, percentage: 100.00000000000003
Sink 4 SODDISFATTO. Flusso netto: 0.5700000000000003, Demand: 0.57, percentage: 100.00000000000007
Sink 5 SODDISFATTO. Flusso netto: 0.6600000000000001, Demand: 0.66, percentage: 100.00000000000003
Sink 11 SODDISFATTO. Flusso netto: 1.03, Demand: 1.03, percentage: 100.0
Sink 15 SODDISFATTO. Flusso netto: 0.4600000000000044, Demand: 0.46, percentage: 100.00000000000095
Sink 16 SODDISFATTO. Flusso netto: 8.399999999999993, Demand: 8.4, percentage: 99.99999999999991
Sink 19 SODDISFATTO. Flusso netto: 0.5399999999999938, Demand: 0.54, percentage: 99.99999999999885
Sink 23 SODDISFATTO. Flusso netto: 0.5999999999999996, Demand: 0.6, percentage: 99.99999999999994
Sink 24 SODDISFATTO. Flusso netto: 0.8000000000000007, Demand: 0.8, percentage: 100.00000000000009
Sink 25 SODDISFATTO. Flusso netto: 3.5, Demand: 3.5, percentage: 100.0
Sink 26 SODDISFATTO. Flusso netto: 6.000000000000007, Demand: 6.0, percentage: 100.00000000000011
Sink 28 SODDISFATTO. Flusso netto: 0.4, Demand: 0.4, percentage: 100.0
Sink 30 SODDISFATTO. Flusso netto: 0.9799999999999933, Demand: 0.98, percentage: 99.99999999999932
Sink 31 SODDISFATTO. Flusso netto: 0.3999999999999999, Demand: 0.4, percentage: 99.99999999999997
Sink 32 SODDISFATTO. Flusso netto: 0.9999999999999989, Demand: 1.0, percentage: 99.99999999999989
Sink 34 SODDISFATTO. Flusso netto: 1.7400000000000002, Demand: 1.74, percentage: 100.00000000000003
Sink 35 SODDISFATTO. Flusso netto: 1.3, Demand: 1.3, percentage: 100.0
Sink 37 SODDISFATTO. Flusso netto: 1.0, Demand: 1.0, percentage: 100.0
Sink 39 SODDISFATTO. Flusso netto: 0.40000000000000036, Demand: 0.4, percentage: 100.00000000000009
Sink 40 SODDISFATTO. Flusso netto: 0.5, Demand: 0.5, percentage: 100.0
Sink 41 SODDISFATTO. Flusso netto: 1.0600000000000005, Demand: 1.06, percentage: 100.00000000000004
Sink 42 SODDISFATTO. Flusso netto: 2.819999999999999, Demand: 2.82, percentage: 99.99999999999997
Sink 45 SODDISFATTO. Flusso netto: 0.6800000000000002, Demand: 0.68, percentage: 100.00000000000003
Sink 46 SODDISFATTO. Flusso netto: 1.17, Demand: 1.17, percentage: 100.0
Sink 49 non è soddisfatto. Flusso netto: 3.83, Demand: 7.0, percentage: 54.714285714285715
Flusso totale entrante nei SINK: 88.1092
Flusso totale uscente nei SINK: 44.839200000000005
Flusso totale netto nei SINK: 43.269999999999996
Total DEMAND dei SINK: 46.44
Percentual di flusso ai SINK: 0.931739879414298
Numero di Sink soddisfatti: 24.0, numero totale di sink: 25.0
Percentuale di Sink soddisfatti: 0.96

---------------------------------- DAY 95

Update Fixed Elements from Intrinsic Faults
Source NODO_11 fixed from Intrinsic Fault
Pipeline ARCO_3 fixed due to Source NODO_11 fixing from Intrinsic Fault
Pipeline ARCO_90 fixed due to Source NODO_11 fixing from Intrinsic Fault
Pipeline ARCO_91 fixed due to Source NODO_11 fixing from Intrinsic Fault
Pipeline ARCO_92 fixed due to Source NODO_11 fixing from Intrinsic Fault
Pipeline V_EDGE_53_9 fixed due to Source NODO_11 fixing from Intrinsic Fault
Pipeline ARCO_20 fixed due to Source NODO_11 fixing from Intrinsic Fault
Pipeline ARCO_21 fixed due to Source NODO_11 fixing from Intrinsic Fault
Pipeline ARCO_22 fixed due to Source NODO_11 fixing from Intrinsic Fault
Pipeline ARCO_73 fixed due to Source NODO_11 fixing from Intrinsic Fault
Update Fixed Elements from Heavy Faults
Update Fixed Elements from Attack
Propagate Intrinsic Fault
Propagate Heavy Faults
Propagate Attacks
Inject Intrinsic Failure To Source
Inject Heavy Fault To Sources
Inject Attack Multiple To Source
Inject Intrinsic Fault To Pipeline
Inject Heavy Fault To Pipeline
Inject Attack To Pipeline
----------- Statistics ------------
	Sources Under Attack: 0
	Sources with Heavy Fault: 0
	Sources with Intrinsic Fault: 0
	Arcs with reduce capacity due to Attack: 0
	Arcs with reduce capacity due to Heavy Fault: 0
	Arcs with reduce capacity due to Intrinsic Fault: 0
	Arcs with Attacks: 0
	Arcs with Heavy Fault: 0
	Arcs with Intrinsic Fault: 0
--------- SOURCES STATISTICS ---------------
Demand del real Source[0]: -31.0, flusso erogato: 8.069999999999997, flusso entrante: 0.0, efficienza: 26.032258064516117 %
Demand del real Source[8]: -10.5, flusso erogato: 3.8600000000000003, flusso entrante: 0.0, efficienza: 36.76190476190476 %
Demand del real Source[9]: -7.1, flusso erogato: 14.169999999999996, flusso entrante: 7.070000000000007, efficienza: 199.57746478873236 %
Demand del real Source[17]: -25.0, flusso erogato: 25.000000000000007, flusso entrante: 0.0, efficienza: 100.00000000000003 %
Flusso totale entrante nei Real Source: 7.070000000000007
Flusso totale uscente dai Real Source: 51.1
Flusso netto sui real Source: -44.029999999999994
--- SINKS STATISTICS ---
Sink 3 SODDISFATTO. Flusso netto: 3.4299999999999997, Demand: 3.43, percentage: 99.99999999999999
Sink 4 SODDISFATTO. Flusso netto: 0.5700000000000003, Demand: 0.57, percentage: 100.00000000000007
Sink 5 SODDISFATTO. Flusso netto: 0.6600000000000019, Demand: 0.66, percentage: 100.00000000000028
Sink 11 SODDISFATTO. Flusso netto: 1.03, Demand: 1.03, percentage: 100.0
Sink 15 SODDISFATTO. Flusso netto: 0.4600000000000044, Demand: 0.46, percentage: 100.00000000000095
Sink 16 SODDISFATTO. Flusso netto: 8.399999999999993, Demand: 8.4, percentage: 99.99999999999991
Sink 19 SODDISFATTO. Flusso netto: 0.5399999999999938, Demand: 0.54, percentage: 99.99999999999885
Sink 23 SODDISFATTO. Flusso netto: 0.5999999999999996, Demand: 0.6, percentage: 99.99999999999994
Sink 24 SODDISFATTO. Flusso netto: 0.8000000000000007, Demand: 0.8, percentage: 100.00000000000009
Sink 25 SODDISFATTO. Flusso netto: 3.5, Demand: 3.5, percentage: 100.0
Sink 26 SODDISFATTO. Flusso netto: 6.000000000000007, Demand: 6.0, percentage: 100.00000000000011
Sink 28 SODDISFATTO. Flusso netto: 0.4, Demand: 0.4, percentage: 100.0
Sink 30 SODDISFATTO. Flusso netto: 0.9799999999999933, Demand: 0.98, percentage: 99.99999999999932
Sink 31 SODDISFATTO. Flusso netto: 0.3999999999999999, Demand: 0.4, percentage: 99.99999999999997
Sink 32 SODDISFATTO. Flusso netto: 0.9999999999999989, Demand: 1.0, percentage: 99.99999999999989
Sink 34 SODDISFATTO. Flusso netto: 1.7400000000000002, Demand: 1.74, percentage: 100.00000000000003
Sink 35 SODDISFATTO. Flusso netto: 1.3, Demand: 1.3, percentage: 100.0
Sink 37 SODDISFATTO. Flusso netto: 1.0, Demand: 1.0, percentage: 100.0
Sink 39 SODDISFATTO. Flusso netto: 0.40000000000000036, Demand: 0.4, percentage: 100.00000000000009
Sink 40 SODDISFATTO. Flusso netto: 0.5, Demand: 0.5, percentage: 100.0
Sink 41 SODDISFATTO. Flusso netto: 1.0600000000000005, Demand: 1.06, percentage: 100.00000000000004
Sink 42 SODDISFATTO. Flusso netto: 2.8200000000000007, Demand: 2.82, percentage: 100.00000000000003
Sink 45 SODDISFATTO. Flusso netto: 0.6800000000000002, Demand: 0.68, percentage: 100.00000000000003
Sink 46 SODDISFATTO. Flusso netto: 1.17, Demand: 1.17, percentage: 100.0
Sink 49 non è soddisfatto. Flusso netto: 4.59, Demand: 7.0, percentage: 65.57142857142857
Flusso totale entrante nei SINK: 86.46000000000001
Flusso totale uscente nei SINK: 42.430000000000014
Flusso totale netto nei SINK: 44.029999999999994
Total DEMAND dei SINK: 46.44
Percentual di flusso ai SINK: 0.9481050818260119
Numero di Sink soddisfatti: 24.0, numero totale di sink: 25.0
Percentuale di Sink soddisfatti: 0.96

---------------------------------- DAY 96

Update Fixed Elements from Intrinsic Faults
Update Fixed Elements from Heavy Faults
Update Fixed Elements from Attack
Propagate Intrinsic Fault
Propagate Heavy Faults
Propagate Attacks
Inject Intrinsic Failure To Source
Inject Heavy Fault To Sources
Inject Attack Multiple To Source
Inject Intrinsic Fault To Pipeline
Inject Heavy Fault To Pipeline
Inject Attack To Pipeline
----------- Statistics ------------
	Sources Under Attack: 0
	Sources with Heavy Fault: 0
	Sources with Intrinsic Fault: 0
	Arcs with reduce capacity due to Attack: 0
	Arcs with reduce capacity due to Heavy Fault: 0
	Arcs with reduce capacity due to Intrinsic Fault: 0
	Arcs with Attacks: 0
	Arcs with Heavy Fault: 0
	Arcs with Intrinsic Fault: 0
--------- SOURCES STATISTICS ---------------
Demand del real Source[0]: -31.0, flusso erogato: 8.069999999999997, flusso entrante: 0.0, efficienza: 26.032258064516117 %
Demand del real Source[8]: -10.5, flusso erogato: 3.8600000000000003, flusso entrante: 0.0, efficienza: 36.76190476190476 %
Demand del real Source[9]: -7.1, flusso erogato: 14.169999999999996, flusso entrante: 7.070000000000007, efficienza: 199.57746478873236 %
Demand del real Source[17]: -25.0, flusso erogato: 25.000000000000007, flusso entrante: 0.0, efficienza: 100.00000000000003 %
Flusso totale entrante nei Real Source: 7.070000000000007
Flusso totale uscente dai Real Source: 51.1
Flusso netto sui real Source: -44.029999999999994
--- SINKS STATISTICS ---
Sink 3 SODDISFATTO. Flusso netto: 3.4299999999999997, Demand: 3.43, percentage: 99.99999999999999
Sink 4 SODDISFATTO. Flusso netto: 0.5700000000000003, Demand: 0.57, percentage: 100.00000000000007
Sink 5 SODDISFATTO. Flusso netto: 0.6600000000000019, Demand: 0.66, percentage: 100.00000000000028
Sink 11 SODDISFATTO. Flusso netto: 1.03, Demand: 1.03, percentage: 100.0
Sink 15 SODDISFATTO. Flusso netto: 0.4600000000000044, Demand: 0.46, percentage: 100.00000000000095
Sink 16 SODDISFATTO. Flusso netto: 8.399999999999993, Demand: 8.4, percentage: 99.99999999999991
Sink 19 SODDISFATTO. Flusso netto: 0.5399999999999938, Demand: 0.54, percentage: 99.99999999999885
Sink 23 SODDISFATTO. Flusso netto: 0.5999999999999996, Demand: 0.6, percentage: 99.99999999999994
Sink 24 SODDISFATTO. Flusso netto: 0.8000000000000007, Demand: 0.8, percentage: 100.00000000000009
Sink 25 SODDISFATTO. Flusso netto: 3.5, Demand: 3.5, percentage: 100.0
Sink 26 SODDISFATTO. Flusso netto: 6.000000000000007, Demand: 6.0, percentage: 100.00000000000011
Sink 28 SODDISFATTO. Flusso netto: 0.4, Demand: 0.4, percentage: 100.0
Sink 30 SODDISFATTO. Flusso netto: 0.9799999999999933, Demand: 0.98, percentage: 99.99999999999932
Sink 31 SODDISFATTO. Flusso netto: 0.3999999999999999, Demand: 0.4, percentage: 99.99999999999997
Sink 32 SODDISFATTO. Flusso netto: 0.9999999999999989, Demand: 1.0, percentage: 99.99999999999989
Sink 34 SODDISFATTO. Flusso netto: 1.7400000000000002, Demand: 1.74, percentage: 100.00000000000003
Sink 35 SODDISFATTO. Flusso netto: 1.3, Demand: 1.3, percentage: 100.0
Sink 37 SODDISFATTO. Flusso netto: 1.0, Demand: 1.0, percentage: 100.0
Sink 39 SODDISFATTO. Flusso netto: 0.40000000000000036, Demand: 0.4, percentage: 100.00000000000009
Sink 40 SODDISFATTO. Flusso netto: 0.5, Demand: 0.5, percentage: 100.0
Sink 41 SODDISFATTO. Flusso netto: 1.0600000000000005, Demand: 1.06, percentage: 100.00000000000004
Sink 42 SODDISFATTO. Flusso netto: 2.8200000000000007, Demand: 2.82, percentage: 100.00000000000003
Sink 45 SODDISFATTO. Flusso netto: 0.6800000000000002, Demand: 0.68, percentage: 100.00000000000003
Sink 46 SODDISFATTO. Flusso netto: 1.17, Demand: 1.17, percentage: 100.0
Sink 49 non è soddisfatto. Flusso netto: 4.59, Demand: 7.0, percentage: 65.57142857142857
Flusso totale entrante nei SINK: 86.46000000000001
Flusso totale uscente nei SINK: 42.430000000000014
Flusso totale netto nei SINK: 44.029999999999994
Total DEMAND dei SINK: 46.44
Percentual di flusso ai SINK: 0.9481050818260119
Numero di Sink soddisfatti: 24.0, numero totale di sink: 25.0
Percentuale di Sink soddisfatti: 0.96

---------------------------------- DAY 97

Update Fixed Elements from Intrinsic Faults
Update Fixed Elements from Heavy Faults
Update Fixed Elements from Attack
Propagate Intrinsic Fault
Propagate Heavy Faults
Propagate Attacks
Inject Intrinsic Failure To Source
Inject Heavy Fault To Sources
Inject Attack Multiple To Source
Inject Intrinsic Fault To Pipeline
Inject Heavy Fault To Pipeline
Inject Attack To Pipeline
----------- Statistics ------------
	Sources Under Attack: 0
	Sources with Heavy Fault: 0
	Sources with Intrinsic Fault: 0
	Arcs with reduce capacity due to Attack: 0
	Arcs with reduce capacity due to Heavy Fault: 0
	Arcs with reduce capacity due to Intrinsic Fault: 0
	Arcs with Attacks: 0
	Arcs with Heavy Fault: 0
	Arcs with Intrinsic Fault: 0
--------- SOURCES STATISTICS ---------------
Demand del real Source[0]: -31.0, flusso erogato: 8.069999999999997, flusso entrante: 0.0, efficienza: 26.032258064516117 %
Demand del real Source[8]: -10.5, flusso erogato: 3.8600000000000003, flusso entrante: 0.0, efficienza: 36.76190476190476 %
Demand del real Source[9]: -7.1, flusso erogato: 14.169999999999996, flusso entrante: 7.070000000000007, efficienza: 199.57746478873236 %
Demand del real Source[17]: -25.0, flusso erogato: 25.000000000000007, flusso entrante: 0.0, efficienza: 100.00000000000003 %
Flusso totale entrante nei Real Source: 7.070000000000007
Flusso totale uscente dai Real Source: 51.1
Flusso netto sui real Source: -44.029999999999994
--- SINKS STATISTICS ---
Sink 3 SODDISFATTO. Flusso netto: 3.4299999999999997, Demand: 3.43, percentage: 99.99999999999999
Sink 4 SODDISFATTO. Flusso netto: 0.5700000000000003, Demand: 0.57, percentage: 100.00000000000007
Sink 5 SODDISFATTO. Flusso netto: 0.6600000000000019, Demand: 0.66, percentage: 100.00000000000028
Sink 11 SODDISFATTO. Flusso netto: 1.03, Demand: 1.03, percentage: 100.0
Sink 15 SODDISFATTO. Flusso netto: 0.4600000000000044, Demand: 0.46, percentage: 100.00000000000095
Sink 16 SODDISFATTO. Flusso netto: 8.399999999999993, Demand: 8.4, percentage: 99.99999999999991
Sink 19 SODDISFATTO. Flusso netto: 0.5399999999999938, Demand: 0.54, percentage: 99.99999999999885
Sink 23 SODDISFATTO. Flusso netto: 0.5999999999999996, Demand: 0.6, percentage: 99.99999999999994
Sink 24 SODDISFATTO. Flusso netto: 0.8000000000000007, Demand: 0.8, percentage: 100.00000000000009
Sink 25 SODDISFATTO. Flusso netto: 3.5, Demand: 3.5, percentage: 100.0
Sink 26 SODDISFATTO. Flusso netto: 6.000000000000007, Demand: 6.0, percentage: 100.00000000000011
Sink 28 SODDISFATTO. Flusso netto: 0.4, Demand: 0.4, percentage: 100.0
Sink 30 SODDISFATTO. Flusso netto: 0.9799999999999933, Demand: 0.98, percentage: 99.99999999999932
Sink 31 SODDISFATTO. Flusso netto: 0.3999999999999999, Demand: 0.4, percentage: 99.99999999999997
Sink 32 SODDISFATTO. Flusso netto: 0.9999999999999989, Demand: 1.0, percentage: 99.99999999999989
Sink 34 SODDISFATTO. Flusso netto: 1.7400000000000002, Demand: 1.74, percentage: 100.00000000000003
Sink 35 SODDISFATTO. Flusso netto: 1.3, Demand: 1.3, percentage: 100.0
Sink 37 SODDISFATTO. Flusso netto: 1.0, Demand: 1.0, percentage: 100.0
Sink 39 SODDISFATTO. Flusso netto: 0.40000000000000036, Demand: 0.4, percentage: 100.00000000000009
Sink 40 SODDISFATTO. Flusso netto: 0.5, Demand: 0.5, percentage: 100.0
Sink 41 SODDISFATTO. Flusso netto: 1.0600000000000005, Demand: 1.06, percentage: 100.00000000000004
Sink 42 SODDISFATTO. Flusso netto: 2.8200000000000007, Demand: 2.82, percentage: 100.00000000000003
Sink 45 SODDISFATTO. Flusso netto: 0.6800000000000002, Demand: 0.68, percentage: 100.00000000000003
Sink 46 SODDISFATTO. Flusso netto: 1.17, Demand: 1.17, percentage: 100.0
Sink 49 non è soddisfatto. Flusso netto: 4.59, Demand: 7.0, percentage: 65.57142857142857
Flusso totale entrante nei SINK: 86.46000000000001
Flusso totale uscente nei SINK: 42.430000000000014
Flusso totale netto nei SINK: 44.029999999999994
Total DEMAND dei SINK: 46.44
Percentual di flusso ai SINK: 0.9481050818260119
Numero di Sink soddisfatti: 24.0, numero totale di sink: 25.0
Percentuale di Sink soddisfatti: 0.96

---------------------------------- DAY 98

Update Fixed Elements from Intrinsic Faults
Update Fixed Elements from Heavy Faults
Update Fixed Elements from Attack
Propagate Intrinsic Fault
Propagate Heavy Faults
Propagate Attacks
Inject Intrinsic Failure To Source
Inject Heavy Fault To Sources
Inject Attack Multiple To Source
Inject Intrinsic Fault To Pipeline
Inject Heavy Fault To Pipeline
Inject Attack To Pipeline
----------- Statistics ------------
	Sources Under Attack: 0
	Sources with Heavy Fault: 0
	Sources with Intrinsic Fault: 0
	Arcs with reduce capacity due to Attack: 0
	Arcs with reduce capacity due to Heavy Fault: 0
	Arcs with reduce capacity due to Intrinsic Fault: 0
	Arcs with Attacks: 0
	Arcs with Heavy Fault: 0
	Arcs with Intrinsic Fault: 0
--------- SOURCES STATISTICS ---------------
Demand del real Source[0]: -31.0, flusso erogato: 8.069999999999997, flusso entrante: 0.0, efficienza: 26.032258064516117 %
Demand del real Source[8]: -10.5, flusso erogato: 3.8600000000000003, flusso entrante: 0.0, efficienza: 36.76190476190476 %
Demand del real Source[9]: -7.1, flusso erogato: 14.169999999999996, flusso entrante: 7.070000000000007, efficienza: 199.57746478873236 %
Demand del real Source[17]: -25.0, flusso erogato: 25.000000000000007, flusso entrante: 0.0, efficienza: 100.00000000000003 %
Flusso totale entrante nei Real Source: 7.070000000000007
Flusso totale uscente dai Real Source: 51.1
Flusso netto sui real Source: -44.029999999999994
--- SINKS STATISTICS ---
Sink 3 SODDISFATTO. Flusso netto: 3.4299999999999997, Demand: 3.43, percentage: 99.99999999999999
Sink 4 SODDISFATTO. Flusso netto: 0.5700000000000003, Demand: 0.57, percentage: 100.00000000000007
Sink 5 SODDISFATTO. Flusso netto: 0.6600000000000019, Demand: 0.66, percentage: 100.00000000000028
Sink 11 SODDISFATTO. Flusso netto: 1.03, Demand: 1.03, percentage: 100.0
Sink 15 SODDISFATTO. Flusso netto: 0.4600000000000044, Demand: 0.46, percentage: 100.00000000000095
Sink 16 SODDISFATTO. Flusso netto: 8.399999999999993, Demand: 8.4, percentage: 99.99999999999991
Sink 19 SODDISFATTO. Flusso netto: 0.5399999999999938, Demand: 0.54, percentage: 99.99999999999885
Sink 23 SODDISFATTO. Flusso netto: 0.5999999999999996, Demand: 0.6, percentage: 99.99999999999994
Sink 24 SODDISFATTO. Flusso netto: 0.8000000000000007, Demand: 0.8, percentage: 100.00000000000009
Sink 25 SODDISFATTO. Flusso netto: 3.5, Demand: 3.5, percentage: 100.0
Sink 26 SODDISFATTO. Flusso netto: 6.000000000000007, Demand: 6.0, percentage: 100.00000000000011
Sink 28 SODDISFATTO. Flusso netto: 0.4, Demand: 0.4, percentage: 100.0
Sink 30 SODDISFATTO. Flusso netto: 0.9799999999999933, Demand: 0.98, percentage: 99.99999999999932
Sink 31 SODDISFATTO. Flusso netto: 0.3999999999999999, Demand: 0.4, percentage: 99.99999999999997
Sink 32 SODDISFATTO. Flusso netto: 0.9999999999999989, Demand: 1.0, percentage: 99.99999999999989
Sink 34 SODDISFATTO. Flusso netto: 1.7400000000000002, Demand: 1.74, percentage: 100.00000000000003
Sink 35 SODDISFATTO. Flusso netto: 1.3, Demand: 1.3, percentage: 100.0
Sink 37 SODDISFATTO. Flusso netto: 1.0, Demand: 1.0, percentage: 100.0
Sink 39 SODDISFATTO. Flusso netto: 0.40000000000000036, Demand: 0.4, percentage: 100.00000000000009
Sink 40 SODDISFATTO. Flusso netto: 0.5, Demand: 0.5, percentage: 100.0
Sink 41 SODDISFATTO. Flusso netto: 1.0600000000000005, Demand: 1.06, percentage: 100.00000000000004
Sink 42 SODDISFATTO. Flusso netto: 2.8200000000000007, Demand: 2.82, percentage: 100.00000000000003
Sink 45 SODDISFATTO. Flusso netto: 0.6800000000000002, Demand: 0.68, percentage: 100.00000000000003
Sink 46 SODDISFATTO. Flusso netto: 1.17, Demand: 1.17, percentage: 100.0
Sink 49 non è soddisfatto. Flusso netto: 4.59, Demand: 7.0, percentage: 65.57142857142857
Flusso totale entrante nei SINK: 86.46000000000001
Flusso totale uscente nei SINK: 42.430000000000014
Flusso totale netto nei SINK: 44.029999999999994
Total DEMAND dei SINK: 46.44
Percentual di flusso ai SINK: 0.9481050818260119
Numero di Sink soddisfatti: 24.0, numero totale di sink: 25.0
Percentuale di Sink soddisfatti: 0.96

---------------------------------- DAY 99

Update Fixed Elements from Intrinsic Faults
Update Fixed Elements from Heavy Faults
Update Fixed Elements from Attack
Propagate Intrinsic Fault
Propagate Heavy Faults
Propagate Attacks
Inject Intrinsic Failure To Source
Inject Heavy Fault To Sources
Inject Attack Multiple To Source
Inject Intrinsic Fault To Pipeline
Inject Heavy Fault To Pipeline
Inject Attack To Pipeline
----------- Statistics ------------
	Sources Under Attack: 0
	Sources with Heavy Fault: 0
	Sources with Intrinsic Fault: 0
	Arcs with reduce capacity due to Attack: 0
	Arcs with reduce capacity due to Heavy Fault: 0
	Arcs with reduce capacity due to Intrinsic Fault: 0
	Arcs with Attacks: 0
	Arcs with Heavy Fault: 0
	Arcs with Intrinsic Fault: 0
--------- SOURCES STATISTICS ---------------
Demand del real Source[0]: -31.0, flusso erogato: 8.069999999999997, flusso entrante: 0.0, efficienza: 26.032258064516117 %
Demand del real Source[8]: -10.5, flusso erogato: 3.8600000000000003, flusso entrante: 0.0, efficienza: 36.76190476190476 %
Demand del real Source[9]: -7.1, flusso erogato: 14.169999999999996, flusso entrante: 7.070000000000007, efficienza: 199.57746478873236 %
Demand del real Source[17]: -25.0, flusso erogato: 25.000000000000007, flusso entrante: 0.0, efficienza: 100.00000000000003 %
Flusso totale entrante nei Real Source: 7.070000000000007
Flusso totale uscente dai Real Source: 51.1
Flusso netto sui real Source: -44.029999999999994
--- SINKS STATISTICS ---
Sink 3 SODDISFATTO. Flusso netto: 3.4299999999999997, Demand: 3.43, percentage: 99.99999999999999
Sink 4 SODDISFATTO. Flusso netto: 0.5700000000000003, Demand: 0.57, percentage: 100.00000000000007
Sink 5 SODDISFATTO. Flusso netto: 0.6600000000000019, Demand: 0.66, percentage: 100.00000000000028
Sink 11 SODDISFATTO. Flusso netto: 1.03, Demand: 1.03, percentage: 100.0
Sink 15 SODDISFATTO. Flusso netto: 0.4600000000000044, Demand: 0.46, percentage: 100.00000000000095
Sink 16 SODDISFATTO. Flusso netto: 8.399999999999993, Demand: 8.4, percentage: 99.99999999999991
Sink 19 SODDISFATTO. Flusso netto: 0.5399999999999938, Demand: 0.54, percentage: 99.99999999999885
Sink 23 SODDISFATTO. Flusso netto: 0.5999999999999996, Demand: 0.6, percentage: 99.99999999999994
Sink 24 SODDISFATTO. Flusso netto: 0.8000000000000007, Demand: 0.8, percentage: 100.00000000000009
Sink 25 SODDISFATTO. Flusso netto: 3.5, Demand: 3.5, percentage: 100.0
Sink 26 SODDISFATTO. Flusso netto: 6.000000000000007, Demand: 6.0, percentage: 100.00000000000011
Sink 28 SODDISFATTO. Flusso netto: 0.4, Demand: 0.4, percentage: 100.0
Sink 30 SODDISFATTO. Flusso netto: 0.9799999999999933, Demand: 0.98, percentage: 99.99999999999932
Sink 31 SODDISFATTO. Flusso netto: 0.3999999999999999, Demand: 0.4, percentage: 99.99999999999997
Sink 32 SODDISFATTO. Flusso netto: 0.9999999999999989, Demand: 1.0, percentage: 99.99999999999989
Sink 34 SODDISFATTO. Flusso netto: 1.7400000000000002, Demand: 1.74, percentage: 100.00000000000003
Sink 35 SODDISFATTO. Flusso netto: 1.3, Demand: 1.3, percentage: 100.0
Sink 37 SODDISFATTO. Flusso netto: 1.0, Demand: 1.0, percentage: 100.0
Sink 39 SODDISFATTO. Flusso netto: 0.40000000000000036, Demand: 0.4, percentage: 100.00000000000009
Sink 40 SODDISFATTO. Flusso netto: 0.5, Demand: 0.5, percentage: 100.0
Sink 41 SODDISFATTO. Flusso netto: 1.0600000000000005, Demand: 1.06, percentage: 100.00000000000004
Sink 42 SODDISFATTO. Flusso netto: 2.8200000000000007, Demand: 2.82, percentage: 100.00000000000003
Sink 45 SODDISFATTO. Flusso netto: 0.6800000000000002, Demand: 0.68, percentage: 100.00000000000003
Sink 46 SODDISFATTO. Flusso netto: 1.17, Demand: 1.17, percentage: 100.0
Sink 49 non è soddisfatto. Flusso netto: 4.59, Demand: 7.0, percentage: 65.57142857142857
Flusso totale entrante nei SINK: 86.46000000000001
Flusso totale uscente nei SINK: 42.430000000000014
Flusso totale netto nei SINK: 44.029999999999994
Total DEMAND dei SINK: 46.44
Percentual di flusso ai SINK: 0.9481050818260119
Numero di Sink soddisfatti: 24.0, numero totale di sink: 25.0
Percentuale di Sink soddisfatti: 0.96

---------------------------------- DAY 100

Update Fixed Elements from Intrinsic Faults
Update Fixed Elements from Heavy Faults
Update Fixed Elements from Attack
Propagate Intrinsic Fault
Propagate Heavy Faults
Propagate Attacks
Inject Intrinsic Failure To Source
Inject Heavy Fault To Sources
Source NODO_2 is failing for a Heavy Fault in day: 100
pipeline ARCO_70 has reduced capacity due to NODO_2 heavy fault
pipeline V_EDGE_53_0 has reduced capacity due to NODO_2 heavy fault
pipeline ARCO_0 has reduced capacity due to NODO_2 heavy fault
Source NODO_11 is failing for a Heavy Fault in day: 100
pipeline ARCO_3 has reduced capacity due to NODO_11 heavy fault
pipeline ARCO_90 has reduced capacity due to NODO_11 heavy fault
pipeline ARCO_91 has reduced capacity due to NODO_11 heavy fault
pipeline ARCO_92 has reduced capacity due to NODO_11 heavy fault
pipeline V_EDGE_53_9 has reduced capacity due to NODO_11 heavy fault
pipeline ARCO_20 has reduced capacity due to NODO_11 heavy fault
pipeline ARCO_21 has reduced capacity due to NODO_11 heavy fault
pipeline ARCO_22 has reduced capacity due to NODO_11 heavy fault
pipeline ARCO_73 has reduced capacity due to NODO_11 heavy fault
Inject Attack Multiple To Source
Inject Intrinsic Fault To Pipeline
Inject Heavy Fault To Pipeline
pipeline ARCO_50 has a heavy fault in day: 100
Pipeline ARCO_120 has a heavy fault in day: 100
pipeline ARCO_100 has a heavy fault in day: 100
Pipeline ARCO_30 has a heavy fault in day: 100
pipeline ARCO_75 has a heavy fault in day: 100
Pipeline ARCO_5 has a heavy fault in day: 100
Inject Attack To Pipeline
----------- Statistics ------------
	Sources Under Attack: 0
	Sources with Heavy Fault: 2
	Sources with Intrinsic Fault: 0
	Arcs with reduce capacity due to Attack: 0
	Arcs with reduce capacity due to Heavy Fault: 12
	Arcs with reduce capacity due to Intrinsic Fault: 0
	Arcs with Attacks: 0
	Arcs with Heavy Fault: 6
	Arcs with Intrinsic Fault: 0
--------- SOURCES STATISTICS ---------------
Demand del real Source[0]: -31.0, flusso erogato: 4.703999999999998, flusso entrante: 0.0, efficienza: 15.174193548387091 %
Demand del real Source[8]: -10.5, flusso erogato: 7.548, flusso entrante: 0.0, efficienza: 71.88571428571429 %
Demand del real Source[9]: -7.1, flusso erogato: 5.123999999999998, flusso entrante: 3.703999999999999, efficienza: 72.16901408450703 %
Demand del real Source[17]: -25.0, flusso erogato: 25.000000000000007, flusso entrante: 0.0, efficienza: 100.00000000000003 %
Flusso totale entrante nei Real Source: 3.703999999999999
Flusso totale uscente dai Real Source: 42.376000000000005
Flusso netto sui real Source: -38.672000000000004
--- SINKS STATISTICS ---
Sink 3 SODDISFATTO. Flusso netto: 3.4300000000000006, Demand: 3.43, percentage: 100.00000000000003
Sink 4 SODDISFATTO. Flusso netto: 0.5700000000000003, Demand: 0.57, percentage: 100.00000000000007
Sink 5 SODDISFATTO. Flusso netto: 0.6599999999999966, Demand: 0.66, percentage: 99.99999999999947
Sink 11 SODDISFATTO. Flusso netto: 1.03, Demand: 1.03, percentage: 100.0
Sink 15 SODDISFATTO. Flusso netto: 0.4600000000000044, Demand: 0.46, percentage: 100.00000000000095
Sink 16 SODDISFATTO. Flusso netto: 8.399999999999993, Demand: 8.4, percentage: 99.99999999999991
Sink 19 SODDISFATTO. Flusso netto: 0.5399999999999938, Demand: 0.54, percentage: 99.99999999999885
Sink 23 SODDISFATTO. Flusso netto: 0.5999999999999996, Demand: 0.6, percentage: 99.99999999999994
Sink 24 SODDISFATTO. Flusso netto: 0.8000000000000007, Demand: 0.8, percentage: 100.00000000000009
Sink 25 SODDISFATTO. Flusso netto: 3.5, Demand: 3.5, percentage: 100.0
Sink 26 SODDISFATTO. Flusso netto: 6.000000000000007, Demand: 6.0, percentage: 100.00000000000011
Sink 28 SODDISFATTO. Flusso netto: 0.4, Demand: 0.4, percentage: 100.0
Sink 30 SODDISFATTO. Flusso netto: 0.9799999999999933, Demand: 0.98, percentage: 99.99999999999932
Sink 31 SODDISFATTO. Flusso netto: 0.3999999999999999, Demand: 0.4, percentage: 99.99999999999997
Sink 32 SODDISFATTO. Flusso netto: 0.9999999999999989, Demand: 1.0, percentage: 99.99999999999989
Sink 34 non è soddisfatto. Flusso netto: 0.9720000000000004, Demand: 1.74, percentage: 55.86206896551727
Sink 35 SODDISFATTO. Flusso netto: 1.3, Demand: 1.3, percentage: 100.0
Sink 37 SODDISFATTO. Flusso netto: 1.0, Demand: 1.0, percentage: 100.0
Sink 39 SODDISFATTO. Flusso netto: 0.40000000000000036, Demand: 0.4, percentage: 100.00000000000009
Sink 40 SODDISFATTO. Flusso netto: 0.5, Demand: 0.5, percentage: 100.0
Sink 41 SODDISFATTO. Flusso netto: 1.0599999999999996, Demand: 1.06, percentage: 99.99999999999996
Sink 42 SODDISFATTO. Flusso netto: 2.819999999999999, Demand: 2.82, percentage: 99.99999999999997
Sink 45 SODDISFATTO. Flusso netto: 0.6800000000000002, Demand: 0.68, percentage: 100.00000000000003
Sink 46 SODDISFATTO. Flusso netto: 1.17, Demand: 1.17, percentage: 100.0
Sink 49 non è soddisfatto. Flusso netto: 0.0, Demand: 7.0, percentage: 0.0
Flusso totale entrante nei SINK: 76.02199999999999
Flusso totale uscente nei SINK: 37.35000000000001
Flusso totale netto nei SINK: 38.67199999999998
Total DEMAND dei SINK: 46.44
Percentual di flusso ai SINK: 0.8327304048234278
Numero di Sink soddisfatti: 23.0, numero totale di sink: 25.0
Percentuale di Sink soddisfatti: 0.92

---------------------------------- DAY 101

Update Fixed Elements from Intrinsic Faults
Update Fixed Elements from Heavy Faults
Update Fixed Elements from Attack
Propagate Intrinsic Fault
Propagate Heavy Faults
Node NODO_2 has still failing due to Heavy Fault
Node NODO_11 has still failing due to Heavy Fault
pipeline ARCO_70 still has reduced capacity: 6.2 due to Heavy Fault
pipeline V_EDGE_53_0 still has reduced capacity: 6.2 due to Heavy Fault
pipeline ARCO_0 still has reduced capacity: 6.2 due to Heavy Fault
pipeline ARCO_3 still has reduced capacity: 2.422 due to Heavy Fault
pipeline ARCO_90 still has reduced capacity: 0.4 due to Heavy Fault
pipeline ARCO_91 still has reduced capacity: 2.422 due to Heavy Fault
pipeline ARCO_92 still has reduced capacity: 9.832 due to Heavy Fault
pipeline V_EDGE_53_9 still has reduced capacity: 1.42 due to Heavy Fault
pipeline ARCO_20 still has reduced capacity: 0.4 due to Heavy Fault
pipeline ARCO_21 still has reduced capacity: 2.422 due to Heavy Fault
pipeline ARCO_22 still has reduced capacity: 9.832 due to Heavy Fault
pipeline ARCO_73 still has reduced capacity: 2.422 due to Heavy Fault
pipeline ARCO_50 still failing: 0.0 due to Heavy Fault
pipeline ARCO_120 still failing: 0.0 due to Heavy Fault
pipeline ARCO_100 still failing: 0.0 due to Heavy Fault
pipeline ARCO_30 still failing: 0.0 due to Heavy Fault
pipeline ARCO_75 still failing: 0.0 due to Heavy Fault
pipeline ARCO_5 still failing: 0.0 due to Heavy Fault
Propagate Attacks
Inject Intrinsic Failure To Source
Source NODO_2 is failing for an Intrinsic Fault in day: 101
pipeline ARCO_70 has reduced capacity due to NODO_2 Intrinsic fault
pipeline V_EDGE_53_0 has reduced capacity due to NODO_2 Intrinsic fault
pipeline ARCO_0 has reduced capacity due to NODO_2 Intrinsic fault
Inject Heavy Fault To Sources
Inject Attack Multiple To Source
Inject Intrinsic Fault To Pipeline
Inject Heavy Fault To Pipeline
Inject Attack To Pipeline
----------- Statistics ------------
	Sources Under Attack: 0
	Sources with Heavy Fault: 2
	Sources with Intrinsic Fault: 1
	Arcs with reduce capacity due to Attack: 0
	Arcs with reduce capacity due to Heavy Fault: 12
	Arcs with reduce capacity due to Intrinsic Fault: 3
	Arcs with Attacks: 0
	Arcs with Heavy Fault: 6
	Arcs with Intrinsic Fault: 0
--------- SOURCES STATISTICS ---------------
Demand del real Source[0]: -31.0, flusso erogato: 4.703999999999999, flusso entrante: 0.0, efficienza: 15.174193548387095 %
Demand del real Source[8]: -10.5, flusso erogato: 7.548, flusso entrante: 0.0, efficienza: 71.88571428571429 %
Demand del real Source[9]: -7.1, flusso erogato: 5.123999999999998, flusso entrante: 3.703999999999999, efficienza: 72.16901408450703 %
Demand del real Source[17]: -25.0, flusso erogato: 25.000000000000007, flusso entrante: 0.0, efficienza: 100.00000000000003 %
Flusso totale entrante nei Real Source: 3.703999999999999
Flusso totale uscente dai Real Source: 42.376000000000005
Flusso netto sui real Source: -38.672000000000004
--- SINKS STATISTICS ---
Sink 3 SODDISFATTO. Flusso netto: 3.4300000000000006, Demand: 3.43, percentage: 100.00000000000003
Sink 4 SODDISFATTO. Flusso netto: 0.5700000000000003, Demand: 0.57, percentage: 100.00000000000007
Sink 5 SODDISFATTO. Flusso netto: 0.6599999999999966, Demand: 0.66, percentage: 99.99999999999947
Sink 11 SODDISFATTO. Flusso netto: 1.03, Demand: 1.03, percentage: 100.0
Sink 15 SODDISFATTO. Flusso netto: 0.4600000000000044, Demand: 0.46, percentage: 100.00000000000095
Sink 16 SODDISFATTO. Flusso netto: 8.399999999999993, Demand: 8.4, percentage: 99.99999999999991
Sink 19 SODDISFATTO. Flusso netto: 0.5399999999999938, Demand: 0.54, percentage: 99.99999999999885
Sink 23 SODDISFATTO. Flusso netto: 0.5999999999999996, Demand: 0.6, percentage: 99.99999999999994
Sink 24 SODDISFATTO. Flusso netto: 0.8000000000000007, Demand: 0.8, percentage: 100.00000000000009
Sink 25 SODDISFATTO. Flusso netto: 3.5, Demand: 3.5, percentage: 100.0
Sink 26 SODDISFATTO. Flusso netto: 6.000000000000007, Demand: 6.0, percentage: 100.00000000000011
Sink 28 SODDISFATTO. Flusso netto: 0.4, Demand: 0.4, percentage: 100.0
Sink 30 SODDISFATTO. Flusso netto: 0.9799999999999933, Demand: 0.98, percentage: 99.99999999999932
Sink 31 SODDISFATTO. Flusso netto: 0.3999999999999999, Demand: 0.4, percentage: 99.99999999999997
Sink 32 SODDISFATTO. Flusso netto: 0.9999999999999989, Demand: 1.0, percentage: 99.99999999999989
Sink 34 non è soddisfatto. Flusso netto: 0.9720000000000004, Demand: 1.74, percentage: 55.86206896551727
Sink 35 SODDISFATTO. Flusso netto: 1.3, Demand: 1.3, percentage: 100.0
Sink 37 SODDISFATTO. Flusso netto: 1.0, Demand: 1.0, percentage: 100.0
Sink 39 SODDISFATTO. Flusso netto: 0.40000000000000036, Demand: 0.4, percentage: 100.00000000000009
Sink 40 SODDISFATTO. Flusso netto: 0.5, Demand: 0.5, percentage: 100.0
Sink 41 SODDISFATTO. Flusso netto: 1.0599999999999996, Demand: 1.06, percentage: 99.99999999999996
Sink 42 SODDISFATTO. Flusso netto: 2.819999999999999, Demand: 2.82, percentage: 99.99999999999997
Sink 45 SODDISFATTO. Flusso netto: 0.6800000000000002, Demand: 0.68, percentage: 100.00000000000003
Sink 46 SODDISFATTO. Flusso netto: 1.17, Demand: 1.17, percentage: 100.0
Sink 49 non è soddisfatto. Flusso netto: 0.0, Demand: 7.0, percentage: 0.0
Flusso totale entrante nei SINK: 76.02199999999999
Flusso totale uscente nei SINK: 37.35000000000001
Flusso totale netto nei SINK: 38.67199999999998
Total DEMAND dei SINK: 46.44
Percentual di flusso ai SINK: 0.8327304048234278
Numero di Sink soddisfatti: 23.0, numero totale di sink: 25.0
Percentuale di Sink soddisfatti: 0.92

---------------------------------- DAY 102

Update Fixed Elements from Intrinsic Faults
Update Fixed Elements from Heavy Faults
Update Fixed Elements from Attack
Propagate Intrinsic Fault
Node NODO_2 has still failing due to Intrinsic Fault
pipeline ARCO_70 still has reduced capacity: 4.960000000000001 due to Intrinsic Fault
pipeline V_EDGE_53_0 still has reduced capacity: 4.960000000000001 due to Intrinsic Fault
pipeline ARCO_0 still has reduced capacity: 4.960000000000001 due to Intrinsic Fault
Propagate Heavy Faults
Node NODO_2 has still failing due to Heavy Fault
Node NODO_11 has still failing due to Heavy Fault
pipeline ARCO_70 still has reduced capacity: 6.2 due to Heavy Fault
pipeline V_EDGE_53_0 still has reduced capacity: 6.2 due to Heavy Fault
pipeline ARCO_0 still has reduced capacity: 6.2 due to Heavy Fault
pipeline ARCO_3 still has reduced capacity: 2.422 due to Heavy Fault
pipeline ARCO_90 still has reduced capacity: 0.4 due to Heavy Fault
pipeline ARCO_91 still has reduced capacity: 2.422 due to Heavy Fault
pipeline ARCO_92 still has reduced capacity: 9.832 due to Heavy Fault
pipeline V_EDGE_53_9 still has reduced capacity: 1.42 due to Heavy Fault
pipeline ARCO_20 still has reduced capacity: 0.4 due to Heavy Fault
pipeline ARCO_21 still has reduced capacity: 2.422 due to Heavy Fault
pipeline ARCO_22 still has reduced capacity: 9.832 due to Heavy Fault
pipeline ARCO_73 still has reduced capacity: 2.422 due to Heavy Fault
pipeline ARCO_50 still failing: 0.0 due to Heavy Fault
pipeline ARCO_120 still failing: 0.0 due to Heavy Fault
pipeline ARCO_100 still failing: 0.0 due to Heavy Fault
pipeline ARCO_30 still failing: 0.0 due to Heavy Fault
pipeline ARCO_75 still failing: 0.0 due to Heavy Fault
pipeline ARCO_5 still failing: 0.0 due to Heavy Fault
Propagate Attacks
Inject Intrinsic Failure To Source
Inject Heavy Fault To Sources
Inject Attack Multiple To Source
Inject Intrinsic Fault To Pipeline
Inject Heavy Fault To Pipeline
Inject Attack To Pipeline
----------- Statistics ------------
	Sources Under Attack: 0
	Sources with Heavy Fault: 2
	Sources with Intrinsic Fault: 1
	Arcs with reduce capacity due to Attack: 0
	Arcs with reduce capacity due to Heavy Fault: 12
	Arcs with reduce capacity due to Intrinsic Fault: 3
	Arcs with Attacks: 0
	Arcs with Heavy Fault: 6
	Arcs with Intrinsic Fault: 0
--------- SOURCES STATISTICS ---------------
Demand del real Source[0]: -31.0, flusso erogato: 4.703999999999999, flusso entrante: 0.0, efficienza: 15.174193548387095 %
Demand del real Source[8]: -10.5, flusso erogato: 7.548, flusso entrante: 0.0, efficienza: 71.88571428571429 %
Demand del real Source[9]: -7.1, flusso erogato: 5.123999999999998, flusso entrante: 3.703999999999999, efficienza: 72.16901408450703 %
Demand del real Source[17]: -25.0, flusso erogato: 25.000000000000007, flusso entrante: 0.0, efficienza: 100.00000000000003 %
Flusso totale entrante nei Real Source: 3.703999999999999
Flusso totale uscente dai Real Source: 42.376000000000005
Flusso netto sui real Source: -38.672000000000004
--- SINKS STATISTICS ---
Sink 3 SODDISFATTO. Flusso netto: 3.4300000000000006, Demand: 3.43, percentage: 100.00000000000003
Sink 4 SODDISFATTO. Flusso netto: 0.5700000000000003, Demand: 0.57, percentage: 100.00000000000007
Sink 5 SODDISFATTO. Flusso netto: 0.6599999999999966, Demand: 0.66, percentage: 99.99999999999947
Sink 11 SODDISFATTO. Flusso netto: 1.03, Demand: 1.03, percentage: 100.0
Sink 15 SODDISFATTO. Flusso netto: 0.4600000000000044, Demand: 0.46, percentage: 100.00000000000095
Sink 16 SODDISFATTO. Flusso netto: 8.399999999999993, Demand: 8.4, percentage: 99.99999999999991
Sink 19 SODDISFATTO. Flusso netto: 0.5399999999999938, Demand: 0.54, percentage: 99.99999999999885
Sink 23 SODDISFATTO. Flusso netto: 0.5999999999999996, Demand: 0.6, percentage: 99.99999999999994
Sink 24 SODDISFATTO. Flusso netto: 0.8000000000000007, Demand: 0.8, percentage: 100.00000000000009
Sink 25 SODDISFATTO. Flusso netto: 3.5, Demand: 3.5, percentage: 100.0
Sink 26 SODDISFATTO. Flusso netto: 6.000000000000007, Demand: 6.0, percentage: 100.00000000000011
Sink 28 SODDISFATTO. Flusso netto: 0.4, Demand: 0.4, percentage: 100.0
Sink 30 SODDISFATTO. Flusso netto: 0.9799999999999933, Demand: 0.98, percentage: 99.99999999999932
Sink 31 SODDISFATTO. Flusso netto: 0.3999999999999999, Demand: 0.4, percentage: 99.99999999999997
Sink 32 SODDISFATTO. Flusso netto: 0.9999999999999989, Demand: 1.0, percentage: 99.99999999999989
Sink 34 non è soddisfatto. Flusso netto: 0.9720000000000004, Demand: 1.74, percentage: 55.86206896551727
Sink 35 SODDISFATTO. Flusso netto: 1.3, Demand: 1.3, percentage: 100.0
Sink 37 SODDISFATTO. Flusso netto: 1.0, Demand: 1.0, percentage: 100.0
Sink 39 SODDISFATTO. Flusso netto: 0.40000000000000036, Demand: 0.4, percentage: 100.00000000000009
Sink 40 SODDISFATTO. Flusso netto: 0.5, Demand: 0.5, percentage: 100.0
Sink 41 SODDISFATTO. Flusso netto: 1.0599999999999996, Demand: 1.06, percentage: 99.99999999999996
Sink 42 SODDISFATTO. Flusso netto: 2.819999999999999, Demand: 2.82, percentage: 99.99999999999997
Sink 45 SODDISFATTO. Flusso netto: 0.6800000000000002, Demand: 0.68, percentage: 100.00000000000003
Sink 46 SODDISFATTO. Flusso netto: 1.17, Demand: 1.17, percentage: 100.0
Sink 49 non è soddisfatto. Flusso netto: 0.0, Demand: 7.0, percentage: 0.0
Flusso totale entrante nei SINK: 76.02199999999999
Flusso totale uscente nei SINK: 37.35000000000001
Flusso totale netto nei SINK: 38.67199999999998
Total DEMAND dei SINK: 46.44
Percentual di flusso ai SINK: 0.8327304048234278
Numero di Sink soddisfatti: 23.0, numero totale di sink: 25.0
Percentuale di Sink soddisfatti: 0.92

---------------------------------- DAY 103

Update Fixed Elements from Intrinsic Faults
Update Fixed Elements from Heavy Faults
Pipeline ARCO_50 fixed from Heavy Fault
Pipeline ARCO_120 fixed from Heavy Fault
Pipeline ARCO_100 fixed from Heavy Fault
Pipeline ARCO_30 fixed from Heavy Fault
Pipeline ARCO_75 fixed from Heavy Fault
Pipeline ARCO_5 fixed from Heavy Fault
Update Fixed Elements from Attack
Propagate Intrinsic Fault
Node NODO_2 has still failing due to Intrinsic Fault
pipeline ARCO_70 still has reduced capacity: 4.960000000000001 due to Intrinsic Fault
pipeline V_EDGE_53_0 still has reduced capacity: 4.960000000000001 due to Intrinsic Fault
pipeline ARCO_0 still has reduced capacity: 4.960000000000001 due to Intrinsic Fault
Propagate Heavy Faults
Node NODO_2 has still failing due to Heavy Fault
Node NODO_11 has still failing due to Heavy Fault
pipeline ARCO_70 still has reduced capacity: 6.2 due to Heavy Fault
pipeline V_EDGE_53_0 still has reduced capacity: 6.2 due to Heavy Fault
pipeline ARCO_0 still has reduced capacity: 6.2 due to Heavy Fault
pipeline ARCO_3 still has reduced capacity: 2.422 due to Heavy Fault
pipeline ARCO_90 still has reduced capacity: 0.4 due to Heavy Fault
pipeline ARCO_91 still has reduced capacity: 2.422 due to Heavy Fault
pipeline ARCO_92 still has reduced capacity: 9.832 due to Heavy Fault
pipeline V_EDGE_53_9 still has reduced capacity: 1.42 due to Heavy Fault
pipeline ARCO_20 still has reduced capacity: 0.4 due to Heavy Fault
pipeline ARCO_21 still has reduced capacity: 2.422 due to Heavy Fault
pipeline ARCO_22 still has reduced capacity: 9.832 due to Heavy Fault
pipeline ARCO_73 still has reduced capacity: 2.422 due to Heavy Fault
Propagate Attacks
Inject Intrinsic Failure To Source
Inject Heavy Fault To Sources
Inject Attack Multiple To Source
Inject Intrinsic Fault To Pipeline
Inject Heavy Fault To Pipeline
Inject Attack To Pipeline
----------- Statistics ------------
	Sources Under Attack: 0
	Sources with Heavy Fault: 2
	Sources with Intrinsic Fault: 1
	Arcs with reduce capacity due to Attack: 0
	Arcs with reduce capacity due to Heavy Fault: 12
	Arcs with reduce capacity due to Intrinsic Fault: 3
	Arcs with Attacks: 0
	Arcs with Heavy Fault: 0
	Arcs with Intrinsic Fault: 0
--------- SOURCES STATISTICS ---------------
Demand del real Source[0]: -31.0, flusso erogato: 4.703999999999999, flusso entrante: 0.0, efficienza: 15.174193548387095 %
Demand del real Source[8]: -10.5, flusso erogato: 7.548, flusso entrante: 0.0, efficienza: 71.88571428571429 %
Demand del real Source[9]: -7.1, flusso erogato: 5.123999999999998, flusso entrante: 3.703999999999999, efficienza: 72.16901408450703 %
Demand del real Source[17]: -25.0, flusso erogato: 25.000000000000007, flusso entrante: 0.0, efficienza: 100.00000000000003 %
Flusso totale entrante nei Real Source: 3.703999999999999
Flusso totale uscente dai Real Source: 42.376000000000005
Flusso netto sui real Source: -38.672000000000004
--- SINKS STATISTICS ---
Sink 3 SODDISFATTO. Flusso netto: 3.4300000000000006, Demand: 3.43, percentage: 100.00000000000003
Sink 4 SODDISFATTO. Flusso netto: 0.5700000000000003, Demand: 0.57, percentage: 100.00000000000007
Sink 5 SODDISFATTO. Flusso netto: 0.6599999999999966, Demand: 0.66, percentage: 99.99999999999947
Sink 11 SODDISFATTO. Flusso netto: 1.03, Demand: 1.03, percentage: 100.0
Sink 15 SODDISFATTO. Flusso netto: 0.4600000000000044, Demand: 0.46, percentage: 100.00000000000095
Sink 16 SODDISFATTO. Flusso netto: 8.399999999999993, Demand: 8.4, percentage: 99.99999999999991
Sink 19 SODDISFATTO. Flusso netto: 0.5399999999999938, Demand: 0.54, percentage: 99.99999999999885
Sink 23 SODDISFATTO. Flusso netto: 0.5999999999999996, Demand: 0.6, percentage: 99.99999999999994
Sink 24 SODDISFATTO. Flusso netto: 0.8000000000000007, Demand: 0.8, percentage: 100.00000000000009
Sink 25 SODDISFATTO. Flusso netto: 3.5, Demand: 3.5, percentage: 100.0
Sink 26 SODDISFATTO. Flusso netto: 6.000000000000007, Demand: 6.0, percentage: 100.00000000000011
Sink 28 SODDISFATTO. Flusso netto: 0.4, Demand: 0.4, percentage: 100.0
Sink 30 SODDISFATTO. Flusso netto: 0.9799999999999933, Demand: 0.98, percentage: 99.99999999999932
Sink 31 SODDISFATTO. Flusso netto: 0.3999999999999999, Demand: 0.4, percentage: 99.99999999999997
Sink 32 SODDISFATTO. Flusso netto: 0.9999999999999989, Demand: 1.0, percentage: 99.99999999999989
Sink 34 non è soddisfatto. Flusso netto: 0.9720000000000004, Demand: 1.74, percentage: 55.86206896551727
Sink 35 SODDISFATTO. Flusso netto: 1.3, Demand: 1.3, percentage: 100.0
Sink 37 SODDISFATTO. Flusso netto: 1.0, Demand: 1.0, percentage: 100.0
Sink 39 SODDISFATTO. Flusso netto: 0.40000000000000036, Demand: 0.4, percentage: 100.00000000000009
Sink 40 SODDISFATTO. Flusso netto: 0.5, Demand: 0.5, percentage: 100.0
Sink 41 SODDISFATTO. Flusso netto: 1.0599999999999996, Demand: 1.06, percentage: 99.99999999999996
Sink 42 SODDISFATTO. Flusso netto: 2.819999999999999, Demand: 2.82, percentage: 99.99999999999997
Sink 45 SODDISFATTO. Flusso netto: 0.6800000000000002, Demand: 0.68, percentage: 100.00000000000003
Sink 46 SODDISFATTO. Flusso netto: 1.17, Demand: 1.17, percentage: 100.0
Sink 49 non è soddisfatto. Flusso netto: 0.0, Demand: 7.0, percentage: 0.0
Flusso totale entrante nei SINK: 76.02199999999999
Flusso totale uscente nei SINK: 37.35000000000001
Flusso totale netto nei SINK: 38.67199999999998
Total DEMAND dei SINK: 46.44
Percentual di flusso ai SINK: 0.8327304048234278
Numero di Sink soddisfatti: 23.0, numero totale di sink: 25.0
Percentuale di Sink soddisfatti: 0.92

---------------------------------- DAY 104

Update Fixed Elements from Intrinsic Faults
Source NODO_2 fixed from Intrinsic Fault
Pipeline ARCO_70 fixed due to Source NODO_2 fixing from Intrinsic Fault
Pipeline V_EDGE_53_0 fixed due to Source NODO_2 fixing from Intrinsic Fault
Pipeline ARCO_0 fixed due to Source NODO_2 fixing from Intrinsic Fault
Update Fixed Elements from Heavy Faults
Source NODO_2 fixed from Heavy Fault
Pipeline ARCO_70 fixed due to Source NODO_2 fixing from Heavy Fault
Pipeline V_EDGE_53_0 fixed due to Source NODO_2 fixing from Heavy Fault
Pipeline ARCO_0 fixed due to Source NODO_2 fixing from Heavy Fault
Source NODO_11 fixed from Heavy Fault
Pipeline ARCO_3 fixed due to Source NODO_11 fixing from Heavy Fault
Pipeline ARCO_90 fixed due to Source NODO_11 fixing from Heavy Fault
Pipeline ARCO_91 fixed due to Source NODO_11 fixing from Heavy Fault
Pipeline ARCO_92 fixed due to Source NODO_11 fixing from Heavy Fault
Pipeline V_EDGE_53_9 fixed due to Source NODO_11 fixing from Heavy Fault
Pipeline ARCO_20 fixed due to Source NODO_11 fixing from Heavy Fault
Pipeline ARCO_21 fixed due to Source NODO_11 fixing from Heavy Fault
Pipeline ARCO_22 fixed due to Source NODO_11 fixing from Heavy Fault
Pipeline ARCO_73 fixed due to Source NODO_11 fixing from Heavy Fault
Update Fixed Elements from Attack
Propagate Intrinsic Fault
Propagate Heavy Faults
Propagate Attacks
Inject Intrinsic Failure To Source
Source NODO_11 is failing for an Intrinsic Fault in day: 104
pipeline ARCO_3 has reduced capacity due to NODO_11 Intrinsic fault
pipeline ARCO_90 has reduced capacity due to NODO_11 Intrinsic fault
pipeline ARCO_91 has reduced capacity due to NODO_11 Intrinsic fault
pipeline ARCO_92 has reduced capacity due to NODO_11 Intrinsic fault
pipeline V_EDGE_53_9 has reduced capacity due to NODO_11 Intrinsic fault
pipeline ARCO_20 has reduced capacity due to NODO_11 Intrinsic fault
pipeline ARCO_21 has reduced capacity due to NODO_11 Intrinsic fault
pipeline ARCO_22 has reduced capacity due to NODO_11 Intrinsic fault
pipeline ARCO_73 has reduced capacity due to NODO_11 Intrinsic fault
Inject Heavy Fault To Sources
Inject Attack Multiple To Source
Inject Intrinsic Fault To Pipeline
Inject Heavy Fault To Pipeline
Inject Attack To Pipeline
----------- Statistics ------------
	Sources Under Attack: 0
	Sources with Heavy Fault: 0
	Sources with Intrinsic Fault: 1
	Arcs with reduce capacity due to Attack: 0
	Arcs with reduce capacity due to Heavy Fault: 0
	Arcs with reduce capacity due to Intrinsic Fault: 9
	Arcs with Attacks: 0
	Arcs with Heavy Fault: 0
	Arcs with Intrinsic Fault: 0
--------- SOURCES STATISTICS ---------------
Demand del real Source[0]: -31.0, flusso erogato: 8.729999999999993, flusso entrante: 0.0, efficienza: 28.161290322580623 %
Demand del real Source[8]: -10.5, flusso erogato: 3.8600000000000003, flusso entrante: 0.0, efficienza: 36.76190476190476 %
Demand del real Source[9]: -7.1, flusso erogato: 13.409999999999997, flusso entrante: 7.73, efficienza: 188.87323943661968 %
Demand del real Source[17]: -25.0, flusso erogato: 25.000000000000007, flusso entrante: 0.0, efficienza: 100.00000000000003 %
Flusso totale entrante nei Real Source: 7.73
Flusso totale uscente dai Real Source: 51.0
Flusso netto sui real Source: -43.269999999999996
--- SINKS STATISTICS ---
Sink 3 SODDISFATTO. Flusso netto: 3.4299999999999997, Demand: 3.43, percentage: 99.99999999999999
Sink 4 SODDISFATTO. Flusso netto: 0.5700000000000003, Demand: 0.57, percentage: 100.00000000000007
Sink 5 SODDISFATTO. Flusso netto: 0.6600000000000001, Demand: 0.66, percentage: 100.00000000000003
Sink 11 SODDISFATTO. Flusso netto: 1.03, Demand: 1.03, percentage: 100.0
Sink 15 SODDISFATTO. Flusso netto: 0.4600000000000044, Demand: 0.46, percentage: 100.00000000000095
Sink 16 SODDISFATTO. Flusso netto: 8.399999999999993, Demand: 8.4, percentage: 99.99999999999991
Sink 19 SODDISFATTO. Flusso netto: 0.5399999999999938, Demand: 0.54, percentage: 99.99999999999885
Sink 23 SODDISFATTO. Flusso netto: 0.5999999999999996, Demand: 0.6, percentage: 99.99999999999994
Sink 24 SODDISFATTO. Flusso netto: 0.8000000000000007, Demand: 0.8, percentage: 100.00000000000009
Sink 25 SODDISFATTO. Flusso netto: 3.5, Demand: 3.5, percentage: 100.0
Sink 26 SODDISFATTO. Flusso netto: 6.000000000000007, Demand: 6.0, percentage: 100.00000000000011
Sink 28 SODDISFATTO. Flusso netto: 0.4, Demand: 0.4, percentage: 100.0
Sink 30 SODDISFATTO. Flusso netto: 0.9799999999999933, Demand: 0.98, percentage: 99.99999999999932
Sink 31 SODDISFATTO. Flusso netto: 0.3999999999999999, Demand: 0.4, percentage: 99.99999999999997
Sink 32 SODDISFATTO. Flusso netto: 0.9999999999999989, Demand: 1.0, percentage: 99.99999999999989
Sink 34 SODDISFATTO. Flusso netto: 1.7400000000000002, Demand: 1.74, percentage: 100.00000000000003
Sink 35 SODDISFATTO. Flusso netto: 1.3, Demand: 1.3, percentage: 100.0
Sink 37 SODDISFATTO. Flusso netto: 1.0, Demand: 1.0, percentage: 100.0
Sink 39 SODDISFATTO. Flusso netto: 0.40000000000000036, Demand: 0.4, percentage: 100.00000000000009
Sink 40 SODDISFATTO. Flusso netto: 0.5, Demand: 0.5, percentage: 100.0
Sink 41 SODDISFATTO. Flusso netto: 1.0600000000000005, Demand: 1.06, percentage: 100.00000000000004
Sink 42 SODDISFATTO. Flusso netto: 2.819999999999999, Demand: 2.82, percentage: 99.99999999999997
Sink 45 SODDISFATTO. Flusso netto: 0.6800000000000002, Demand: 0.68, percentage: 100.00000000000003
Sink 46 SODDISFATTO. Flusso netto: 1.17, Demand: 1.17, percentage: 100.0
Sink 49 non è soddisfatto. Flusso netto: 3.83, Demand: 7.0, percentage: 54.714285714285715
Flusso totale entrante nei SINK: 85.282
Flusso totale uscente nei SINK: 42.01200000000001
Flusso totale netto nei SINK: 43.26999999999999
Total DEMAND dei SINK: 46.44
Percentual di flusso ai SINK: 0.9317398794142978
Numero di Sink soddisfatti: 24.0, numero totale di sink: 25.0
Percentuale di Sink soddisfatti: 0.96

---------------------------------- DAY 105

Update Fixed Elements from Intrinsic Faults
Update Fixed Elements from Heavy Faults
Update Fixed Elements from Attack
Propagate Intrinsic Fault
Node NODO_11 has still failing due to Intrinsic Fault
pipeline ARCO_3 still has reduced capacity: 9.688 due to Intrinsic Fault
pipeline ARCO_90 still has reduced capacity: 1.6 due to Intrinsic Fault
pipeline ARCO_91 still has reduced capacity: 9.688 due to Intrinsic Fault
pipeline ARCO_92 still has reduced capacity: 39.328 due to Intrinsic Fault
pipeline V_EDGE_53_9 still has reduced capacity: 5.68 due to Intrinsic Fault
pipeline ARCO_20 still has reduced capacity: 1.6 due to Intrinsic Fault
pipeline ARCO_21 still has reduced capacity: 9.688 due to Intrinsic Fault
pipeline ARCO_22 still has reduced capacity: 39.328 due to Intrinsic Fault
pipeline ARCO_73 still has reduced capacity: 9.688 due to Intrinsic Fault
Propagate Heavy Faults
Propagate Attacks
Inject Intrinsic Failure To Source
Inject Heavy Fault To Sources
Inject Attack Multiple To Source
Inject Intrinsic Fault To Pipeline
Inject Heavy Fault To Pipeline
Inject Attack To Pipeline
----------- Statistics ------------
	Sources Under Attack: 0
	Sources with Heavy Fault: 0
	Sources with Intrinsic Fault: 1
	Arcs with reduce capacity due to Attack: 0
	Arcs with reduce capacity due to Heavy Fault: 0
	Arcs with reduce capacity due to Intrinsic Fault: 9
	Arcs with Attacks: 0
	Arcs with Heavy Fault: 0
	Arcs with Intrinsic Fault: 0
--------- SOURCES STATISTICS ---------------
Demand del real Source[0]: -31.0, flusso erogato: 8.729999999999993, flusso entrante: 0.0, efficienza: 28.161290322580623 %
Demand del real Source[8]: -10.5, flusso erogato: 3.8600000000000003, flusso entrante: 0.0, efficienza: 36.76190476190476 %
Demand del real Source[9]: -7.1, flusso erogato: 13.409999999999997, flusso entrante: 7.73, efficienza: 188.87323943661968 %
Demand del real Source[17]: -25.0, flusso erogato: 25.000000000000007, flusso entrante: 0.0, efficienza: 100.00000000000003 %
Flusso totale entrante nei Real Source: 7.73
Flusso totale uscente dai Real Source: 51.0
Flusso netto sui real Source: -43.269999999999996
--- SINKS STATISTICS ---
Sink 3 SODDISFATTO. Flusso netto: 3.4299999999999997, Demand: 3.43, percentage: 99.99999999999999
Sink 4 SODDISFATTO. Flusso netto: 0.5700000000000003, Demand: 0.57, percentage: 100.00000000000007
Sink 5 SODDISFATTO. Flusso netto: 0.6600000000000001, Demand: 0.66, percentage: 100.00000000000003
Sink 11 SODDISFATTO. Flusso netto: 1.03, Demand: 1.03, percentage: 100.0
Sink 15 SODDISFATTO. Flusso netto: 0.4600000000000044, Demand: 0.46, percentage: 100.00000000000095
Sink 16 SODDISFATTO. Flusso netto: 8.399999999999993, Demand: 8.4, percentage: 99.99999999999991
Sink 19 SODDISFATTO. Flusso netto: 0.5399999999999938, Demand: 0.54, percentage: 99.99999999999885
Sink 23 SODDISFATTO. Flusso netto: 0.5999999999999996, Demand: 0.6, percentage: 99.99999999999994
Sink 24 SODDISFATTO. Flusso netto: 0.8000000000000007, Demand: 0.8, percentage: 100.00000000000009
Sink 25 SODDISFATTO. Flusso netto: 3.5, Demand: 3.5, percentage: 100.0
Sink 26 SODDISFATTO. Flusso netto: 6.000000000000007, Demand: 6.0, percentage: 100.00000000000011
Sink 28 SODDISFATTO. Flusso netto: 0.4, Demand: 0.4, percentage: 100.0
Sink 30 SODDISFATTO. Flusso netto: 0.9799999999999933, Demand: 0.98, percentage: 99.99999999999932
Sink 31 SODDISFATTO. Flusso netto: 0.3999999999999999, Demand: 0.4, percentage: 99.99999999999997
Sink 32 SODDISFATTO. Flusso netto: 0.9999999999999989, Demand: 1.0, percentage: 99.99999999999989
Sink 34 SODDISFATTO. Flusso netto: 1.7400000000000002, Demand: 1.74, percentage: 100.00000000000003
Sink 35 SODDISFATTO. Flusso netto: 1.3, Demand: 1.3, percentage: 100.0
Sink 37 SODDISFATTO. Flusso netto: 1.0, Demand: 1.0, percentage: 100.0
Sink 39 SODDISFATTO. Flusso netto: 0.40000000000000036, Demand: 0.4, percentage: 100.00000000000009
Sink 40 SODDISFATTO. Flusso netto: 0.5, Demand: 0.5, percentage: 100.0
Sink 41 SODDISFATTO. Flusso netto: 1.0600000000000005, Demand: 1.06, percentage: 100.00000000000004
Sink 42 SODDISFATTO. Flusso netto: 2.819999999999999, Demand: 2.82, percentage: 99.99999999999997
Sink 45 SODDISFATTO. Flusso netto: 0.6800000000000002, Demand: 0.68, percentage: 100.00000000000003
Sink 46 SODDISFATTO. Flusso netto: 1.17, Demand: 1.17, percentage: 100.0
Sink 49 non è soddisfatto. Flusso netto: 3.83, Demand: 7.0, percentage: 54.714285714285715
Flusso totale entrante nei SINK: 85.282
Flusso totale uscente nei SINK: 42.01200000000001
Flusso totale netto nei SINK: 43.26999999999999
Total DEMAND dei SINK: 46.44
Percentual di flusso ai SINK: 0.9317398794142978
Numero di Sink soddisfatti: 24.0, numero totale di sink: 25.0
Percentuale di Sink soddisfatti: 0.96

---------------------------------- DAY 106

Update Fixed Elements from Intrinsic Faults
Update Fixed Elements from Heavy Faults
Update Fixed Elements from Attack
Propagate Intrinsic Fault
Node NODO_11 has still failing due to Intrinsic Fault
pipeline ARCO_3 still has reduced capacity: 9.688 due to Intrinsic Fault
pipeline ARCO_90 still has reduced capacity: 1.6 due to Intrinsic Fault
pipeline ARCO_91 still has reduced capacity: 9.688 due to Intrinsic Fault
pipeline ARCO_92 still has reduced capacity: 39.328 due to Intrinsic Fault
pipeline V_EDGE_53_9 still has reduced capacity: 5.68 due to Intrinsic Fault
pipeline ARCO_20 still has reduced capacity: 1.6 due to Intrinsic Fault
pipeline ARCO_21 still has reduced capacity: 9.688 due to Intrinsic Fault
pipeline ARCO_22 still has reduced capacity: 39.328 due to Intrinsic Fault
pipeline ARCO_73 still has reduced capacity: 9.688 due to Intrinsic Fault
Propagate Heavy Faults
Propagate Attacks
Inject Intrinsic Failure To Source
Source NODO_2 is failing for an Intrinsic Fault in day: 106
pipeline ARCO_70 has reduced capacity due to NODO_2 Intrinsic fault
pipeline V_EDGE_53_0 has reduced capacity due to NODO_2 Intrinsic fault
pipeline ARCO_0 has reduced capacity due to NODO_2 Intrinsic fault
Inject Heavy Fault To Sources
Inject Attack Multiple To Source
Inject Intrinsic Fault To Pipeline
Inject Heavy Fault To Pipeline
Inject Attack To Pipeline
----------- Statistics ------------
	Sources Under Attack: 0
	Sources with Heavy Fault: 0
	Sources with Intrinsic Fault: 2
	Arcs with reduce capacity due to Attack: 0
	Arcs with reduce capacity due to Heavy Fault: 0
	Arcs with reduce capacity due to Intrinsic Fault: 12
	Arcs with Attacks: 0
	Arcs with Heavy Fault: 0
	Arcs with Intrinsic Fault: 0
--------- SOURCES STATISTICS ---------------
Demand del real Source[0]: -31.0, flusso erogato: 8.729999999999997, flusso entrante: 0.0, efficienza: 28.161290322580633 %
Demand del real Source[8]: -10.5, flusso erogato: 3.8600000000000003, flusso entrante: 0.0, efficienza: 36.76190476190476 %
Demand del real Source[9]: -7.1, flusso erogato: 13.409999999999997, flusso entrante: 7.73, efficienza: 188.87323943661968 %
Demand del real Source[17]: -25.0, flusso erogato: 25.000000000000007, flusso entrante: 0.0, efficienza: 100.00000000000003 %
Flusso totale entrante nei Real Source: 7.73
Flusso totale uscente dai Real Source: 51.0
Flusso netto sui real Source: -43.269999999999996
--- SINKS STATISTICS ---
Sink 3 SODDISFATTO. Flusso netto: 3.4299999999999997, Demand: 3.43, percentage: 99.99999999999999
Sink 4 SODDISFATTO. Flusso netto: 0.5700000000000003, Demand: 0.57, percentage: 100.00000000000007
Sink 5 SODDISFATTO. Flusso netto: 0.6600000000000001, Demand: 0.66, percentage: 100.00000000000003
Sink 11 SODDISFATTO. Flusso netto: 1.03, Demand: 1.03, percentage: 100.0
Sink 15 SODDISFATTO. Flusso netto: 0.4600000000000044, Demand: 0.46, percentage: 100.00000000000095
Sink 16 SODDISFATTO. Flusso netto: 8.399999999999993, Demand: 8.4, percentage: 99.99999999999991
Sink 19 SODDISFATTO. Flusso netto: 0.5399999999999938, Demand: 0.54, percentage: 99.99999999999885
Sink 23 SODDISFATTO. Flusso netto: 0.5999999999999996, Demand: 0.6, percentage: 99.99999999999994
Sink 24 SODDISFATTO. Flusso netto: 0.8000000000000007, Demand: 0.8, percentage: 100.00000000000009
Sink 25 SODDISFATTO. Flusso netto: 3.5, Demand: 3.5, percentage: 100.0
Sink 26 SODDISFATTO. Flusso netto: 6.000000000000007, Demand: 6.0, percentage: 100.00000000000011
Sink 28 SODDISFATTO. Flusso netto: 0.4, Demand: 0.4, percentage: 100.0
Sink 30 SODDISFATTO. Flusso netto: 0.9799999999999933, Demand: 0.98, percentage: 99.99999999999932
Sink 31 SODDISFATTO. Flusso netto: 0.3999999999999999, Demand: 0.4, percentage: 99.99999999999997
Sink 32 SODDISFATTO. Flusso netto: 0.9999999999999989, Demand: 1.0, percentage: 99.99999999999989
Sink 34 SODDISFATTO. Flusso netto: 1.7400000000000002, Demand: 1.74, percentage: 100.00000000000003
Sink 35 SODDISFATTO. Flusso netto: 1.3, Demand: 1.3, percentage: 100.0
Sink 37 SODDISFATTO. Flusso netto: 1.0, Demand: 1.0, percentage: 100.0
Sink 39 SODDISFATTO. Flusso netto: 0.40000000000000036, Demand: 0.4, percentage: 100.00000000000009
Sink 40 SODDISFATTO. Flusso netto: 0.5, Demand: 0.5, percentage: 100.0
Sink 41 SODDISFATTO. Flusso netto: 1.0600000000000005, Demand: 1.06, percentage: 100.00000000000004
Sink 42 SODDISFATTO. Flusso netto: 2.819999999999999, Demand: 2.82, percentage: 99.99999999999997
Sink 45 SODDISFATTO. Flusso netto: 0.6800000000000002, Demand: 0.68, percentage: 100.00000000000003
Sink 46 SODDISFATTO. Flusso netto: 1.17, Demand: 1.17, percentage: 100.0
Sink 49 non è soddisfatto. Flusso netto: 3.83, Demand: 7.0, percentage: 54.714285714285715
Flusso totale entrante nei SINK: 85.282
Flusso totale uscente nei SINK: 42.01200000000001
Flusso totale netto nei SINK: 43.26999999999999
Total DEMAND dei SINK: 46.44
Percentual di flusso ai SINK: 0.9317398794142978
Numero di Sink soddisfatti: 24.0, numero totale di sink: 25.0
Percentuale di Sink soddisfatti: 0.96

---------------------------------- DAY 107

Update Fixed Elements from Intrinsic Faults
Source NODO_11 fixed from Intrinsic Fault
Pipeline ARCO_3 fixed due to Source NODO_11 fixing from Intrinsic Fault
Pipeline ARCO_90 fixed due to Source NODO_11 fixing from Intrinsic Fault
Pipeline ARCO_91 fixed due to Source NODO_11 fixing from Intrinsic Fault
Pipeline ARCO_92 fixed due to Source NODO_11 fixing from Intrinsic Fault
Pipeline V_EDGE_53_9 fixed due to Source NODO_11 fixing from Intrinsic Fault
Pipeline ARCO_20 fixed due to Source NODO_11 fixing from Intrinsic Fault
Pipeline ARCO_21 fixed due to Source NODO_11 fixing from Intrinsic Fault
Pipeline ARCO_22 fixed due to Source NODO_11 fixing from Intrinsic Fault
Pipeline ARCO_73 fixed due to Source NODO_11 fixing from Intrinsic Fault
Update Fixed Elements from Heavy Faults
Update Fixed Elements from Attack
Propagate Intrinsic Fault
Node NODO_2 has still failing due to Intrinsic Fault
pipeline ARCO_70 still has reduced capacity: 24.8 due to Intrinsic Fault
pipeline V_EDGE_53_0 still has reduced capacity: 24.8 due to Intrinsic Fault
pipeline ARCO_0 still has reduced capacity: 24.8 due to Intrinsic Fault
Propagate Heavy Faults
Propagate Attacks
Inject Intrinsic Failure To Source
Inject Heavy Fault To Sources
Inject Attack Multiple To Source
Inject Intrinsic Fault To Pipeline
Inject Heavy Fault To Pipeline
Inject Attack To Pipeline
----------- Statistics ------------
	Sources Under Attack: 0
	Sources with Heavy Fault: 0
	Sources with Intrinsic Fault: 1
	Arcs with reduce capacity due to Attack: 0
	Arcs with reduce capacity due to Heavy Fault: 0
	Arcs with reduce capacity due to Intrinsic Fault: 3
	Arcs with Attacks: 0
	Arcs with Heavy Fault: 0
	Arcs with Intrinsic Fault: 0
--------- SOURCES STATISTICS ---------------
Demand del real Source[0]: -31.0, flusso erogato: 8.069999999999997, flusso entrante: 0.0, efficienza: 26.032258064516117 %
Demand del real Source[8]: -10.5, flusso erogato: 3.8600000000000003, flusso entrante: 0.0, efficienza: 36.76190476190476 %
Demand del real Source[9]: -7.1, flusso erogato: 14.169999999999996, flusso entrante: 7.070000000000007, efficienza: 199.57746478873236 %
Demand del real Source[17]: -25.0, flusso erogato: 25.000000000000007, flusso entrante: 0.0, efficienza: 100.00000000000003 %
Flusso totale entrante nei Real Source: 7.070000000000007
Flusso totale uscente dai Real Source: 51.1
Flusso netto sui real Source: -44.029999999999994
--- SINKS STATISTICS ---
Sink 3 SODDISFATTO. Flusso netto: 3.4299999999999997, Demand: 3.43, percentage: 99.99999999999999
Sink 4 SODDISFATTO. Flusso netto: 0.5700000000000003, Demand: 0.57, percentage: 100.00000000000007
Sink 5 SODDISFATTO. Flusso netto: 0.6600000000000019, Demand: 0.66, percentage: 100.00000000000028
Sink 11 SODDISFATTO. Flusso netto: 1.03, Demand: 1.03, percentage: 100.0
Sink 15 SODDISFATTO. Flusso netto: 0.4600000000000044, Demand: 0.46, percentage: 100.00000000000095
Sink 16 SODDISFATTO. Flusso netto: 8.399999999999993, Demand: 8.4, percentage: 99.99999999999991
Sink 19 SODDISFATTO. Flusso netto: 0.5399999999999938, Demand: 0.54, percentage: 99.99999999999885
Sink 23 SODDISFATTO. Flusso netto: 0.5999999999999996, Demand: 0.6, percentage: 99.99999999999994
Sink 24 SODDISFATTO. Flusso netto: 0.8000000000000007, Demand: 0.8, percentage: 100.00000000000009
Sink 25 SODDISFATTO. Flusso netto: 3.5, Demand: 3.5, percentage: 100.0
Sink 26 SODDISFATTO. Flusso netto: 6.000000000000007, Demand: 6.0, percentage: 100.00000000000011
Sink 28 SODDISFATTO. Flusso netto: 0.4, Demand: 0.4, percentage: 100.0
Sink 30 SODDISFATTO. Flusso netto: 0.9799999999999933, Demand: 0.98, percentage: 99.99999999999932
Sink 31 SODDISFATTO. Flusso netto: 0.3999999999999999, Demand: 0.4, percentage: 99.99999999999997
Sink 32 SODDISFATTO. Flusso netto: 0.9999999999999989, Demand: 1.0, percentage: 99.99999999999989
Sink 34 SODDISFATTO. Flusso netto: 1.7400000000000002, Demand: 1.74, percentage: 100.00000000000003
Sink 35 SODDISFATTO. Flusso netto: 1.3, Demand: 1.3, percentage: 100.0
Sink 37 SODDISFATTO. Flusso netto: 1.0, Demand: 1.0, percentage: 100.0
Sink 39 SODDISFATTO. Flusso netto: 0.40000000000000036, Demand: 0.4, percentage: 100.00000000000009
Sink 40 SODDISFATTO. Flusso netto: 0.5, Demand: 0.5, percentage: 100.0
Sink 41 SODDISFATTO. Flusso netto: 1.0600000000000005, Demand: 1.06, percentage: 100.00000000000004
Sink 42 SODDISFATTO. Flusso netto: 2.8200000000000007, Demand: 2.82, percentage: 100.00000000000003
Sink 45 SODDISFATTO. Flusso netto: 0.6800000000000002, Demand: 0.68, percentage: 100.00000000000003
Sink 46 SODDISFATTO. Flusso netto: 1.17, Demand: 1.17, percentage: 100.0
Sink 49 non è soddisfatto. Flusso netto: 4.59, Demand: 7.0, percentage: 65.57142857142857
Flusso totale entrante nei SINK: 86.46000000000001
Flusso totale uscente nei SINK: 42.430000000000014
Flusso totale netto nei SINK: 44.029999999999994
Total DEMAND dei SINK: 46.44
Percentual di flusso ai SINK: 0.9481050818260119
Numero di Sink soddisfatti: 24.0, numero totale di sink: 25.0
Percentuale di Sink soddisfatti: 0.96

---------------------------------- DAY 108

Update Fixed Elements from Intrinsic Faults
Update Fixed Elements from Heavy Faults
Update Fixed Elements from Attack
Propagate Intrinsic Fault
Node NODO_2 has still failing due to Intrinsic Fault
pipeline ARCO_70 still has reduced capacity: 24.8 due to Intrinsic Fault
pipeline V_EDGE_53_0 still has reduced capacity: 24.8 due to Intrinsic Fault
pipeline ARCO_0 still has reduced capacity: 24.8 due to Intrinsic Fault
Propagate Heavy Faults
Propagate Attacks
Inject Intrinsic Failure To Source
Inject Heavy Fault To Sources
Inject Attack Multiple To Source
Inject Intrinsic Fault To Pipeline
Inject Heavy Fault To Pipeline
Inject Attack To Pipeline
----------- Statistics ------------
	Sources Under Attack: 0
	Sources with Heavy Fault: 0
	Sources with Intrinsic Fault: 1
	Arcs with reduce capacity due to Attack: 0
	Arcs with reduce capacity due to Heavy Fault: 0
	Arcs with reduce capacity due to Intrinsic Fault: 3
	Arcs with Attacks: 0
	Arcs with Heavy Fault: 0
	Arcs with Intrinsic Fault: 0
--------- SOURCES STATISTICS ---------------
Demand del real Source[0]: -31.0, flusso erogato: 8.069999999999997, flusso entrante: 0.0, efficienza: 26.032258064516117 %
Demand del real Source[8]: -10.5, flusso erogato: 3.8600000000000003, flusso entrante: 0.0, efficienza: 36.76190476190476 %
Demand del real Source[9]: -7.1, flusso erogato: 14.169999999999996, flusso entrante: 7.070000000000007, efficienza: 199.57746478873236 %
Demand del real Source[17]: -25.0, flusso erogato: 25.000000000000007, flusso entrante: 0.0, efficienza: 100.00000000000003 %
Flusso totale entrante nei Real Source: 7.070000000000007
Flusso totale uscente dai Real Source: 51.1
Flusso netto sui real Source: -44.029999999999994
--- SINKS STATISTICS ---
Sink 3 SODDISFATTO. Flusso netto: 3.4299999999999997, Demand: 3.43, percentage: 99.99999999999999
Sink 4 SODDISFATTO. Flusso netto: 0.5700000000000003, Demand: 0.57, percentage: 100.00000000000007
Sink 5 SODDISFATTO. Flusso netto: 0.6600000000000019, Demand: 0.66, percentage: 100.00000000000028
Sink 11 SODDISFATTO. Flusso netto: 1.03, Demand: 1.03, percentage: 100.0
Sink 15 SODDISFATTO. Flusso netto: 0.4600000000000044, Demand: 0.46, percentage: 100.00000000000095
Sink 16 SODDISFATTO. Flusso netto: 8.399999999999993, Demand: 8.4, percentage: 99.99999999999991
Sink 19 SODDISFATTO. Flusso netto: 0.5399999999999938, Demand: 0.54, percentage: 99.99999999999885
Sink 23 SODDISFATTO. Flusso netto: 0.5999999999999996, Demand: 0.6, percentage: 99.99999999999994
Sink 24 SODDISFATTO. Flusso netto: 0.8000000000000007, Demand: 0.8, percentage: 100.00000000000009
Sink 25 SODDISFATTO. Flusso netto: 3.5, Demand: 3.5, percentage: 100.0
Sink 26 SODDISFATTO. Flusso netto: 6.000000000000007, Demand: 6.0, percentage: 100.00000000000011
Sink 28 SODDISFATTO. Flusso netto: 0.4, Demand: 0.4, percentage: 100.0
Sink 30 SODDISFATTO. Flusso netto: 0.9799999999999933, Demand: 0.98, percentage: 99.99999999999932
Sink 31 SODDISFATTO. Flusso netto: 0.3999999999999999, Demand: 0.4, percentage: 99.99999999999997
Sink 32 SODDISFATTO. Flusso netto: 0.9999999999999989, Demand: 1.0, percentage: 99.99999999999989
Sink 34 SODDISFATTO. Flusso netto: 1.7400000000000002, Demand: 1.74, percentage: 100.00000000000003
Sink 35 SODDISFATTO. Flusso netto: 1.3, Demand: 1.3, percentage: 100.0
Sink 37 SODDISFATTO. Flusso netto: 1.0, Demand: 1.0, percentage: 100.0
Sink 39 SODDISFATTO. Flusso netto: 0.40000000000000036, Demand: 0.4, percentage: 100.00000000000009
Sink 40 SODDISFATTO. Flusso netto: 0.5, Demand: 0.5, percentage: 100.0
Sink 41 SODDISFATTO. Flusso netto: 1.0600000000000005, Demand: 1.06, percentage: 100.00000000000004
Sink 42 SODDISFATTO. Flusso netto: 2.8200000000000007, Demand: 2.82, percentage: 100.00000000000003
Sink 45 SODDISFATTO. Flusso netto: 0.6800000000000002, Demand: 0.68, percentage: 100.00000000000003
Sink 46 SODDISFATTO. Flusso netto: 1.17, Demand: 1.17, percentage: 100.0
Sink 49 non è soddisfatto. Flusso netto: 4.59, Demand: 7.0, percentage: 65.57142857142857
Flusso totale entrante nei SINK: 86.46000000000001
Flusso totale uscente nei SINK: 42.430000000000014
Flusso totale netto nei SINK: 44.029999999999994
Total DEMAND dei SINK: 46.44
Percentual di flusso ai SINK: 0.9481050818260119
Numero di Sink soddisfatti: 24.0, numero totale di sink: 25.0
Percentuale di Sink soddisfatti: 0.96

---------------------------------- DAY 109

Update Fixed Elements from Intrinsic Faults
Source NODO_2 fixed from Intrinsic Fault
Pipeline ARCO_70 fixed due to Source NODO_2 fixing from Intrinsic Fault
Pipeline V_EDGE_53_0 fixed due to Source NODO_2 fixing from Intrinsic Fault
Pipeline ARCO_0 fixed due to Source NODO_2 fixing from Intrinsic Fault
Update Fixed Elements from Heavy Faults
Update Fixed Elements from Attack
Propagate Intrinsic Fault
Propagate Heavy Faults
Propagate Attacks
Inject Intrinsic Failure To Source
Inject Heavy Fault To Sources
Inject Attack Multiple To Source
Inject Intrinsic Fault To Pipeline
Inject Heavy Fault To Pipeline
Inject Attack To Pipeline
----------- Statistics ------------
	Sources Under Attack: 0
	Sources with Heavy Fault: 0
	Sources with Intrinsic Fault: 0
	Arcs with reduce capacity due to Attack: 0
	Arcs with reduce capacity due to Heavy Fault: 0
	Arcs with reduce capacity due to Intrinsic Fault: 0
	Arcs with Attacks: 0
	Arcs with Heavy Fault: 0
	Arcs with Intrinsic Fault: 0
--------- SOURCES STATISTICS ---------------
Demand del real Source[0]: -31.0, flusso erogato: 8.069999999999997, flusso entrante: 0.0, efficienza: 26.032258064516117 %
Demand del real Source[8]: -10.5, flusso erogato: 3.8600000000000003, flusso entrante: 0.0, efficienza: 36.76190476190476 %
Demand del real Source[9]: -7.1, flusso erogato: 14.169999999999996, flusso entrante: 7.070000000000007, efficienza: 199.57746478873236 %
Demand del real Source[17]: -25.0, flusso erogato: 25.000000000000007, flusso entrante: 0.0, efficienza: 100.00000000000003 %
Flusso totale entrante nei Real Source: 7.070000000000007
Flusso totale uscente dai Real Source: 51.1
Flusso netto sui real Source: -44.029999999999994
--- SINKS STATISTICS ---
Sink 3 SODDISFATTO. Flusso netto: 3.4299999999999997, Demand: 3.43, percentage: 99.99999999999999
Sink 4 SODDISFATTO. Flusso netto: 0.5700000000000003, Demand: 0.57, percentage: 100.00000000000007
Sink 5 SODDISFATTO. Flusso netto: 0.6600000000000019, Demand: 0.66, percentage: 100.00000000000028
Sink 11 SODDISFATTO. Flusso netto: 1.03, Demand: 1.03, percentage: 100.0
Sink 15 SODDISFATTO. Flusso netto: 0.4600000000000044, Demand: 0.46, percentage: 100.00000000000095
Sink 16 SODDISFATTO. Flusso netto: 8.399999999999993, Demand: 8.4, percentage: 99.99999999999991
Sink 19 SODDISFATTO. Flusso netto: 0.5399999999999938, Demand: 0.54, percentage: 99.99999999999885
Sink 23 SODDISFATTO. Flusso netto: 0.5999999999999996, Demand: 0.6, percentage: 99.99999999999994
Sink 24 SODDISFATTO. Flusso netto: 0.8000000000000007, Demand: 0.8, percentage: 100.00000000000009
Sink 25 SODDISFATTO. Flusso netto: 3.5, Demand: 3.5, percentage: 100.0
Sink 26 SODDISFATTO. Flusso netto: 6.000000000000007, Demand: 6.0, percentage: 100.00000000000011
Sink 28 SODDISFATTO. Flusso netto: 0.4, Demand: 0.4, percentage: 100.0
Sink 30 SODDISFATTO. Flusso netto: 0.9799999999999933, Demand: 0.98, percentage: 99.99999999999932
Sink 31 SODDISFATTO. Flusso netto: 0.3999999999999999, Demand: 0.4, percentage: 99.99999999999997
Sink 32 SODDISFATTO. Flusso netto: 0.9999999999999989, Demand: 1.0, percentage: 99.99999999999989
Sink 34 SODDISFATTO. Flusso netto: 1.7400000000000002, Demand: 1.74, percentage: 100.00000000000003
Sink 35 SODDISFATTO. Flusso netto: 1.3, Demand: 1.3, percentage: 100.0
Sink 37 SODDISFATTO. Flusso netto: 1.0, Demand: 1.0, percentage: 100.0
Sink 39 SODDISFATTO. Flusso netto: 0.40000000000000036, Demand: 0.4, percentage: 100.00000000000009
Sink 40 SODDISFATTO. Flusso netto: 0.5, Demand: 0.5, percentage: 100.0
Sink 41 SODDISFATTO. Flusso netto: 1.0600000000000005, Demand: 1.06, percentage: 100.00000000000004
Sink 42 SODDISFATTO. Flusso netto: 2.8200000000000007, Demand: 2.82, percentage: 100.00000000000003
Sink 45 SODDISFATTO. Flusso netto: 0.6800000000000002, Demand: 0.68, percentage: 100.00000000000003
Sink 46 SODDISFATTO. Flusso netto: 1.17, Demand: 1.17, percentage: 100.0
Sink 49 non è soddisfatto. Flusso netto: 4.59, Demand: 7.0, percentage: 65.57142857142857
Flusso totale entrante nei SINK: 86.46000000000001
Flusso totale uscente nei SINK: 42.430000000000014
Flusso totale netto nei SINK: 44.029999999999994
Total DEMAND dei SINK: 46.44
Percentual di flusso ai SINK: 0.9481050818260119
Numero di Sink soddisfatti: 24.0, numero totale di sink: 25.0
Percentuale di Sink soddisfatti: 0.96

---------------------------------- DAY 110

Update Fixed Elements from Intrinsic Faults
Update Fixed Elements from Heavy Faults
Update Fixed Elements from Attack
Propagate Intrinsic Fault
Propagate Heavy Faults
Propagate Attacks
Inject Intrinsic Failure To Source
Inject Heavy Fault To Sources
Inject Attack Multiple To Source
Inject Intrinsic Fault To Pipeline
Inject Heavy Fault To Pipeline
Inject Attack To Pipeline
----------- Statistics ------------
	Sources Under Attack: 0
	Sources with Heavy Fault: 0
	Sources with Intrinsic Fault: 0
	Arcs with reduce capacity due to Attack: 0
	Arcs with reduce capacity due to Heavy Fault: 0
	Arcs with reduce capacity due to Intrinsic Fault: 0
	Arcs with Attacks: 0
	Arcs with Heavy Fault: 0
	Arcs with Intrinsic Fault: 0
--------- SOURCES STATISTICS ---------------
Demand del real Source[0]: -31.0, flusso erogato: 8.069999999999997, flusso entrante: 0.0, efficienza: 26.032258064516117 %
Demand del real Source[8]: -10.5, flusso erogato: 3.8600000000000003, flusso entrante: 0.0, efficienza: 36.76190476190476 %
Demand del real Source[9]: -7.1, flusso erogato: 14.169999999999996, flusso entrante: 7.070000000000007, efficienza: 199.57746478873236 %
Demand del real Source[17]: -25.0, flusso erogato: 25.000000000000007, flusso entrante: 0.0, efficienza: 100.00000000000003 %
Flusso totale entrante nei Real Source: 7.070000000000007
Flusso totale uscente dai Real Source: 51.1
Flusso netto sui real Source: -44.029999999999994
--- SINKS STATISTICS ---
Sink 3 SODDISFATTO. Flusso netto: 3.4299999999999997, Demand: 3.43, percentage: 99.99999999999999
Sink 4 SODDISFATTO. Flusso netto: 0.5700000000000003, Demand: 0.57, percentage: 100.00000000000007
Sink 5 SODDISFATTO. Flusso netto: 0.6600000000000019, Demand: 0.66, percentage: 100.00000000000028
Sink 11 SODDISFATTO. Flusso netto: 1.03, Demand: 1.03, percentage: 100.0
Sink 15 SODDISFATTO. Flusso netto: 0.4600000000000044, Demand: 0.46, percentage: 100.00000000000095
Sink 16 SODDISFATTO. Flusso netto: 8.399999999999993, Demand: 8.4, percentage: 99.99999999999991
Sink 19 SODDISFATTO. Flusso netto: 0.5399999999999938, Demand: 0.54, percentage: 99.99999999999885
Sink 23 SODDISFATTO. Flusso netto: 0.5999999999999996, Demand: 0.6, percentage: 99.99999999999994
Sink 24 SODDISFATTO. Flusso netto: 0.8000000000000007, Demand: 0.8, percentage: 100.00000000000009
Sink 25 SODDISFATTO. Flusso netto: 3.5, Demand: 3.5, percentage: 100.0
Sink 26 SODDISFATTO. Flusso netto: 6.000000000000007, Demand: 6.0, percentage: 100.00000000000011
Sink 28 SODDISFATTO. Flusso netto: 0.4, Demand: 0.4, percentage: 100.0
Sink 30 SODDISFATTO. Flusso netto: 0.9799999999999933, Demand: 0.98, percentage: 99.99999999999932
Sink 31 SODDISFATTO. Flusso netto: 0.3999999999999999, Demand: 0.4, percentage: 99.99999999999997
Sink 32 SODDISFATTO. Flusso netto: 0.9999999999999989, Demand: 1.0, percentage: 99.99999999999989
Sink 34 SODDISFATTO. Flusso netto: 1.7400000000000002, Demand: 1.74, percentage: 100.00000000000003
Sink 35 SODDISFATTO. Flusso netto: 1.3, Demand: 1.3, percentage: 100.0
Sink 37 SODDISFATTO. Flusso netto: 1.0, Demand: 1.0, percentage: 100.0
Sink 39 SODDISFATTO. Flusso netto: 0.40000000000000036, Demand: 0.4, percentage: 100.00000000000009
Sink 40 SODDISFATTO. Flusso netto: 0.5, Demand: 0.5, percentage: 100.0
Sink 41 SODDISFATTO. Flusso netto: 1.0600000000000005, Demand: 1.06, percentage: 100.00000000000004
Sink 42 SODDISFATTO. Flusso netto: 2.8200000000000007, Demand: 2.82, percentage: 100.00000000000003
Sink 45 SODDISFATTO. Flusso netto: 0.6800000000000002, Demand: 0.68, percentage: 100.00000000000003
Sink 46 SODDISFATTO. Flusso netto: 1.17, Demand: 1.17, percentage: 100.0
Sink 49 non è soddisfatto. Flusso netto: 4.59, Demand: 7.0, percentage: 65.57142857142857
Flusso totale entrante nei SINK: 86.46000000000001
Flusso totale uscente nei SINK: 42.430000000000014
Flusso totale netto nei SINK: 44.029999999999994
Total DEMAND dei SINK: 46.44
Percentual di flusso ai SINK: 0.9481050818260119
Numero di Sink soddisfatti: 24.0, numero totale di sink: 25.0
Percentuale di Sink soddisfatti: 0.96

---------------------------------- DAY 111

Update Fixed Elements from Intrinsic Faults
Update Fixed Elements from Heavy Faults
Update Fixed Elements from Attack
Propagate Intrinsic Fault
Propagate Heavy Faults
Propagate Attacks
Inject Intrinsic Failure To Source
Source NODO_10 is failing for an Intrinsic Fault in day: 111
pipeline ARCO_17 has reduced capacity due to NODO_10 Intrinsic fault
pipeline ARCO_88 has reduced capacity due to NODO_10 Intrinsic fault
pipeline ARCO_89 has reduced capacity due to NODO_10 Intrinsic fault
pipeline V_EDGE_53_8 has reduced capacity due to NODO_10 Intrinsic fault
pipeline ARCO_18 has reduced capacity due to NODO_10 Intrinsic fault
pipeline ARCO_19 has reduced capacity due to NODO_10 Intrinsic fault
pipeline ARCO_87 has reduced capacity due to NODO_10 Intrinsic fault
Inject Heavy Fault To Sources
Inject Attack Multiple To Source
Inject Intrinsic Fault To Pipeline
Inject Heavy Fault To Pipeline
Inject Attack To Pipeline
----------- Statistics ------------
	Sources Under Attack: 0
	Sources with Heavy Fault: 0
	Sources with Intrinsic Fault: 1
	Arcs with reduce capacity due to Attack: 0
	Arcs with reduce capacity due to Heavy Fault: 0
	Arcs with reduce capacity due to Intrinsic Fault: 7
	Arcs with Attacks: 0
	Arcs with Heavy Fault: 0
	Arcs with Intrinsic Fault: 0
--------- SOURCES STATISTICS ---------------
Demand del real Source[0]: -31.0, flusso erogato: 11.159999999999997, flusso entrante: 0.0, efficienza: 35.999999999999986 %
Demand del real Source[8]: -10.5, flusso erogato: 0.0, flusso entrante: 0.0, efficienza: 0.0 %
Demand del real Source[9]: -7.1, flusso erogato: 17.259999999999998, flusso entrante: 10.159999999999997, efficienza: 243.09859154929575 %
Demand del real Source[17]: -25.0, flusso erogato: 25.000000000000007, flusso entrante: 0.0, efficienza: 100.00000000000003 %
Flusso totale entrante nei Real Source: 10.159999999999997
Flusso totale uscente dai Real Source: 53.42
Flusso netto sui real Source: -43.260000000000005
--- SINKS STATISTICS ---
Sink 3 SODDISFATTO. Flusso netto: 3.429999999999999, Demand: 3.43, percentage: 99.99999999999997
Sink 4 SODDISFATTO. Flusso netto: 0.5700000000000003, Demand: 0.57, percentage: 100.00000000000007
Sink 5 SODDISFATTO. Flusso netto: 0.6599999999999993, Demand: 0.66, percentage: 99.99999999999987
Sink 11 SODDISFATTO. Flusso netto: 1.0300000000000011, Demand: 1.03, percentage: 100.00000000000011
Sink 15 SODDISFATTO. Flusso netto: 0.4600000000000044, Demand: 0.46, percentage: 100.00000000000095
Sink 16 SODDISFATTO. Flusso netto: 8.399999999999993, Demand: 8.4, percentage: 99.99999999999991
Sink 19 SODDISFATTO. Flusso netto: 0.5399999999999938, Demand: 0.54, percentage: 99.99999999999885
Sink 23 SODDISFATTO. Flusso netto: 0.5999999999999996, Demand: 0.6, percentage: 99.99999999999994
Sink 24 SODDISFATTO. Flusso netto: 0.8000000000000007, Demand: 0.8, percentage: 100.00000000000009
Sink 25 SODDISFATTO. Flusso netto: 3.5, Demand: 3.5, percentage: 100.0
Sink 26 SODDISFATTO. Flusso netto: 6.000000000000007, Demand: 6.0, percentage: 100.00000000000011
Sink 28 SODDISFATTO. Flusso netto: 0.4, Demand: 0.4, percentage: 100.0
Sink 30 SODDISFATTO. Flusso netto: 0.9799999999999933, Demand: 0.98, percentage: 99.99999999999932
Sink 31 SODDISFATTO. Flusso netto: 0.3999999999999999, Demand: 0.4, percentage: 99.99999999999997
Sink 32 SODDISFATTO. Flusso netto: 0.9999999999999989, Demand: 1.0, percentage: 99.99999999999989
Sink 34 SODDISFATTO. Flusso netto: 1.7400000000000002, Demand: 1.74, percentage: 100.00000000000003
Sink 35 SODDISFATTO. Flusso netto: 1.3, Demand: 1.3, percentage: 100.0
Sink 37 SODDISFATTO. Flusso netto: 1.0, Demand: 1.0, percentage: 100.0
Sink 39 SODDISFATTO. Flusso netto: 0.40000000000000036, Demand: 0.4, percentage: 100.00000000000009
Sink 40 SODDISFATTO. Flusso netto: 0.5, Demand: 0.5, percentage: 100.0
Sink 41 SODDISFATTO. Flusso netto: 1.0599999999999996, Demand: 1.06, percentage: 99.99999999999996
Sink 42 SODDISFATTO. Flusso netto: 2.820000000000001, Demand: 2.82, percentage: 100.00000000000004
Sink 45 SODDISFATTO. Flusso netto: 0.6800000000000002, Demand: 0.68, percentage: 100.00000000000003
Sink 46 SODDISFATTO. Flusso netto: 1.17, Demand: 1.17, percentage: 100.0
Sink 49 non è soddisfatto. Flusso netto: 3.8200000000000003, Demand: 7.0, percentage: 54.57142857142857
Flusso totale entrante nei SINK: 88.47
Flusso totale uscente nei SINK: 45.21000000000001
Flusso totale netto nei SINK: 43.25999999999999
Total DEMAND dei SINK: 46.44
Percentual di flusso ai SINK: 0.9315245478036174
Numero di Sink soddisfatti: 24.0, numero totale di sink: 25.0
Percentuale di Sink soddisfatti: 0.96

---------------------------------- DAY 112

Update Fixed Elements from Intrinsic Faults
Update Fixed Elements from Heavy Faults
Update Fixed Elements from Attack
Propagate Intrinsic Fault
Node NODO_10 has still failing due to Intrinsic Fault
pipeline ARCO_17 still has reduced capacity: 0.0 due to Intrinsic Fault
pipeline ARCO_88 still has reduced capacity: 0.0 due to Intrinsic Fault
pipeline ARCO_89 still has reduced capacity: 0.0 due to Intrinsic Fault
pipeline V_EDGE_53_8 still has reduced capacity: 0.0 due to Intrinsic Fault
pipeline ARCO_18 still has reduced capacity: 0.0 due to Intrinsic Fault
pipeline ARCO_19 still has reduced capacity: 0.0 due to Intrinsic Fault
pipeline ARCO_87 still has reduced capacity: 0.0 due to Intrinsic Fault
Propagate Heavy Faults
Propagate Attacks
Inject Intrinsic Failure To Source
Source NODO_19 is failing for an Intrinsic Fault in day: 112
pipeline ARCO_35 has reduced capacity due to NODO_19 Intrinsic fault
pipeline ARCO_109 has reduced capacity due to NODO_19 Intrinsic fault
pipeline ARCO_110 has reduced capacity due to NODO_19 Intrinsic fault
pipeline V_EDGE_53_17 has reduced capacity due to NODO_19 Intrinsic fault
pipeline ARCO_39 has reduced capacity due to NODO_19 Intrinsic fault
pipeline ARCO_40 has reduced capacity due to NODO_19 Intrinsic fault
pipeline ARCO_105 has reduced capacity due to NODO_19 Intrinsic fault
Inject Heavy Fault To Sources
Inject Attack Multiple To Source
Inject Intrinsic Fault To Pipeline
Inject Heavy Fault To Pipeline
Inject Attack To Pipeline
----------- Statistics ------------
	Sources Under Attack: 0
	Sources with Heavy Fault: 0
	Sources with Intrinsic Fault: 2
	Arcs with reduce capacity due to Attack: 0
	Arcs with reduce capacity due to Heavy Fault: 0
	Arcs with reduce capacity due to Intrinsic Fault: 14
	Arcs with Attacks: 0
	Arcs with Heavy Fault: 0
	Arcs with Intrinsic Fault: 0
--------- SOURCES STATISTICS ---------------
Demand del real Source[0]: -31.0, flusso erogato: 16.470000000000002, flusso entrante: 0.0, efficienza: 53.12903225806453 %
Demand del real Source[8]: -10.5, flusso erogato: 0.0, flusso entrante: 0.0, efficienza: 0.0 %
Demand del real Source[9]: -7.1, flusso erogato: 22.57, flusso entrante: 15.469999999999999, efficienza: 317.88732394366195 %
Demand del real Source[17]: -25.0, flusso erogato: 0.0, flusso entrante: 0.0, efficienza: 0.0 %
Flusso totale entrante nei Real Source: 15.469999999999999
Flusso totale uscente dai Real Source: 39.040000000000006
Flusso netto sui real Source: -23.570000000000007
--- SINKS STATISTICS ---
Sink 3 SODDISFATTO. Flusso netto: 3.429999999999999, Demand: 3.43, percentage: 99.99999999999997
Sink 4 SODDISFATTO. Flusso netto: 0.5700000000000003, Demand: 0.57, percentage: 100.00000000000007
Sink 5 SODDISFATTO. Flusso netto: 0.6599999999999993, Demand: 0.66, percentage: 99.99999999999987
Sink 11 SODDISFATTO. Flusso netto: 1.0300000000000011, Demand: 1.03, percentage: 100.00000000000011
Sink 15 SODDISFATTO. Flusso netto: 0.4599999999999991, Demand: 0.46, percentage: 99.9999999999998
Sink 16 non è soddisfatto. Flusso netto: 2.83, Demand: 8.4, percentage: 33.69047619047619
Sink 19 non è soddisfatto. Flusso netto: 0.0, Demand: 0.54, percentage: 0.0
Sink 23 non è soddisfatto. Flusso netto: 0.0, Demand: 0.6, percentage: 0.0
Sink 24 non è soddisfatto. Flusso netto: 0.0, Demand: 0.8, percentage: 0.0
Sink 25 non è soddisfatto. Flusso netto: 0.0, Demand: 3.5, percentage: 0.0
Sink 26 non è soddisfatto. Flusso netto: 0.0, Demand: 6.0, percentage: 0.0
Sink 28 non è soddisfatto. Flusso netto: 0.0, Demand: 0.4, percentage: 0.0
Sink 30 non è soddisfatto. Flusso netto: 0.0, Demand: 0.98, percentage: 0.0
Sink 31 non è soddisfatto. Flusso netto: 0.0, Demand: 0.4, percentage: 0.0
Sink 32 SODDISFATTO. Flusso netto: 1.0000000000000009, Demand: 1.0, percentage: 100.00000000000009
Sink 34 SODDISFATTO. Flusso netto: 1.7400000000000002, Demand: 1.74, percentage: 100.00000000000003
Sink 35 SODDISFATTO. Flusso netto: 1.3, Demand: 1.3, percentage: 100.0
Sink 37 SODDISFATTO. Flusso netto: 1.0, Demand: 1.0, percentage: 100.0
Sink 39 non è soddisfatto. Flusso netto: 0.0, Demand: 0.4, percentage: 0.0
Sink 40 non è soddisfatto. Flusso netto: 0.0, Demand: 0.5, percentage: 0.0
Sink 41 SODDISFATTO. Flusso netto: 1.0600000000000005, Demand: 1.06, percentage: 100.00000000000004
Sink 42 SODDISFATTO. Flusso netto: 2.820000000000001, Demand: 2.82, percentage: 100.00000000000004
Sink 45 SODDISFATTO. Flusso netto: 0.6800000000000002, Demand: 0.68, percentage: 100.00000000000003
Sink 46 SODDISFATTO. Flusso netto: 1.17, Demand: 1.17, percentage: 100.0
Sink 49 non è soddisfatto. Flusso netto: 3.8200000000000003, Demand: 7.0, percentage: 54.57142857142857
Flusso totale entrante nei SINK: 49.58000000000001
Flusso totale uscente nei SINK: 26.01
Flusso totale netto nei SINK: 23.57000000000001
Total DEMAND dei SINK: 46.44
Percentual di flusso ai SINK: 0.5075366063738159
Numero di Sink soddisfatti: 13.0, numero totale di sink: 25.0
Percentuale di Sink soddisfatti: 0.52

---------------------------------- DAY 113

Update Fixed Elements from Intrinsic Faults
Update Fixed Elements from Heavy Faults
Update Fixed Elements from Attack
Propagate Intrinsic Fault
Node NODO_10 has still failing due to Intrinsic Fault
Node NODO_19 has still failing due to Intrinsic Fault
pipeline ARCO_17 still has reduced capacity: 0.0 due to Intrinsic Fault
pipeline ARCO_88 still has reduced capacity: 0.0 due to Intrinsic Fault
pipeline ARCO_89 still has reduced capacity: 0.0 due to Intrinsic Fault
pipeline V_EDGE_53_8 still has reduced capacity: 0.0 due to Intrinsic Fault
pipeline ARCO_18 still has reduced capacity: 0.0 due to Intrinsic Fault
pipeline ARCO_19 still has reduced capacity: 0.0 due to Intrinsic Fault
pipeline ARCO_87 still has reduced capacity: 0.0 due to Intrinsic Fault
pipeline ARCO_35 still has reduced capacity: 0.0 due to Intrinsic Fault
pipeline ARCO_109 still has reduced capacity: 0.0 due to Intrinsic Fault
pipeline ARCO_110 still has reduced capacity: 0.0 due to Intrinsic Fault
pipeline V_EDGE_53_17 still has reduced capacity: 0.0 due to Intrinsic Fault
pipeline ARCO_39 still has reduced capacity: 0.0 due to Intrinsic Fault
pipeline ARCO_40 still has reduced capacity: 0.0 due to Intrinsic Fault
pipeline ARCO_105 still has reduced capacity: 0.0 due to Intrinsic Fault
Propagate Heavy Faults
Propagate Attacks
Inject Intrinsic Failure To Source
Inject Heavy Fault To Sources
Inject Attack Multiple To Source
Inject Intrinsic Fault To Pipeline
Inject Heavy Fault To Pipeline
Inject Attack To Pipeline
----------- Statistics ------------
	Sources Under Attack: 0
	Sources with Heavy Fault: 0
	Sources with Intrinsic Fault: 2
	Arcs with reduce capacity due to Attack: 0
	Arcs with reduce capacity due to Heavy Fault: 0
	Arcs with reduce capacity due to Intrinsic Fault: 14
	Arcs with Attacks: 0
	Arcs with Heavy Fault: 0
	Arcs with Intrinsic Fault: 0
--------- SOURCES STATISTICS ---------------
Demand del real Source[0]: -31.0, flusso erogato: 16.470000000000002, flusso entrante: 0.0, efficienza: 53.12903225806453 %
Demand del real Source[8]: -10.5, flusso erogato: 0.0, flusso entrante: 0.0, efficienza: 0.0 %
Demand del real Source[9]: -7.1, flusso erogato: 22.57, flusso entrante: 15.469999999999999, efficienza: 317.88732394366195 %
Demand del real Source[17]: -25.0, flusso erogato: 0.0, flusso entrante: 0.0, efficienza: 0.0 %
Flusso totale entrante nei Real Source: 15.469999999999999
Flusso totale uscente dai Real Source: 39.040000000000006
Flusso netto sui real Source: -23.570000000000007
--- SINKS STATISTICS ---
Sink 3 SODDISFATTO. Flusso netto: 3.429999999999999, Demand: 3.43, percentage: 99.99999999999997
Sink 4 SODDISFATTO. Flusso netto: 0.5700000000000003, Demand: 0.57, percentage: 100.00000000000007
Sink 5 SODDISFATTO. Flusso netto: 0.6599999999999993, Demand: 0.66, percentage: 99.99999999999987
Sink 11 SODDISFATTO. Flusso netto: 1.0300000000000011, Demand: 1.03, percentage: 100.00000000000011
Sink 15 SODDISFATTO. Flusso netto: 0.4599999999999991, Demand: 0.46, percentage: 99.9999999999998
Sink 16 non è soddisfatto. Flusso netto: 2.83, Demand: 8.4, percentage: 33.69047619047619
Sink 19 non è soddisfatto. Flusso netto: 0.0, Demand: 0.54, percentage: 0.0
Sink 23 non è soddisfatto. Flusso netto: 0.0, Demand: 0.6, percentage: 0.0
Sink 24 non è soddisfatto. Flusso netto: 0.0, Demand: 0.8, percentage: 0.0
Sink 25 non è soddisfatto. Flusso netto: 0.0, Demand: 3.5, percentage: 0.0
Sink 26 non è soddisfatto. Flusso netto: 0.0, Demand: 6.0, percentage: 0.0
Sink 28 non è soddisfatto. Flusso netto: 0.0, Demand: 0.4, percentage: 0.0
Sink 30 non è soddisfatto. Flusso netto: 0.0, Demand: 0.98, percentage: 0.0
Sink 31 non è soddisfatto. Flusso netto: 0.0, Demand: 0.4, percentage: 0.0
Sink 32 SODDISFATTO. Flusso netto: 1.0000000000000009, Demand: 1.0, percentage: 100.00000000000009
Sink 34 SODDISFATTO. Flusso netto: 1.7400000000000002, Demand: 1.74, percentage: 100.00000000000003
Sink 35 SODDISFATTO. Flusso netto: 1.3, Demand: 1.3, percentage: 100.0
Sink 37 SODDISFATTO. Flusso netto: 1.0, Demand: 1.0, percentage: 100.0
Sink 39 non è soddisfatto. Flusso netto: 0.0, Demand: 0.4, percentage: 0.0
Sink 40 non è soddisfatto. Flusso netto: 0.0, Demand: 0.5, percentage: 0.0
Sink 41 SODDISFATTO. Flusso netto: 1.0600000000000005, Demand: 1.06, percentage: 100.00000000000004
Sink 42 SODDISFATTO. Flusso netto: 2.820000000000001, Demand: 2.82, percentage: 100.00000000000004
Sink 45 SODDISFATTO. Flusso netto: 0.6800000000000002, Demand: 0.68, percentage: 100.00000000000003
Sink 46 SODDISFATTO. Flusso netto: 1.17, Demand: 1.17, percentage: 100.0
Sink 49 non è soddisfatto. Flusso netto: 3.8200000000000003, Demand: 7.0, percentage: 54.57142857142857
Flusso totale entrante nei SINK: 49.58000000000001
Flusso totale uscente nei SINK: 26.01
Flusso totale netto nei SINK: 23.57000000000001
Total DEMAND dei SINK: 46.44
Percentual di flusso ai SINK: 0.5075366063738159
Numero di Sink soddisfatti: 13.0, numero totale di sink: 25.0
Percentuale di Sink soddisfatti: 0.52

---------------------------------- DAY 114

Update Fixed Elements from Intrinsic Faults
Update Fixed Elements from Heavy Faults
Update Fixed Elements from Attack
Propagate Intrinsic Fault
Node NODO_10 has still failing due to Intrinsic Fault
Node NODO_19 has still failing due to Intrinsic Fault
pipeline ARCO_17 still has reduced capacity: 0.0 due to Intrinsic Fault
pipeline ARCO_88 still has reduced capacity: 0.0 due to Intrinsic Fault
pipeline ARCO_89 still has reduced capacity: 0.0 due to Intrinsic Fault
pipeline V_EDGE_53_8 still has reduced capacity: 0.0 due to Intrinsic Fault
pipeline ARCO_18 still has reduced capacity: 0.0 due to Intrinsic Fault
pipeline ARCO_19 still has reduced capacity: 0.0 due to Intrinsic Fault
pipeline ARCO_87 still has reduced capacity: 0.0 due to Intrinsic Fault
pipeline ARCO_35 still has reduced capacity: 0.0 due to Intrinsic Fault
pipeline ARCO_109 still has reduced capacity: 0.0 due to Intrinsic Fault
pipeline ARCO_110 still has reduced capacity: 0.0 due to Intrinsic Fault
pipeline V_EDGE_53_17 still has reduced capacity: 0.0 due to Intrinsic Fault
pipeline ARCO_39 still has reduced capacity: 0.0 due to Intrinsic Fault
pipeline ARCO_40 still has reduced capacity: 0.0 due to Intrinsic Fault
pipeline ARCO_105 still has reduced capacity: 0.0 due to Intrinsic Fault
Propagate Heavy Faults
Propagate Attacks
Inject Intrinsic Failure To Source
Inject Heavy Fault To Sources
Inject Attack Multiple To Source
Inject Intrinsic Fault To Pipeline
Inject Heavy Fault To Pipeline
Inject Attack To Pipeline
----------- Statistics ------------
	Sources Under Attack: 0
	Sources with Heavy Fault: 0
	Sources with Intrinsic Fault: 2
	Arcs with reduce capacity due to Attack: 0
	Arcs with reduce capacity due to Heavy Fault: 0
	Arcs with reduce capacity due to Intrinsic Fault: 14
	Arcs with Attacks: 0
	Arcs with Heavy Fault: 0
	Arcs with Intrinsic Fault: 0
--------- SOURCES STATISTICS ---------------
Demand del real Source[0]: -31.0, flusso erogato: 16.470000000000002, flusso entrante: 0.0, efficienza: 53.12903225806453 %
Demand del real Source[8]: -10.5, flusso erogato: 0.0, flusso entrante: 0.0, efficienza: 0.0 %
Demand del real Source[9]: -7.1, flusso erogato: 22.57, flusso entrante: 15.469999999999999, efficienza: 317.88732394366195 %
Demand del real Source[17]: -25.0, flusso erogato: 0.0, flusso entrante: 0.0, efficienza: 0.0 %
Flusso totale entrante nei Real Source: 15.469999999999999
Flusso totale uscente dai Real Source: 39.040000000000006
Flusso netto sui real Source: -23.570000000000007
--- SINKS STATISTICS ---
Sink 3 SODDISFATTO. Flusso netto: 3.429999999999999, Demand: 3.43, percentage: 99.99999999999997
Sink 4 SODDISFATTO. Flusso netto: 0.5700000000000003, Demand: 0.57, percentage: 100.00000000000007
Sink 5 SODDISFATTO. Flusso netto: 0.6599999999999993, Demand: 0.66, percentage: 99.99999999999987
Sink 11 SODDISFATTO. Flusso netto: 1.0300000000000011, Demand: 1.03, percentage: 100.00000000000011
Sink 15 SODDISFATTO. Flusso netto: 0.4599999999999991, Demand: 0.46, percentage: 99.9999999999998
Sink 16 non è soddisfatto. Flusso netto: 2.83, Demand: 8.4, percentage: 33.69047619047619
Sink 19 non è soddisfatto. Flusso netto: 0.0, Demand: 0.54, percentage: 0.0
Sink 23 non è soddisfatto. Flusso netto: 0.0, Demand: 0.6, percentage: 0.0
Sink 24 non è soddisfatto. Flusso netto: 0.0, Demand: 0.8, percentage: 0.0
Sink 25 non è soddisfatto. Flusso netto: 0.0, Demand: 3.5, percentage: 0.0
Sink 26 non è soddisfatto. Flusso netto: 0.0, Demand: 6.0, percentage: 0.0
Sink 28 non è soddisfatto. Flusso netto: 0.0, Demand: 0.4, percentage: 0.0
Sink 30 non è soddisfatto. Flusso netto: 0.0, Demand: 0.98, percentage: 0.0
Sink 31 non è soddisfatto. Flusso netto: 0.0, Demand: 0.4, percentage: 0.0
Sink 32 SODDISFATTO. Flusso netto: 1.0000000000000009, Demand: 1.0, percentage: 100.00000000000009
Sink 34 SODDISFATTO. Flusso netto: 1.7400000000000002, Demand: 1.74, percentage: 100.00000000000003
Sink 35 SODDISFATTO. Flusso netto: 1.3, Demand: 1.3, percentage: 100.0
Sink 37 SODDISFATTO. Flusso netto: 1.0, Demand: 1.0, percentage: 100.0
Sink 39 non è soddisfatto. Flusso netto: 0.0, Demand: 0.4, percentage: 0.0
Sink 40 non è soddisfatto. Flusso netto: 0.0, Demand: 0.5, percentage: 0.0
Sink 41 SODDISFATTO. Flusso netto: 1.0600000000000005, Demand: 1.06, percentage: 100.00000000000004
Sink 42 SODDISFATTO. Flusso netto: 2.820000000000001, Demand: 2.82, percentage: 100.00000000000004
Sink 45 SODDISFATTO. Flusso netto: 0.6800000000000002, Demand: 0.68, percentage: 100.00000000000003
Sink 46 SODDISFATTO. Flusso netto: 1.17, Demand: 1.17, percentage: 100.0
Sink 49 non è soddisfatto. Flusso netto: 3.8200000000000003, Demand: 7.0, percentage: 54.57142857142857
Flusso totale entrante nei SINK: 49.58000000000001
Flusso totale uscente nei SINK: 26.01
Flusso totale netto nei SINK: 23.57000000000001
Total DEMAND dei SINK: 46.44
Percentual di flusso ai SINK: 0.5075366063738159
Numero di Sink soddisfatti: 13.0, numero totale di sink: 25.0
Percentuale di Sink soddisfatti: 0.52

---------------------------------- DAY 115

Update Fixed Elements from Intrinsic Faults
Update Fixed Elements from Heavy Faults
Update Fixed Elements from Attack
Propagate Intrinsic Fault
Node NODO_10 has still failing due to Intrinsic Fault
Node NODO_19 has still failing due to Intrinsic Fault
pipeline ARCO_17 still has reduced capacity: 0.0 due to Intrinsic Fault
pipeline ARCO_88 still has reduced capacity: 0.0 due to Intrinsic Fault
pipeline ARCO_89 still has reduced capacity: 0.0 due to Intrinsic Fault
pipeline V_EDGE_53_8 still has reduced capacity: 0.0 due to Intrinsic Fault
pipeline ARCO_18 still has reduced capacity: 0.0 due to Intrinsic Fault
pipeline ARCO_19 still has reduced capacity: 0.0 due to Intrinsic Fault
pipeline ARCO_87 still has reduced capacity: 0.0 due to Intrinsic Fault
pipeline ARCO_35 still has reduced capacity: 0.0 due to Intrinsic Fault
pipeline ARCO_109 still has reduced capacity: 0.0 due to Intrinsic Fault
pipeline ARCO_110 still has reduced capacity: 0.0 due to Intrinsic Fault
pipeline V_EDGE_53_17 still has reduced capacity: 0.0 due to Intrinsic Fault
pipeline ARCO_39 still has reduced capacity: 0.0 due to Intrinsic Fault
pipeline ARCO_40 still has reduced capacity: 0.0 due to Intrinsic Fault
pipeline ARCO_105 still has reduced capacity: 0.0 due to Intrinsic Fault
Propagate Heavy Faults
Propagate Attacks
Inject Intrinsic Failure To Source
Inject Heavy Fault To Sources
Inject Attack Multiple To Source
Inject Intrinsic Fault To Pipeline
Inject Heavy Fault To Pipeline
Inject Attack To Pipeline
----------- Statistics ------------
	Sources Under Attack: 0
	Sources with Heavy Fault: 0
	Sources with Intrinsic Fault: 2
	Arcs with reduce capacity due to Attack: 0
	Arcs with reduce capacity due to Heavy Fault: 0
	Arcs with reduce capacity due to Intrinsic Fault: 14
	Arcs with Attacks: 0
	Arcs with Heavy Fault: 0
	Arcs with Intrinsic Fault: 0
--------- SOURCES STATISTICS ---------------
Demand del real Source[0]: -31.0, flusso erogato: 16.470000000000002, flusso entrante: 0.0, efficienza: 53.12903225806453 %
Demand del real Source[8]: -10.5, flusso erogato: 0.0, flusso entrante: 0.0, efficienza: 0.0 %
Demand del real Source[9]: -7.1, flusso erogato: 22.57, flusso entrante: 15.469999999999999, efficienza: 317.88732394366195 %
Demand del real Source[17]: -25.0, flusso erogato: 0.0, flusso entrante: 0.0, efficienza: 0.0 %
Flusso totale entrante nei Real Source: 15.469999999999999
Flusso totale uscente dai Real Source: 39.040000000000006
Flusso netto sui real Source: -23.570000000000007
--- SINKS STATISTICS ---
Sink 3 SODDISFATTO. Flusso netto: 3.429999999999999, Demand: 3.43, percentage: 99.99999999999997
Sink 4 SODDISFATTO. Flusso netto: 0.5700000000000003, Demand: 0.57, percentage: 100.00000000000007
Sink 5 SODDISFATTO. Flusso netto: 0.6599999999999993, Demand: 0.66, percentage: 99.99999999999987
Sink 11 SODDISFATTO. Flusso netto: 1.0300000000000011, Demand: 1.03, percentage: 100.00000000000011
Sink 15 SODDISFATTO. Flusso netto: 0.4599999999999991, Demand: 0.46, percentage: 99.9999999999998
Sink 16 non è soddisfatto. Flusso netto: 2.83, Demand: 8.4, percentage: 33.69047619047619
Sink 19 non è soddisfatto. Flusso netto: 0.0, Demand: 0.54, percentage: 0.0
Sink 23 non è soddisfatto. Flusso netto: 0.0, Demand: 0.6, percentage: 0.0
Sink 24 non è soddisfatto. Flusso netto: 0.0, Demand: 0.8, percentage: 0.0
Sink 25 non è soddisfatto. Flusso netto: 0.0, Demand: 3.5, percentage: 0.0
Sink 26 non è soddisfatto. Flusso netto: 0.0, Demand: 6.0, percentage: 0.0
Sink 28 non è soddisfatto. Flusso netto: 0.0, Demand: 0.4, percentage: 0.0
Sink 30 non è soddisfatto. Flusso netto: 0.0, Demand: 0.98, percentage: 0.0
Sink 31 non è soddisfatto. Flusso netto: 0.0, Demand: 0.4, percentage: 0.0
Sink 32 SODDISFATTO. Flusso netto: 1.0000000000000009, Demand: 1.0, percentage: 100.00000000000009
Sink 34 SODDISFATTO. Flusso netto: 1.7400000000000002, Demand: 1.74, percentage: 100.00000000000003
Sink 35 SODDISFATTO. Flusso netto: 1.3, Demand: 1.3, percentage: 100.0
Sink 37 SODDISFATTO. Flusso netto: 1.0, Demand: 1.0, percentage: 100.0
Sink 39 non è soddisfatto. Flusso netto: 0.0, Demand: 0.4, percentage: 0.0
Sink 40 non è soddisfatto. Flusso netto: 0.0, Demand: 0.5, percentage: 0.0
Sink 41 SODDISFATTO. Flusso netto: 1.0600000000000005, Demand: 1.06, percentage: 100.00000000000004
Sink 42 SODDISFATTO. Flusso netto: 2.820000000000001, Demand: 2.82, percentage: 100.00000000000004
Sink 45 SODDISFATTO. Flusso netto: 0.6800000000000002, Demand: 0.68, percentage: 100.00000000000003
Sink 46 SODDISFATTO. Flusso netto: 1.17, Demand: 1.17, percentage: 100.0
Sink 49 non è soddisfatto. Flusso netto: 3.8200000000000003, Demand: 7.0, percentage: 54.57142857142857
Flusso totale entrante nei SINK: 49.58000000000001
Flusso totale uscente nei SINK: 26.01
Flusso totale netto nei SINK: 23.57000000000001
Total DEMAND dei SINK: 46.44
Percentual di flusso ai SINK: 0.5075366063738159
Numero di Sink soddisfatti: 13.0, numero totale di sink: 25.0
Percentuale di Sink soddisfatti: 0.52

---------------------------------- DAY 116

Update Fixed Elements from Intrinsic Faults
Source NODO_10 fixed from Intrinsic Fault
Pipeline ARCO_17 fixed due to Source NODO_10 fixing from Intrinsic Fault
Pipeline ARCO_88 fixed due to Source NODO_10 fixing from Intrinsic Fault
Pipeline ARCO_89 fixed due to Source NODO_10 fixing from Intrinsic Fault
Pipeline V_EDGE_53_8 fixed due to Source NODO_10 fixing from Intrinsic Fault
Pipeline ARCO_18 fixed due to Source NODO_10 fixing from Intrinsic Fault
Pipeline ARCO_19 fixed due to Source NODO_10 fixing from Intrinsic Fault
Pipeline ARCO_87 fixed due to Source NODO_10 fixing from Intrinsic Fault
Source NODO_19 fixed from Intrinsic Fault
Pipeline ARCO_35 fixed due to Source NODO_19 fixing from Intrinsic Fault
Pipeline ARCO_109 fixed due to Source NODO_19 fixing from Intrinsic Fault
Pipeline ARCO_110 fixed due to Source NODO_19 fixing from Intrinsic Fault
Pipeline V_EDGE_53_17 fixed due to Source NODO_19 fixing from Intrinsic Fault
Pipeline ARCO_39 fixed due to Source NODO_19 fixing from Intrinsic Fault
Pipeline ARCO_40 fixed due to Source NODO_19 fixing from Intrinsic Fault
Pipeline ARCO_105 fixed due to Source NODO_19 fixing from Intrinsic Fault
Update Fixed Elements from Heavy Faults
Update Fixed Elements from Attack
Propagate Intrinsic Fault
Propagate Heavy Faults
Propagate Attacks
Inject Intrinsic Failure To Source
Inject Heavy Fault To Sources
Inject Attack Multiple To Source
Inject Intrinsic Fault To Pipeline
Inject Heavy Fault To Pipeline
Inject Attack To Pipeline
----------- Statistics ------------
	Sources Under Attack: 0
	Sources with Heavy Fault: 0
	Sources with Intrinsic Fault: 0
	Arcs with reduce capacity due to Attack: 0
	Arcs with reduce capacity due to Heavy Fault: 0
	Arcs with reduce capacity due to Intrinsic Fault: 0
	Arcs with Attacks: 0
	Arcs with Heavy Fault: 0
	Arcs with Intrinsic Fault: 0
--------- SOURCES STATISTICS ---------------
Demand del real Source[0]: -31.0, flusso erogato: 8.069999999999997, flusso entrante: 0.0, efficienza: 26.032258064516117 %
Demand del real Source[8]: -10.5, flusso erogato: 3.8600000000000003, flusso entrante: 0.0, efficienza: 36.76190476190476 %
Demand del real Source[9]: -7.1, flusso erogato: 14.169999999999996, flusso entrante: 7.070000000000007, efficienza: 199.57746478873236 %
Demand del real Source[17]: -25.0, flusso erogato: 25.000000000000007, flusso entrante: 0.0, efficienza: 100.00000000000003 %
Flusso totale entrante nei Real Source: 7.070000000000007
Flusso totale uscente dai Real Source: 51.1
Flusso netto sui real Source: -44.029999999999994
--- SINKS STATISTICS ---
Sink 3 SODDISFATTO. Flusso netto: 3.4299999999999997, Demand: 3.43, percentage: 99.99999999999999
Sink 4 SODDISFATTO. Flusso netto: 0.5700000000000003, Demand: 0.57, percentage: 100.00000000000007
Sink 5 SODDISFATTO. Flusso netto: 0.6600000000000019, Demand: 0.66, percentage: 100.00000000000028
Sink 11 SODDISFATTO. Flusso netto: 1.03, Demand: 1.03, percentage: 100.0
Sink 15 SODDISFATTO. Flusso netto: 0.4600000000000044, Demand: 0.46, percentage: 100.00000000000095
Sink 16 SODDISFATTO. Flusso netto: 8.399999999999993, Demand: 8.4, percentage: 99.99999999999991
Sink 19 SODDISFATTO. Flusso netto: 0.5399999999999938, Demand: 0.54, percentage: 99.99999999999885
Sink 23 SODDISFATTO. Flusso netto: 0.5999999999999996, Demand: 0.6, percentage: 99.99999999999994
Sink 24 SODDISFATTO. Flusso netto: 0.8000000000000007, Demand: 0.8, percentage: 100.00000000000009
Sink 25 SODDISFATTO. Flusso netto: 3.5, Demand: 3.5, percentage: 100.0
Sink 26 SODDISFATTO. Flusso netto: 6.000000000000007, Demand: 6.0, percentage: 100.00000000000011
Sink 28 SODDISFATTO. Flusso netto: 0.4, Demand: 0.4, percentage: 100.0
Sink 30 SODDISFATTO. Flusso netto: 0.9799999999999933, Demand: 0.98, percentage: 99.99999999999932
Sink 31 SODDISFATTO. Flusso netto: 0.3999999999999999, Demand: 0.4, percentage: 99.99999999999997
Sink 32 SODDISFATTO. Flusso netto: 0.9999999999999989, Demand: 1.0, percentage: 99.99999999999989
Sink 34 SODDISFATTO. Flusso netto: 1.7400000000000002, Demand: 1.74, percentage: 100.00000000000003
Sink 35 SODDISFATTO. Flusso netto: 1.3, Demand: 1.3, percentage: 100.0
Sink 37 SODDISFATTO. Flusso netto: 1.0, Demand: 1.0, percentage: 100.0
Sink 39 SODDISFATTO. Flusso netto: 0.40000000000000036, Demand: 0.4, percentage: 100.00000000000009
Sink 40 SODDISFATTO. Flusso netto: 0.5, Demand: 0.5, percentage: 100.0
Sink 41 SODDISFATTO. Flusso netto: 1.0600000000000005, Demand: 1.06, percentage: 100.00000000000004
Sink 42 SODDISFATTO. Flusso netto: 2.8200000000000007, Demand: 2.82, percentage: 100.00000000000003
Sink 45 SODDISFATTO. Flusso netto: 0.6800000000000002, Demand: 0.68, percentage: 100.00000000000003
Sink 46 SODDISFATTO. Flusso netto: 1.17, Demand: 1.17, percentage: 100.0
Sink 49 non è soddisfatto. Flusso netto: 4.59, Demand: 7.0, percentage: 65.57142857142857
Flusso totale entrante nei SINK: 86.46000000000001
Flusso totale uscente nei SINK: 42.430000000000014
Flusso totale netto nei SINK: 44.029999999999994
Total DEMAND dei SINK: 46.44
Percentual di flusso ai SINK: 0.9481050818260119
Numero di Sink soddisfatti: 24.0, numero totale di sink: 25.0
Percentuale di Sink soddisfatti: 0.96

---------------------------------- DAY 117

Update Fixed Elements from Intrinsic Faults
Update Fixed Elements from Heavy Faults
Update Fixed Elements from Attack
Propagate Intrinsic Fault
Propagate Heavy Faults
Propagate Attacks
Inject Intrinsic Failure To Source
Inject Heavy Fault To Sources
Inject Attack Multiple To Source
Inject Intrinsic Fault To Pipeline
Inject Heavy Fault To Pipeline
Inject Attack To Pipeline
----------- Statistics ------------
	Sources Under Attack: 0
	Sources with Heavy Fault: 0
	Sources with Intrinsic Fault: 0
	Arcs with reduce capacity due to Attack: 0
	Arcs with reduce capacity due to Heavy Fault: 0
	Arcs with reduce capacity due to Intrinsic Fault: 0
	Arcs with Attacks: 0
	Arcs with Heavy Fault: 0
	Arcs with Intrinsic Fault: 0
--------- SOURCES STATISTICS ---------------
Demand del real Source[0]: -31.0, flusso erogato: 8.069999999999997, flusso entrante: 0.0, efficienza: 26.032258064516117 %
Demand del real Source[8]: -10.5, flusso erogato: 3.8600000000000003, flusso entrante: 0.0, efficienza: 36.76190476190476 %
Demand del real Source[9]: -7.1, flusso erogato: 14.169999999999996, flusso entrante: 7.070000000000007, efficienza: 199.57746478873236 %
Demand del real Source[17]: -25.0, flusso erogato: 25.000000000000007, flusso entrante: 0.0, efficienza: 100.00000000000003 %
Flusso totale entrante nei Real Source: 7.070000000000007
Flusso totale uscente dai Real Source: 51.1
Flusso netto sui real Source: -44.029999999999994
--- SINKS STATISTICS ---
Sink 3 SODDISFATTO. Flusso netto: 3.4299999999999997, Demand: 3.43, percentage: 99.99999999999999
Sink 4 SODDISFATTO. Flusso netto: 0.5700000000000003, Demand: 0.57, percentage: 100.00000000000007
Sink 5 SODDISFATTO. Flusso netto: 0.6600000000000019, Demand: 0.66, percentage: 100.00000000000028
Sink 11 SODDISFATTO. Flusso netto: 1.03, Demand: 1.03, percentage: 100.0
Sink 15 SODDISFATTO. Flusso netto: 0.4600000000000044, Demand: 0.46, percentage: 100.00000000000095
Sink 16 SODDISFATTO. Flusso netto: 8.399999999999993, Demand: 8.4, percentage: 99.99999999999991
Sink 19 SODDISFATTO. Flusso netto: 0.5399999999999938, Demand: 0.54, percentage: 99.99999999999885
Sink 23 SODDISFATTO. Flusso netto: 0.5999999999999996, Demand: 0.6, percentage: 99.99999999999994
Sink 24 SODDISFATTO. Flusso netto: 0.8000000000000007, Demand: 0.8, percentage: 100.00000000000009
Sink 25 SODDISFATTO. Flusso netto: 3.5, Demand: 3.5, percentage: 100.0
Sink 26 SODDISFATTO. Flusso netto: 6.000000000000007, Demand: 6.0, percentage: 100.00000000000011
Sink 28 SODDISFATTO. Flusso netto: 0.4, Demand: 0.4, percentage: 100.0
Sink 30 SODDISFATTO. Flusso netto: 0.9799999999999933, Demand: 0.98, percentage: 99.99999999999932
Sink 31 SODDISFATTO. Flusso netto: 0.3999999999999999, Demand: 0.4, percentage: 99.99999999999997
Sink 32 SODDISFATTO. Flusso netto: 0.9999999999999989, Demand: 1.0, percentage: 99.99999999999989
Sink 34 SODDISFATTO. Flusso netto: 1.7400000000000002, Demand: 1.74, percentage: 100.00000000000003
Sink 35 SODDISFATTO. Flusso netto: 1.3, Demand: 1.3, percentage: 100.0
Sink 37 SODDISFATTO. Flusso netto: 1.0, Demand: 1.0, percentage: 100.0
Sink 39 SODDISFATTO. Flusso netto: 0.40000000000000036, Demand: 0.4, percentage: 100.00000000000009
Sink 40 SODDISFATTO. Flusso netto: 0.5, Demand: 0.5, percentage: 100.0
Sink 41 SODDISFATTO. Flusso netto: 1.0600000000000005, Demand: 1.06, percentage: 100.00000000000004
Sink 42 SODDISFATTO. Flusso netto: 2.8200000000000007, Demand: 2.82, percentage: 100.00000000000003
Sink 45 SODDISFATTO. Flusso netto: 0.6800000000000002, Demand: 0.68, percentage: 100.00000000000003
Sink 46 SODDISFATTO. Flusso netto: 1.17, Demand: 1.17, percentage: 100.0
Sink 49 non è soddisfatto. Flusso netto: 4.59, Demand: 7.0, percentage: 65.57142857142857
Flusso totale entrante nei SINK: 86.46000000000001
Flusso totale uscente nei SINK: 42.430000000000014
Flusso totale netto nei SINK: 44.029999999999994
Total DEMAND dei SINK: 46.44
Percentual di flusso ai SINK: 0.9481050818260119
Numero di Sink soddisfatti: 24.0, numero totale di sink: 25.0
Percentuale di Sink soddisfatti: 0.96

---------------------------------- DAY 118

Update Fixed Elements from Intrinsic Faults
Update Fixed Elements from Heavy Faults
Update Fixed Elements from Attack
Propagate Intrinsic Fault
Propagate Heavy Faults
Propagate Attacks
Inject Intrinsic Failure To Source
Inject Heavy Fault To Sources
Inject Attack Multiple To Source
Inject Intrinsic Fault To Pipeline
Inject Heavy Fault To Pipeline
Inject Attack To Pipeline
----------- Statistics ------------
	Sources Under Attack: 0
	Sources with Heavy Fault: 0
	Sources with Intrinsic Fault: 0
	Arcs with reduce capacity due to Attack: 0
	Arcs with reduce capacity due to Heavy Fault: 0
	Arcs with reduce capacity due to Intrinsic Fault: 0
	Arcs with Attacks: 0
	Arcs with Heavy Fault: 0
	Arcs with Intrinsic Fault: 0
--------- SOURCES STATISTICS ---------------
Demand del real Source[0]: -31.0, flusso erogato: 8.069999999999997, flusso entrante: 0.0, efficienza: 26.032258064516117 %
Demand del real Source[8]: -10.5, flusso erogato: 3.8600000000000003, flusso entrante: 0.0, efficienza: 36.76190476190476 %
Demand del real Source[9]: -7.1, flusso erogato: 14.169999999999996, flusso entrante: 7.070000000000007, efficienza: 199.57746478873236 %
Demand del real Source[17]: -25.0, flusso erogato: 25.000000000000007, flusso entrante: 0.0, efficienza: 100.00000000000003 %
Flusso totale entrante nei Real Source: 7.070000000000007
Flusso totale uscente dai Real Source: 51.1
Flusso netto sui real Source: -44.029999999999994
--- SINKS STATISTICS ---
Sink 3 SODDISFATTO. Flusso netto: 3.4299999999999997, Demand: 3.43, percentage: 99.99999999999999
Sink 4 SODDISFATTO. Flusso netto: 0.5700000000000003, Demand: 0.57, percentage: 100.00000000000007
Sink 5 SODDISFATTO. Flusso netto: 0.6600000000000019, Demand: 0.66, percentage: 100.00000000000028
Sink 11 SODDISFATTO. Flusso netto: 1.03, Demand: 1.03, percentage: 100.0
Sink 15 SODDISFATTO. Flusso netto: 0.4600000000000044, Demand: 0.46, percentage: 100.00000000000095
Sink 16 SODDISFATTO. Flusso netto: 8.399999999999993, Demand: 8.4, percentage: 99.99999999999991
Sink 19 SODDISFATTO. Flusso netto: 0.5399999999999938, Demand: 0.54, percentage: 99.99999999999885
Sink 23 SODDISFATTO. Flusso netto: 0.5999999999999996, Demand: 0.6, percentage: 99.99999999999994
Sink 24 SODDISFATTO. Flusso netto: 0.8000000000000007, Demand: 0.8, percentage: 100.00000000000009
Sink 25 SODDISFATTO. Flusso netto: 3.5, Demand: 3.5, percentage: 100.0
Sink 26 SODDISFATTO. Flusso netto: 6.000000000000007, Demand: 6.0, percentage: 100.00000000000011
Sink 28 SODDISFATTO. Flusso netto: 0.4, Demand: 0.4, percentage: 100.0
Sink 30 SODDISFATTO. Flusso netto: 0.9799999999999933, Demand: 0.98, percentage: 99.99999999999932
Sink 31 SODDISFATTO. Flusso netto: 0.3999999999999999, Demand: 0.4, percentage: 99.99999999999997
Sink 32 SODDISFATTO. Flusso netto: 0.9999999999999989, Demand: 1.0, percentage: 99.99999999999989
Sink 34 SODDISFATTO. Flusso netto: 1.7400000000000002, Demand: 1.74, percentage: 100.00000000000003
Sink 35 SODDISFATTO. Flusso netto: 1.3, Demand: 1.3, percentage: 100.0
Sink 37 SODDISFATTO. Flusso netto: 1.0, Demand: 1.0, percentage: 100.0
Sink 39 SODDISFATTO. Flusso netto: 0.40000000000000036, Demand: 0.4, percentage: 100.00000000000009
Sink 40 SODDISFATTO. Flusso netto: 0.5, Demand: 0.5, percentage: 100.0
Sink 41 SODDISFATTO. Flusso netto: 1.0600000000000005, Demand: 1.06, percentage: 100.00000000000004
Sink 42 SODDISFATTO. Flusso netto: 2.8200000000000007, Demand: 2.82, percentage: 100.00000000000003
Sink 45 SODDISFATTO. Flusso netto: 0.6800000000000002, Demand: 0.68, percentage: 100.00000000000003
Sink 46 SODDISFATTO. Flusso netto: 1.17, Demand: 1.17, percentage: 100.0
Sink 49 non è soddisfatto. Flusso netto: 4.59, Demand: 7.0, percentage: 65.57142857142857
Flusso totale entrante nei SINK: 86.46000000000001
Flusso totale uscente nei SINK: 42.430000000000014
Flusso totale netto nei SINK: 44.029999999999994
Total DEMAND dei SINK: 46.44
Percentual di flusso ai SINK: 0.9481050818260119
Numero di Sink soddisfatti: 24.0, numero totale di sink: 25.0
Percentuale di Sink soddisfatti: 0.96

---------------------------------- DAY 119

Update Fixed Elements from Intrinsic Faults
Update Fixed Elements from Heavy Faults
Update Fixed Elements from Attack
Propagate Intrinsic Fault
Propagate Heavy Faults
Propagate Attacks
Inject Intrinsic Failure To Source
Inject Heavy Fault To Sources
Inject Attack Multiple To Source
Inject Intrinsic Fault To Pipeline
Inject Heavy Fault To Pipeline
Inject Attack To Pipeline
----------- Statistics ------------
	Sources Under Attack: 0
	Sources with Heavy Fault: 0
	Sources with Intrinsic Fault: 0
	Arcs with reduce capacity due to Attack: 0
	Arcs with reduce capacity due to Heavy Fault: 0
	Arcs with reduce capacity due to Intrinsic Fault: 0
	Arcs with Attacks: 0
	Arcs with Heavy Fault: 0
	Arcs with Intrinsic Fault: 0
--------- SOURCES STATISTICS ---------------
Demand del real Source[0]: -31.0, flusso erogato: 8.069999999999997, flusso entrante: 0.0, efficienza: 26.032258064516117 %
Demand del real Source[8]: -10.5, flusso erogato: 3.8600000000000003, flusso entrante: 0.0, efficienza: 36.76190476190476 %
Demand del real Source[9]: -7.1, flusso erogato: 14.169999999999996, flusso entrante: 7.070000000000007, efficienza: 199.57746478873236 %
Demand del real Source[17]: -25.0, flusso erogato: 25.000000000000007, flusso entrante: 0.0, efficienza: 100.00000000000003 %
Flusso totale entrante nei Real Source: 7.070000000000007
Flusso totale uscente dai Real Source: 51.1
Flusso netto sui real Source: -44.029999999999994
--- SINKS STATISTICS ---
Sink 3 SODDISFATTO. Flusso netto: 3.4299999999999997, Demand: 3.43, percentage: 99.99999999999999
Sink 4 SODDISFATTO. Flusso netto: 0.5700000000000003, Demand: 0.57, percentage: 100.00000000000007
Sink 5 SODDISFATTO. Flusso netto: 0.6600000000000019, Demand: 0.66, percentage: 100.00000000000028
Sink 11 SODDISFATTO. Flusso netto: 1.03, Demand: 1.03, percentage: 100.0
Sink 15 SODDISFATTO. Flusso netto: 0.4600000000000044, Demand: 0.46, percentage: 100.00000000000095
Sink 16 SODDISFATTO. Flusso netto: 8.399999999999993, Demand: 8.4, percentage: 99.99999999999991
Sink 19 SODDISFATTO. Flusso netto: 0.5399999999999938, Demand: 0.54, percentage: 99.99999999999885
Sink 23 SODDISFATTO. Flusso netto: 0.5999999999999996, Demand: 0.6, percentage: 99.99999999999994
Sink 24 SODDISFATTO. Flusso netto: 0.8000000000000007, Demand: 0.8, percentage: 100.00000000000009
Sink 25 SODDISFATTO. Flusso netto: 3.5, Demand: 3.5, percentage: 100.0
Sink 26 SODDISFATTO. Flusso netto: 6.000000000000007, Demand: 6.0, percentage: 100.00000000000011
Sink 28 SODDISFATTO. Flusso netto: 0.4, Demand: 0.4, percentage: 100.0
Sink 30 SODDISFATTO. Flusso netto: 0.9799999999999933, Demand: 0.98, percentage: 99.99999999999932
Sink 31 SODDISFATTO. Flusso netto: 0.3999999999999999, Demand: 0.4, percentage: 99.99999999999997
Sink 32 SODDISFATTO. Flusso netto: 0.9999999999999989, Demand: 1.0, percentage: 99.99999999999989
Sink 34 SODDISFATTO. Flusso netto: 1.7400000000000002, Demand: 1.74, percentage: 100.00000000000003
Sink 35 SODDISFATTO. Flusso netto: 1.3, Demand: 1.3, percentage: 100.0
Sink 37 SODDISFATTO. Flusso netto: 1.0, Demand: 1.0, percentage: 100.0
Sink 39 SODDISFATTO. Flusso netto: 0.40000000000000036, Demand: 0.4, percentage: 100.00000000000009
Sink 40 SODDISFATTO. Flusso netto: 0.5, Demand: 0.5, percentage: 100.0
Sink 41 SODDISFATTO. Flusso netto: 1.0600000000000005, Demand: 1.06, percentage: 100.00000000000004
Sink 42 SODDISFATTO. Flusso netto: 2.8200000000000007, Demand: 2.82, percentage: 100.00000000000003
Sink 45 SODDISFATTO. Flusso netto: 0.6800000000000002, Demand: 0.68, percentage: 100.00000000000003
Sink 46 SODDISFATTO. Flusso netto: 1.17, Demand: 1.17, percentage: 100.0
Sink 49 non è soddisfatto. Flusso netto: 4.59, Demand: 7.0, percentage: 65.57142857142857
Flusso totale entrante nei SINK: 86.46000000000001
Flusso totale uscente nei SINK: 42.430000000000014
Flusso totale netto nei SINK: 44.029999999999994
Total DEMAND dei SINK: 46.44
Percentual di flusso ai SINK: 0.9481050818260119
Numero di Sink soddisfatti: 24.0, numero totale di sink: 25.0
Percentuale di Sink soddisfatti: 0.96

---------------------------------- DAY 120

Update Fixed Elements from Intrinsic Faults
Update Fixed Elements from Heavy Faults
Update Fixed Elements from Attack
Propagate Intrinsic Fault
Propagate Heavy Faults
Propagate Attacks
Inject Intrinsic Failure To Source
Source NODO_2 is failing for an Intrinsic Fault in day: 120
pipeline ARCO_70 has reduced capacity due to NODO_2 Intrinsic fault
pipeline V_EDGE_53_0 has reduced capacity due to NODO_2 Intrinsic fault
pipeline ARCO_0 has reduced capacity due to NODO_2 Intrinsic fault
Inject Heavy Fault To Sources
Inject Attack Multiple To Source
Inject Intrinsic Fault To Pipeline
Inject Heavy Fault To Pipeline
Inject Attack To Pipeline
----------- Statistics ------------
	Sources Under Attack: 0
	Sources with Heavy Fault: 0
	Sources with Intrinsic Fault: 1
	Arcs with reduce capacity due to Attack: 0
	Arcs with reduce capacity due to Heavy Fault: 0
	Arcs with reduce capacity due to Intrinsic Fault: 3
	Arcs with Attacks: 0
	Arcs with Heavy Fault: 0
	Arcs with Intrinsic Fault: 0
--------- SOURCES STATISTICS ---------------
Demand del real Source[0]: -31.0, flusso erogato: 8.069999999999997, flusso entrante: 0.0, efficienza: 26.032258064516117 %
Demand del real Source[8]: -10.5, flusso erogato: 3.8600000000000003, flusso entrante: 0.0, efficienza: 36.76190476190476 %
Demand del real Source[9]: -7.1, flusso erogato: 14.169999999999996, flusso entrante: 7.070000000000007, efficienza: 199.57746478873236 %
Demand del real Source[17]: -25.0, flusso erogato: 25.000000000000007, flusso entrante: 0.0, efficienza: 100.00000000000003 %
Flusso totale entrante nei Real Source: 7.070000000000007
Flusso totale uscente dai Real Source: 51.1
Flusso netto sui real Source: -44.029999999999994
--- SINKS STATISTICS ---
Sink 3 SODDISFATTO. Flusso netto: 3.4299999999999997, Demand: 3.43, percentage: 99.99999999999999
Sink 4 SODDISFATTO. Flusso netto: 0.5700000000000003, Demand: 0.57, percentage: 100.00000000000007
Sink 5 SODDISFATTO. Flusso netto: 0.6600000000000019, Demand: 0.66, percentage: 100.00000000000028
Sink 11 SODDISFATTO. Flusso netto: 1.03, Demand: 1.03, percentage: 100.0
Sink 15 SODDISFATTO. Flusso netto: 0.4600000000000044, Demand: 0.46, percentage: 100.00000000000095
Sink 16 SODDISFATTO. Flusso netto: 8.399999999999993, Demand: 8.4, percentage: 99.99999999999991
Sink 19 SODDISFATTO. Flusso netto: 0.5399999999999938, Demand: 0.54, percentage: 99.99999999999885
Sink 23 SODDISFATTO. Flusso netto: 0.5999999999999996, Demand: 0.6, percentage: 99.99999999999994
Sink 24 SODDISFATTO. Flusso netto: 0.8000000000000007, Demand: 0.8, percentage: 100.00000000000009
Sink 25 SODDISFATTO. Flusso netto: 3.5, Demand: 3.5, percentage: 100.0
Sink 26 SODDISFATTO. Flusso netto: 6.000000000000007, Demand: 6.0, percentage: 100.00000000000011
Sink 28 SODDISFATTO. Flusso netto: 0.4, Demand: 0.4, percentage: 100.0
Sink 30 SODDISFATTO. Flusso netto: 0.9799999999999933, Demand: 0.98, percentage: 99.99999999999932
Sink 31 SODDISFATTO. Flusso netto: 0.3999999999999999, Demand: 0.4, percentage: 99.99999999999997
Sink 32 SODDISFATTO. Flusso netto: 0.9999999999999989, Demand: 1.0, percentage: 99.99999999999989
Sink 34 SODDISFATTO. Flusso netto: 1.7400000000000002, Demand: 1.74, percentage: 100.00000000000003
Sink 35 SODDISFATTO. Flusso netto: 1.3, Demand: 1.3, percentage: 100.0
Sink 37 SODDISFATTO. Flusso netto: 1.0, Demand: 1.0, percentage: 100.0
Sink 39 SODDISFATTO. Flusso netto: 0.40000000000000036, Demand: 0.4, percentage: 100.00000000000009
Sink 40 SODDISFATTO. Flusso netto: 0.5, Demand: 0.5, percentage: 100.0
Sink 41 SODDISFATTO. Flusso netto: 1.0600000000000005, Demand: 1.06, percentage: 100.00000000000004
Sink 42 SODDISFATTO. Flusso netto: 2.8200000000000007, Demand: 2.82, percentage: 100.00000000000003
Sink 45 SODDISFATTO. Flusso netto: 0.6800000000000002, Demand: 0.68, percentage: 100.00000000000003
Sink 46 SODDISFATTO. Flusso netto: 1.17, Demand: 1.17, percentage: 100.0
Sink 49 non è soddisfatto. Flusso netto: 4.59, Demand: 7.0, percentage: 65.57142857142857
Flusso totale entrante nei SINK: 86.46000000000001
Flusso totale uscente nei SINK: 42.430000000000014
Flusso totale netto nei SINK: 44.029999999999994
Total DEMAND dei SINK: 46.44
Percentual di flusso ai SINK: 0.9481050818260119
Numero di Sink soddisfatti: 24.0, numero totale di sink: 25.0
Percentuale di Sink soddisfatti: 0.96

---------------------------------- DAY 121

Update Fixed Elements from Intrinsic Faults
Update Fixed Elements from Heavy Faults
Update Fixed Elements from Attack
Propagate Intrinsic Fault
Node NODO_2 has still failing due to Intrinsic Fault
pipeline ARCO_70 still has reduced capacity: 24.8 due to Intrinsic Fault
pipeline V_EDGE_53_0 still has reduced capacity: 24.8 due to Intrinsic Fault
pipeline ARCO_0 still has reduced capacity: 24.8 due to Intrinsic Fault
Propagate Heavy Faults
Propagate Attacks
Inject Intrinsic Failure To Source
Inject Heavy Fault To Sources
Inject Attack Multiple To Source
Inject Intrinsic Fault To Pipeline
Inject Heavy Fault To Pipeline
Inject Attack To Pipeline
----------- Statistics ------------
	Sources Under Attack: 0
	Sources with Heavy Fault: 0
	Sources with Intrinsic Fault: 1
	Arcs with reduce capacity due to Attack: 0
	Arcs with reduce capacity due to Heavy Fault: 0
	Arcs with reduce capacity due to Intrinsic Fault: 3
	Arcs with Attacks: 0
	Arcs with Heavy Fault: 0
	Arcs with Intrinsic Fault: 0
--------- SOURCES STATISTICS ---------------
Demand del real Source[0]: -31.0, flusso erogato: 8.069999999999997, flusso entrante: 0.0, efficienza: 26.032258064516117 %
Demand del real Source[8]: -10.5, flusso erogato: 3.8600000000000003, flusso entrante: 0.0, efficienza: 36.76190476190476 %
Demand del real Source[9]: -7.1, flusso erogato: 14.169999999999996, flusso entrante: 7.070000000000007, efficienza: 199.57746478873236 %
Demand del real Source[17]: -25.0, flusso erogato: 25.000000000000007, flusso entrante: 0.0, efficienza: 100.00000000000003 %
Flusso totale entrante nei Real Source: 7.070000000000007
Flusso totale uscente dai Real Source: 51.1
Flusso netto sui real Source: -44.029999999999994
--- SINKS STATISTICS ---
Sink 3 SODDISFATTO. Flusso netto: 3.4299999999999997, Demand: 3.43, percentage: 99.99999999999999
Sink 4 SODDISFATTO. Flusso netto: 0.5700000000000003, Demand: 0.57, percentage: 100.00000000000007
Sink 5 SODDISFATTO. Flusso netto: 0.6600000000000019, Demand: 0.66, percentage: 100.00000000000028
Sink 11 SODDISFATTO. Flusso netto: 1.03, Demand: 1.03, percentage: 100.0
Sink 15 SODDISFATTO. Flusso netto: 0.4600000000000044, Demand: 0.46, percentage: 100.00000000000095
Sink 16 SODDISFATTO. Flusso netto: 8.399999999999993, Demand: 8.4, percentage: 99.99999999999991
Sink 19 SODDISFATTO. Flusso netto: 0.5399999999999938, Demand: 0.54, percentage: 99.99999999999885
Sink 23 SODDISFATTO. Flusso netto: 0.5999999999999996, Demand: 0.6, percentage: 99.99999999999994
Sink 24 SODDISFATTO. Flusso netto: 0.8000000000000007, Demand: 0.8, percentage: 100.00000000000009
Sink 25 SODDISFATTO. Flusso netto: 3.5, Demand: 3.5, percentage: 100.0
Sink 26 SODDISFATTO. Flusso netto: 6.000000000000007, Demand: 6.0, percentage: 100.00000000000011
Sink 28 SODDISFATTO. Flusso netto: 0.4, Demand: 0.4, percentage: 100.0
Sink 30 SODDISFATTO. Flusso netto: 0.9799999999999933, Demand: 0.98, percentage: 99.99999999999932
Sink 31 SODDISFATTO. Flusso netto: 0.3999999999999999, Demand: 0.4, percentage: 99.99999999999997
Sink 32 SODDISFATTO. Flusso netto: 0.9999999999999989, Demand: 1.0, percentage: 99.99999999999989
Sink 34 SODDISFATTO. Flusso netto: 1.7400000000000002, Demand: 1.74, percentage: 100.00000000000003
Sink 35 SODDISFATTO. Flusso netto: 1.3, Demand: 1.3, percentage: 100.0
Sink 37 SODDISFATTO. Flusso netto: 1.0, Demand: 1.0, percentage: 100.0
Sink 39 SODDISFATTO. Flusso netto: 0.40000000000000036, Demand: 0.4, percentage: 100.00000000000009
Sink 40 SODDISFATTO. Flusso netto: 0.5, Demand: 0.5, percentage: 100.0
Sink 41 SODDISFATTO. Flusso netto: 1.0600000000000005, Demand: 1.06, percentage: 100.00000000000004
Sink 42 SODDISFATTO. Flusso netto: 2.8200000000000007, Demand: 2.82, percentage: 100.00000000000003
Sink 45 SODDISFATTO. Flusso netto: 0.6800000000000002, Demand: 0.68, percentage: 100.00000000000003
Sink 46 SODDISFATTO. Flusso netto: 1.17, Demand: 1.17, percentage: 100.0
Sink 49 non è soddisfatto. Flusso netto: 4.59, Demand: 7.0, percentage: 65.57142857142857
Flusso totale entrante nei SINK: 86.46000000000001
Flusso totale uscente nei SINK: 42.430000000000014
Flusso totale netto nei SINK: 44.029999999999994
Total DEMAND dei SINK: 46.44
Percentual di flusso ai SINK: 0.9481050818260119
Numero di Sink soddisfatti: 24.0, numero totale di sink: 25.0
Percentuale di Sink soddisfatti: 0.96

---------------------------------- DAY 122

Update Fixed Elements from Intrinsic Faults
Update Fixed Elements from Heavy Faults
Update Fixed Elements from Attack
Propagate Intrinsic Fault
Node NODO_2 has still failing due to Intrinsic Fault
pipeline ARCO_70 still has reduced capacity: 24.8 due to Intrinsic Fault
pipeline V_EDGE_53_0 still has reduced capacity: 24.8 due to Intrinsic Fault
pipeline ARCO_0 still has reduced capacity: 24.8 due to Intrinsic Fault
Propagate Heavy Faults
Propagate Attacks
Inject Intrinsic Failure To Source
Inject Heavy Fault To Sources
Inject Attack Multiple To Source
Inject Intrinsic Fault To Pipeline
Inject Heavy Fault To Pipeline
Inject Attack To Pipeline
----------- Statistics ------------
	Sources Under Attack: 0
	Sources with Heavy Fault: 0
	Sources with Intrinsic Fault: 1
	Arcs with reduce capacity due to Attack: 0
	Arcs with reduce capacity due to Heavy Fault: 0
	Arcs with reduce capacity due to Intrinsic Fault: 3
	Arcs with Attacks: 0
	Arcs with Heavy Fault: 0
	Arcs with Intrinsic Fault: 0
--------- SOURCES STATISTICS ---------------
Demand del real Source[0]: -31.0, flusso erogato: 8.069999999999997, flusso entrante: 0.0, efficienza: 26.032258064516117 %
Demand del real Source[8]: -10.5, flusso erogato: 3.8600000000000003, flusso entrante: 0.0, efficienza: 36.76190476190476 %
Demand del real Source[9]: -7.1, flusso erogato: 14.169999999999996, flusso entrante: 7.070000000000007, efficienza: 199.57746478873236 %
Demand del real Source[17]: -25.0, flusso erogato: 25.000000000000007, flusso entrante: 0.0, efficienza: 100.00000000000003 %
Flusso totale entrante nei Real Source: 7.070000000000007
Flusso totale uscente dai Real Source: 51.1
Flusso netto sui real Source: -44.029999999999994
--- SINKS STATISTICS ---
Sink 3 SODDISFATTO. Flusso netto: 3.4299999999999997, Demand: 3.43, percentage: 99.99999999999999
Sink 4 SODDISFATTO. Flusso netto: 0.5700000000000003, Demand: 0.57, percentage: 100.00000000000007
Sink 5 SODDISFATTO. Flusso netto: 0.6600000000000019, Demand: 0.66, percentage: 100.00000000000028
Sink 11 SODDISFATTO. Flusso netto: 1.03, Demand: 1.03, percentage: 100.0
Sink 15 SODDISFATTO. Flusso netto: 0.4600000000000044, Demand: 0.46, percentage: 100.00000000000095
Sink 16 SODDISFATTO. Flusso netto: 8.399999999999993, Demand: 8.4, percentage: 99.99999999999991
Sink 19 SODDISFATTO. Flusso netto: 0.5399999999999938, Demand: 0.54, percentage: 99.99999999999885
Sink 23 SODDISFATTO. Flusso netto: 0.5999999999999996, Demand: 0.6, percentage: 99.99999999999994
Sink 24 SODDISFATTO. Flusso netto: 0.8000000000000007, Demand: 0.8, percentage: 100.00000000000009
Sink 25 SODDISFATTO. Flusso netto: 3.5, Demand: 3.5, percentage: 100.0
Sink 26 SODDISFATTO. Flusso netto: 6.000000000000007, Demand: 6.0, percentage: 100.00000000000011
Sink 28 SODDISFATTO. Flusso netto: 0.4, Demand: 0.4, percentage: 100.0
Sink 30 SODDISFATTO. Flusso netto: 0.9799999999999933, Demand: 0.98, percentage: 99.99999999999932
Sink 31 SODDISFATTO. Flusso netto: 0.3999999999999999, Demand: 0.4, percentage: 99.99999999999997
Sink 32 SODDISFATTO. Flusso netto: 0.9999999999999989, Demand: 1.0, percentage: 99.99999999999989
Sink 34 SODDISFATTO. Flusso netto: 1.7400000000000002, Demand: 1.74, percentage: 100.00000000000003
Sink 35 SODDISFATTO. Flusso netto: 1.3, Demand: 1.3, percentage: 100.0
Sink 37 SODDISFATTO. Flusso netto: 1.0, Demand: 1.0, percentage: 100.0
Sink 39 SODDISFATTO. Flusso netto: 0.40000000000000036, Demand: 0.4, percentage: 100.00000000000009
Sink 40 SODDISFATTO. Flusso netto: 0.5, Demand: 0.5, percentage: 100.0
Sink 41 SODDISFATTO. Flusso netto: 1.0600000000000005, Demand: 1.06, percentage: 100.00000000000004
Sink 42 SODDISFATTO. Flusso netto: 2.8200000000000007, Demand: 2.82, percentage: 100.00000000000003
Sink 45 SODDISFATTO. Flusso netto: 0.6800000000000002, Demand: 0.68, percentage: 100.00000000000003
Sink 46 SODDISFATTO. Flusso netto: 1.17, Demand: 1.17, percentage: 100.0
Sink 49 non è soddisfatto. Flusso netto: 4.59, Demand: 7.0, percentage: 65.57142857142857
Flusso totale entrante nei SINK: 86.46000000000001
Flusso totale uscente nei SINK: 42.430000000000014
Flusso totale netto nei SINK: 44.029999999999994
Total DEMAND dei SINK: 46.44
Percentual di flusso ai SINK: 0.9481050818260119
Numero di Sink soddisfatti: 24.0, numero totale di sink: 25.0
Percentuale di Sink soddisfatti: 0.96

---------------------------------- DAY 123

Update Fixed Elements from Intrinsic Faults
Source NODO_2 fixed from Intrinsic Fault
Pipeline ARCO_70 fixed due to Source NODO_2 fixing from Intrinsic Fault
Pipeline V_EDGE_53_0 fixed due to Source NODO_2 fixing from Intrinsic Fault
Pipeline ARCO_0 fixed due to Source NODO_2 fixing from Intrinsic Fault
Update Fixed Elements from Heavy Faults
Update Fixed Elements from Attack
Propagate Intrinsic Fault
Propagate Heavy Faults
Propagate Attacks
Inject Intrinsic Failure To Source
Source NODO_2 is failing for an Intrinsic Fault in day: 123
pipeline ARCO_70 has reduced capacity due to NODO_2 Intrinsic fault
pipeline V_EDGE_53_0 has reduced capacity due to NODO_2 Intrinsic fault
pipeline ARCO_0 has reduced capacity due to NODO_2 Intrinsic fault
Inject Heavy Fault To Sources
Inject Attack Multiple To Source
Inject Intrinsic Fault To Pipeline
Inject Heavy Fault To Pipeline
Inject Attack To Pipeline
----------- Statistics ------------
	Sources Under Attack: 0
	Sources with Heavy Fault: 0
	Sources with Intrinsic Fault: 1
	Arcs with reduce capacity due to Attack: 0
	Arcs with reduce capacity due to Heavy Fault: 0
	Arcs with reduce capacity due to Intrinsic Fault: 3
	Arcs with Attacks: 0
	Arcs with Heavy Fault: 0
	Arcs with Intrinsic Fault: 0
--------- SOURCES STATISTICS ---------------
Demand del real Source[0]: -31.0, flusso erogato: 8.069999999999997, flusso entrante: 0.0, efficienza: 26.032258064516117 %
Demand del real Source[8]: -10.5, flusso erogato: 3.8600000000000003, flusso entrante: 0.0, efficienza: 36.76190476190476 %
Demand del real Source[9]: -7.1, flusso erogato: 14.169999999999996, flusso entrante: 7.070000000000007, efficienza: 199.57746478873236 %
Demand del real Source[17]: -25.0, flusso erogato: 25.000000000000007, flusso entrante: 0.0, efficienza: 100.00000000000003 %
Flusso totale entrante nei Real Source: 7.070000000000007
Flusso totale uscente dai Real Source: 51.1
Flusso netto sui real Source: -44.029999999999994
--- SINKS STATISTICS ---
Sink 3 SODDISFATTO. Flusso netto: 3.4299999999999997, Demand: 3.43, percentage: 99.99999999999999
Sink 4 SODDISFATTO. Flusso netto: 0.5700000000000003, Demand: 0.57, percentage: 100.00000000000007
Sink 5 SODDISFATTO. Flusso netto: 0.6600000000000019, Demand: 0.66, percentage: 100.00000000000028
Sink 11 SODDISFATTO. Flusso netto: 1.03, Demand: 1.03, percentage: 100.0
Sink 15 SODDISFATTO. Flusso netto: 0.4600000000000044, Demand: 0.46, percentage: 100.00000000000095
Sink 16 SODDISFATTO. Flusso netto: 8.399999999999993, Demand: 8.4, percentage: 99.99999999999991
Sink 19 SODDISFATTO. Flusso netto: 0.5399999999999938, Demand: 0.54, percentage: 99.99999999999885
Sink 23 SODDISFATTO. Flusso netto: 0.5999999999999996, Demand: 0.6, percentage: 99.99999999999994
Sink 24 SODDISFATTO. Flusso netto: 0.8000000000000007, Demand: 0.8, percentage: 100.00000000000009
Sink 25 SODDISFATTO. Flusso netto: 3.5, Demand: 3.5, percentage: 100.0
Sink 26 SODDISFATTO. Flusso netto: 6.000000000000007, Demand: 6.0, percentage: 100.00000000000011
Sink 28 SODDISFATTO. Flusso netto: 0.4, Demand: 0.4, percentage: 100.0
Sink 30 SODDISFATTO. Flusso netto: 0.9799999999999933, Demand: 0.98, percentage: 99.99999999999932
Sink 31 SODDISFATTO. Flusso netto: 0.3999999999999999, Demand: 0.4, percentage: 99.99999999999997
Sink 32 SODDISFATTO. Flusso netto: 0.9999999999999989, Demand: 1.0, percentage: 99.99999999999989
Sink 34 SODDISFATTO. Flusso netto: 1.7400000000000002, Demand: 1.74, percentage: 100.00000000000003
Sink 35 SODDISFATTO. Flusso netto: 1.3, Demand: 1.3, percentage: 100.0
Sink 37 SODDISFATTO. Flusso netto: 1.0, Demand: 1.0, percentage: 100.0
Sink 39 SODDISFATTO. Flusso netto: 0.40000000000000036, Demand: 0.4, percentage: 100.00000000000009
Sink 40 SODDISFATTO. Flusso netto: 0.5, Demand: 0.5, percentage: 100.0
Sink 41 SODDISFATTO. Flusso netto: 1.0600000000000005, Demand: 1.06, percentage: 100.00000000000004
Sink 42 SODDISFATTO. Flusso netto: 2.8200000000000007, Demand: 2.82, percentage: 100.00000000000003
Sink 45 SODDISFATTO. Flusso netto: 0.6800000000000002, Demand: 0.68, percentage: 100.00000000000003
Sink 46 SODDISFATTO. Flusso netto: 1.17, Demand: 1.17, percentage: 100.0
Sink 49 non è soddisfatto. Flusso netto: 4.59, Demand: 7.0, percentage: 65.57142857142857
Flusso totale entrante nei SINK: 86.46000000000001
Flusso totale uscente nei SINK: 42.430000000000014
Flusso totale netto nei SINK: 44.029999999999994
Total DEMAND dei SINK: 46.44
Percentual di flusso ai SINK: 0.9481050818260119
Numero di Sink soddisfatti: 24.0, numero totale di sink: 25.0
Percentuale di Sink soddisfatti: 0.96

---------------------------------- DAY 124

Update Fixed Elements from Intrinsic Faults
Update Fixed Elements from Heavy Faults
Update Fixed Elements from Attack
Propagate Intrinsic Fault
Node NODO_2 has still failing due to Intrinsic Fault
pipeline ARCO_70 still has reduced capacity: 24.8 due to Intrinsic Fault
pipeline V_EDGE_53_0 still has reduced capacity: 24.8 due to Intrinsic Fault
pipeline ARCO_0 still has reduced capacity: 24.8 due to Intrinsic Fault
Propagate Heavy Faults
Propagate Attacks
Inject Intrinsic Failure To Source
Inject Heavy Fault To Sources
Inject Attack Multiple To Source
Inject Intrinsic Fault To Pipeline
Inject Heavy Fault To Pipeline
Inject Attack To Pipeline
----------- Statistics ------------
	Sources Under Attack: 0
	Sources with Heavy Fault: 0
	Sources with Intrinsic Fault: 1
	Arcs with reduce capacity due to Attack: 0
	Arcs with reduce capacity due to Heavy Fault: 0
	Arcs with reduce capacity due to Intrinsic Fault: 3
	Arcs with Attacks: 0
	Arcs with Heavy Fault: 0
	Arcs with Intrinsic Fault: 0
--------- SOURCES STATISTICS ---------------
Demand del real Source[0]: -31.0, flusso erogato: 8.069999999999997, flusso entrante: 0.0, efficienza: 26.032258064516117 %
Demand del real Source[8]: -10.5, flusso erogato: 3.8600000000000003, flusso entrante: 0.0, efficienza: 36.76190476190476 %
Demand del real Source[9]: -7.1, flusso erogato: 14.169999999999996, flusso entrante: 7.070000000000007, efficienza: 199.57746478873236 %
Demand del real Source[17]: -25.0, flusso erogato: 25.000000000000007, flusso entrante: 0.0, efficienza: 100.00000000000003 %
Flusso totale entrante nei Real Source: 7.070000000000007
Flusso totale uscente dai Real Source: 51.1
Flusso netto sui real Source: -44.029999999999994
--- SINKS STATISTICS ---
Sink 3 SODDISFATTO. Flusso netto: 3.4299999999999997, Demand: 3.43, percentage: 99.99999999999999
Sink 4 SODDISFATTO. Flusso netto: 0.5700000000000003, Demand: 0.57, percentage: 100.00000000000007
Sink 5 SODDISFATTO. Flusso netto: 0.6600000000000019, Demand: 0.66, percentage: 100.00000000000028
Sink 11 SODDISFATTO. Flusso netto: 1.03, Demand: 1.03, percentage: 100.0
Sink 15 SODDISFATTO. Flusso netto: 0.4600000000000044, Demand: 0.46, percentage: 100.00000000000095
Sink 16 SODDISFATTO. Flusso netto: 8.399999999999993, Demand: 8.4, percentage: 99.99999999999991
Sink 19 SODDISFATTO. Flusso netto: 0.5399999999999938, Demand: 0.54, percentage: 99.99999999999885
Sink 23 SODDISFATTO. Flusso netto: 0.5999999999999996, Demand: 0.6, percentage: 99.99999999999994
Sink 24 SODDISFATTO. Flusso netto: 0.8000000000000007, Demand: 0.8, percentage: 100.00000000000009
Sink 25 SODDISFATTO. Flusso netto: 3.5, Demand: 3.5, percentage: 100.0
Sink 26 SODDISFATTO. Flusso netto: 6.000000000000007, Demand: 6.0, percentage: 100.00000000000011
Sink 28 SODDISFATTO. Flusso netto: 0.4, Demand: 0.4, percentage: 100.0
Sink 30 SODDISFATTO. Flusso netto: 0.9799999999999933, Demand: 0.98, percentage: 99.99999999999932
Sink 31 SODDISFATTO. Flusso netto: 0.3999999999999999, Demand: 0.4, percentage: 99.99999999999997
Sink 32 SODDISFATTO. Flusso netto: 0.9999999999999989, Demand: 1.0, percentage: 99.99999999999989
Sink 34 SODDISFATTO. Flusso netto: 1.7400000000000002, Demand: 1.74, percentage: 100.00000000000003
Sink 35 SODDISFATTO. Flusso netto: 1.3, Demand: 1.3, percentage: 100.0
Sink 37 SODDISFATTO. Flusso netto: 1.0, Demand: 1.0, percentage: 100.0
Sink 39 SODDISFATTO. Flusso netto: 0.40000000000000036, Demand: 0.4, percentage: 100.00000000000009
Sink 40 SODDISFATTO. Flusso netto: 0.5, Demand: 0.5, percentage: 100.0
Sink 41 SODDISFATTO. Flusso netto: 1.0600000000000005, Demand: 1.06, percentage: 100.00000000000004
Sink 42 SODDISFATTO. Flusso netto: 2.8200000000000007, Demand: 2.82, percentage: 100.00000000000003
Sink 45 SODDISFATTO. Flusso netto: 0.6800000000000002, Demand: 0.68, percentage: 100.00000000000003
Sink 46 SODDISFATTO. Flusso netto: 1.17, Demand: 1.17, percentage: 100.0
Sink 49 non è soddisfatto. Flusso netto: 4.59, Demand: 7.0, percentage: 65.57142857142857
Flusso totale entrante nei SINK: 86.46000000000001
Flusso totale uscente nei SINK: 42.430000000000014
Flusso totale netto nei SINK: 44.029999999999994
Total DEMAND dei SINK: 46.44
Percentual di flusso ai SINK: 0.9481050818260119
Numero di Sink soddisfatti: 24.0, numero totale di sink: 25.0
Percentuale di Sink soddisfatti: 0.96

---------------------------------- DAY 125

Update Fixed Elements from Intrinsic Faults
Update Fixed Elements from Heavy Faults
Update Fixed Elements from Attack
Propagate Intrinsic Fault
Node NODO_2 has still failing due to Intrinsic Fault
pipeline ARCO_70 still has reduced capacity: 24.8 due to Intrinsic Fault
pipeline V_EDGE_53_0 still has reduced capacity: 24.8 due to Intrinsic Fault
pipeline ARCO_0 still has reduced capacity: 24.8 due to Intrinsic Fault
Propagate Heavy Faults
Propagate Attacks
Inject Intrinsic Failure To Source
Inject Heavy Fault To Sources
Inject Attack Multiple To Source
Inject Intrinsic Fault To Pipeline
Inject Heavy Fault To Pipeline
Inject Attack To Pipeline
----------- Statistics ------------
	Sources Under Attack: 0
	Sources with Heavy Fault: 0
	Sources with Intrinsic Fault: 1
	Arcs with reduce capacity due to Attack: 0
	Arcs with reduce capacity due to Heavy Fault: 0
	Arcs with reduce capacity due to Intrinsic Fault: 3
	Arcs with Attacks: 0
	Arcs with Heavy Fault: 0
	Arcs with Intrinsic Fault: 0
--------- SOURCES STATISTICS ---------------
Demand del real Source[0]: -31.0, flusso erogato: 8.069999999999997, flusso entrante: 0.0, efficienza: 26.032258064516117 %
Demand del real Source[8]: -10.5, flusso erogato: 3.8600000000000003, flusso entrante: 0.0, efficienza: 36.76190476190476 %
Demand del real Source[9]: -7.1, flusso erogato: 14.169999999999996, flusso entrante: 7.070000000000007, efficienza: 199.57746478873236 %
Demand del real Source[17]: -25.0, flusso erogato: 25.000000000000007, flusso entrante: 0.0, efficienza: 100.00000000000003 %
Flusso totale entrante nei Real Source: 7.070000000000007
Flusso totale uscente dai Real Source: 51.1
Flusso netto sui real Source: -44.029999999999994
--- SINKS STATISTICS ---
Sink 3 SODDISFATTO. Flusso netto: 3.4299999999999997, Demand: 3.43, percentage: 99.99999999999999
Sink 4 SODDISFATTO. Flusso netto: 0.5700000000000003, Demand: 0.57, percentage: 100.00000000000007
Sink 5 SODDISFATTO. Flusso netto: 0.6600000000000019, Demand: 0.66, percentage: 100.00000000000028
Sink 11 SODDISFATTO. Flusso netto: 1.03, Demand: 1.03, percentage: 100.0
Sink 15 SODDISFATTO. Flusso netto: 0.4600000000000044, Demand: 0.46, percentage: 100.00000000000095
Sink 16 SODDISFATTO. Flusso netto: 8.399999999999993, Demand: 8.4, percentage: 99.99999999999991
Sink 19 SODDISFATTO. Flusso netto: 0.5399999999999938, Demand: 0.54, percentage: 99.99999999999885
Sink 23 SODDISFATTO. Flusso netto: 0.5999999999999996, Demand: 0.6, percentage: 99.99999999999994
Sink 24 SODDISFATTO. Flusso netto: 0.8000000000000007, Demand: 0.8, percentage: 100.00000000000009
Sink 25 SODDISFATTO. Flusso netto: 3.5, Demand: 3.5, percentage: 100.0
Sink 26 SODDISFATTO. Flusso netto: 6.000000000000007, Demand: 6.0, percentage: 100.00000000000011
Sink 28 SODDISFATTO. Flusso netto: 0.4, Demand: 0.4, percentage: 100.0
Sink 30 SODDISFATTO. Flusso netto: 0.9799999999999933, Demand: 0.98, percentage: 99.99999999999932
Sink 31 SODDISFATTO. Flusso netto: 0.3999999999999999, Demand: 0.4, percentage: 99.99999999999997
Sink 32 SODDISFATTO. Flusso netto: 0.9999999999999989, Demand: 1.0, percentage: 99.99999999999989
Sink 34 SODDISFATTO. Flusso netto: 1.7400000000000002, Demand: 1.74, percentage: 100.00000000000003
Sink 35 SODDISFATTO. Flusso netto: 1.3, Demand: 1.3, percentage: 100.0
Sink 37 SODDISFATTO. Flusso netto: 1.0, Demand: 1.0, percentage: 100.0
Sink 39 SODDISFATTO. Flusso netto: 0.40000000000000036, Demand: 0.4, percentage: 100.00000000000009
Sink 40 SODDISFATTO. Flusso netto: 0.5, Demand: 0.5, percentage: 100.0
Sink 41 SODDISFATTO. Flusso netto: 1.0600000000000005, Demand: 1.06, percentage: 100.00000000000004
Sink 42 SODDISFATTO. Flusso netto: 2.8200000000000007, Demand: 2.82, percentage: 100.00000000000003
Sink 45 SODDISFATTO. Flusso netto: 0.6800000000000002, Demand: 0.68, percentage: 100.00000000000003
Sink 46 SODDISFATTO. Flusso netto: 1.17, Demand: 1.17, percentage: 100.0
Sink 49 non è soddisfatto. Flusso netto: 4.59, Demand: 7.0, percentage: 65.57142857142857
Flusso totale entrante nei SINK: 86.46000000000001
Flusso totale uscente nei SINK: 42.430000000000014
Flusso totale netto nei SINK: 44.029999999999994
Total DEMAND dei SINK: 46.44
Percentual di flusso ai SINK: 0.9481050818260119
Numero di Sink soddisfatti: 24.0, numero totale di sink: 25.0
Percentuale di Sink soddisfatti: 0.96

---------------------------------- DAY 126

Update Fixed Elements from Intrinsic Faults
Source NODO_2 fixed from Intrinsic Fault
Pipeline ARCO_70 fixed due to Source NODO_2 fixing from Intrinsic Fault
Pipeline V_EDGE_53_0 fixed due to Source NODO_2 fixing from Intrinsic Fault
Pipeline ARCO_0 fixed due to Source NODO_2 fixing from Intrinsic Fault
Update Fixed Elements from Heavy Faults
Update Fixed Elements from Attack
Propagate Intrinsic Fault
Propagate Heavy Faults
Propagate Attacks
Inject Intrinsic Failure To Source
Inject Heavy Fault To Sources
Inject Attack Multiple To Source
Inject Intrinsic Fault To Pipeline
Inject Heavy Fault To Pipeline
Inject Attack To Pipeline
----------- Statistics ------------
	Sources Under Attack: 0
	Sources with Heavy Fault: 0
	Sources with Intrinsic Fault: 0
	Arcs with reduce capacity due to Attack: 0
	Arcs with reduce capacity due to Heavy Fault: 0
	Arcs with reduce capacity due to Intrinsic Fault: 0
	Arcs with Attacks: 0
	Arcs with Heavy Fault: 0
	Arcs with Intrinsic Fault: 0
--------- SOURCES STATISTICS ---------------
Demand del real Source[0]: -31.0, flusso erogato: 8.069999999999997, flusso entrante: 0.0, efficienza: 26.032258064516117 %
Demand del real Source[8]: -10.5, flusso erogato: 3.8600000000000003, flusso entrante: 0.0, efficienza: 36.76190476190476 %
Demand del real Source[9]: -7.1, flusso erogato: 14.169999999999996, flusso entrante: 7.070000000000007, efficienza: 199.57746478873236 %
Demand del real Source[17]: -25.0, flusso erogato: 25.000000000000007, flusso entrante: 0.0, efficienza: 100.00000000000003 %
Flusso totale entrante nei Real Source: 7.070000000000007
Flusso totale uscente dai Real Source: 51.1
Flusso netto sui real Source: -44.029999999999994
--- SINKS STATISTICS ---
Sink 3 SODDISFATTO. Flusso netto: 3.4299999999999997, Demand: 3.43, percentage: 99.99999999999999
Sink 4 SODDISFATTO. Flusso netto: 0.5700000000000003, Demand: 0.57, percentage: 100.00000000000007
Sink 5 SODDISFATTO. Flusso netto: 0.6600000000000019, Demand: 0.66, percentage: 100.00000000000028
Sink 11 SODDISFATTO. Flusso netto: 1.03, Demand: 1.03, percentage: 100.0
Sink 15 SODDISFATTO. Flusso netto: 0.4600000000000044, Demand: 0.46, percentage: 100.00000000000095
Sink 16 SODDISFATTO. Flusso netto: 8.399999999999993, Demand: 8.4, percentage: 99.99999999999991
Sink 19 SODDISFATTO. Flusso netto: 0.5399999999999938, Demand: 0.54, percentage: 99.99999999999885
Sink 23 SODDISFATTO. Flusso netto: 0.5999999999999996, Demand: 0.6, percentage: 99.99999999999994
Sink 24 SODDISFATTO. Flusso netto: 0.8000000000000007, Demand: 0.8, percentage: 100.00000000000009
Sink 25 SODDISFATTO. Flusso netto: 3.5, Demand: 3.5, percentage: 100.0
Sink 26 SODDISFATTO. Flusso netto: 6.000000000000007, Demand: 6.0, percentage: 100.00000000000011
Sink 28 SODDISFATTO. Flusso netto: 0.4, Demand: 0.4, percentage: 100.0
Sink 30 SODDISFATTO. Flusso netto: 0.9799999999999933, Demand: 0.98, percentage: 99.99999999999932
Sink 31 SODDISFATTO. Flusso netto: 0.3999999999999999, Demand: 0.4, percentage: 99.99999999999997
Sink 32 SODDISFATTO. Flusso netto: 0.9999999999999989, Demand: 1.0, percentage: 99.99999999999989
Sink 34 SODDISFATTO. Flusso netto: 1.7400000000000002, Demand: 1.74, percentage: 100.00000000000003
Sink 35 SODDISFATTO. Flusso netto: 1.3, Demand: 1.3, percentage: 100.0
Sink 37 SODDISFATTO. Flusso netto: 1.0, Demand: 1.0, percentage: 100.0
Sink 39 SODDISFATTO. Flusso netto: 0.40000000000000036, Demand: 0.4, percentage: 100.00000000000009
Sink 40 SODDISFATTO. Flusso netto: 0.5, Demand: 0.5, percentage: 100.0
Sink 41 SODDISFATTO. Flusso netto: 1.0600000000000005, Demand: 1.06, percentage: 100.00000000000004
Sink 42 SODDISFATTO. Flusso netto: 2.8200000000000007, Demand: 2.82, percentage: 100.00000000000003
Sink 45 SODDISFATTO. Flusso netto: 0.6800000000000002, Demand: 0.68, percentage: 100.00000000000003
Sink 46 SODDISFATTO. Flusso netto: 1.17, Demand: 1.17, percentage: 100.0
Sink 49 non è soddisfatto. Flusso netto: 4.59, Demand: 7.0, percentage: 65.57142857142857
Flusso totale entrante nei SINK: 86.46000000000001
Flusso totale uscente nei SINK: 42.430000000000014
Flusso totale netto nei SINK: 44.029999999999994
Total DEMAND dei SINK: 46.44
Percentual di flusso ai SINK: 0.9481050818260119
Numero di Sink soddisfatti: 24.0, numero totale di sink: 25.0
Percentuale di Sink soddisfatti: 0.96

---------------------------------- DAY 127

Update Fixed Elements from Intrinsic Faults
Update Fixed Elements from Heavy Faults
Update Fixed Elements from Attack
Propagate Intrinsic Fault
Propagate Heavy Faults
Propagate Attacks
Inject Intrinsic Failure To Source
Inject Heavy Fault To Sources
Inject Attack Multiple To Source
Inject Intrinsic Fault To Pipeline
Inject Heavy Fault To Pipeline
Inject Attack To Pipeline
----------- Statistics ------------
	Sources Under Attack: 0
	Sources with Heavy Fault: 0
	Sources with Intrinsic Fault: 0
	Arcs with reduce capacity due to Attack: 0
	Arcs with reduce capacity due to Heavy Fault: 0
	Arcs with reduce capacity due to Intrinsic Fault: 0
	Arcs with Attacks: 0
	Arcs with Heavy Fault: 0
	Arcs with Intrinsic Fault: 0
--------- SOURCES STATISTICS ---------------
Demand del real Source[0]: -31.0, flusso erogato: 8.069999999999997, flusso entrante: 0.0, efficienza: 26.032258064516117 %
Demand del real Source[8]: -10.5, flusso erogato: 3.8600000000000003, flusso entrante: 0.0, efficienza: 36.76190476190476 %
Demand del real Source[9]: -7.1, flusso erogato: 14.169999999999996, flusso entrante: 7.070000000000007, efficienza: 199.57746478873236 %
Demand del real Source[17]: -25.0, flusso erogato: 25.000000000000007, flusso entrante: 0.0, efficienza: 100.00000000000003 %
Flusso totale entrante nei Real Source: 7.070000000000007
Flusso totale uscente dai Real Source: 51.1
Flusso netto sui real Source: -44.029999999999994
--- SINKS STATISTICS ---
Sink 3 SODDISFATTO. Flusso netto: 3.4299999999999997, Demand: 3.43, percentage: 99.99999999999999
Sink 4 SODDISFATTO. Flusso netto: 0.5700000000000003, Demand: 0.57, percentage: 100.00000000000007
Sink 5 SODDISFATTO. Flusso netto: 0.6600000000000019, Demand: 0.66, percentage: 100.00000000000028
Sink 11 SODDISFATTO. Flusso netto: 1.03, Demand: 1.03, percentage: 100.0
Sink 15 SODDISFATTO. Flusso netto: 0.4600000000000044, Demand: 0.46, percentage: 100.00000000000095
Sink 16 SODDISFATTO. Flusso netto: 8.399999999999993, Demand: 8.4, percentage: 99.99999999999991
Sink 19 SODDISFATTO. Flusso netto: 0.5399999999999938, Demand: 0.54, percentage: 99.99999999999885
Sink 23 SODDISFATTO. Flusso netto: 0.5999999999999996, Demand: 0.6, percentage: 99.99999999999994
Sink 24 SODDISFATTO. Flusso netto: 0.8000000000000007, Demand: 0.8, percentage: 100.00000000000009
Sink 25 SODDISFATTO. Flusso netto: 3.5, Demand: 3.5, percentage: 100.0
Sink 26 SODDISFATTO. Flusso netto: 6.000000000000007, Demand: 6.0, percentage: 100.00000000000011
Sink 28 SODDISFATTO. Flusso netto: 0.4, Demand: 0.4, percentage: 100.0
Sink 30 SODDISFATTO. Flusso netto: 0.9799999999999933, Demand: 0.98, percentage: 99.99999999999932
Sink 31 SODDISFATTO. Flusso netto: 0.3999999999999999, Demand: 0.4, percentage: 99.99999999999997
Sink 32 SODDISFATTO. Flusso netto: 0.9999999999999989, Demand: 1.0, percentage: 99.99999999999989
Sink 34 SODDISFATTO. Flusso netto: 1.7400000000000002, Demand: 1.74, percentage: 100.00000000000003
Sink 35 SODDISFATTO. Flusso netto: 1.3, Demand: 1.3, percentage: 100.0
Sink 37 SODDISFATTO. Flusso netto: 1.0, Demand: 1.0, percentage: 100.0
Sink 39 SODDISFATTO. Flusso netto: 0.40000000000000036, Demand: 0.4, percentage: 100.00000000000009
Sink 40 SODDISFATTO. Flusso netto: 0.5, Demand: 0.5, percentage: 100.0
Sink 41 SODDISFATTO. Flusso netto: 1.0600000000000005, Demand: 1.06, percentage: 100.00000000000004
Sink 42 SODDISFATTO. Flusso netto: 2.8200000000000007, Demand: 2.82, percentage: 100.00000000000003
Sink 45 SODDISFATTO. Flusso netto: 0.6800000000000002, Demand: 0.68, percentage: 100.00000000000003
Sink 46 SODDISFATTO. Flusso netto: 1.17, Demand: 1.17, percentage: 100.0
Sink 49 non è soddisfatto. Flusso netto: 4.59, Demand: 7.0, percentage: 65.57142857142857
Flusso totale entrante nei SINK: 86.46000000000001
Flusso totale uscente nei SINK: 42.430000000000014
Flusso totale netto nei SINK: 44.029999999999994
Total DEMAND dei SINK: 46.44
Percentual di flusso ai SINK: 0.9481050818260119
Numero di Sink soddisfatti: 24.0, numero totale di sink: 25.0
Percentuale di Sink soddisfatti: 0.96

---------------------------------- DAY 128

Update Fixed Elements from Intrinsic Faults
Update Fixed Elements from Heavy Faults
Update Fixed Elements from Attack
Propagate Intrinsic Fault
Propagate Heavy Faults
Propagate Attacks
Inject Intrinsic Failure To Source
Source NODO_11 is failing for an Intrinsic Fault in day: 128
pipeline ARCO_3 has reduced capacity due to NODO_11 Intrinsic fault
pipeline ARCO_90 has reduced capacity due to NODO_11 Intrinsic fault
pipeline ARCO_91 has reduced capacity due to NODO_11 Intrinsic fault
pipeline ARCO_92 has reduced capacity due to NODO_11 Intrinsic fault
pipeline V_EDGE_53_9 has reduced capacity due to NODO_11 Intrinsic fault
pipeline ARCO_20 has reduced capacity due to NODO_11 Intrinsic fault
pipeline ARCO_21 has reduced capacity due to NODO_11 Intrinsic fault
pipeline ARCO_22 has reduced capacity due to NODO_11 Intrinsic fault
pipeline ARCO_73 has reduced capacity due to NODO_11 Intrinsic fault
Inject Heavy Fault To Sources
Inject Attack Multiple To Source
Inject Intrinsic Fault To Pipeline
Inject Heavy Fault To Pipeline
Inject Attack To Pipeline
----------- Statistics ------------
	Sources Under Attack: 0
	Sources with Heavy Fault: 0
	Sources with Intrinsic Fault: 1
	Arcs with reduce capacity due to Attack: 0
	Arcs with reduce capacity due to Heavy Fault: 0
	Arcs with reduce capacity due to Intrinsic Fault: 9
	Arcs with Attacks: 0
	Arcs with Heavy Fault: 0
	Arcs with Intrinsic Fault: 0
--------- SOURCES STATISTICS ---------------
Demand del real Source[0]: -31.0, flusso erogato: 8.729999999999993, flusso entrante: 0.0, efficienza: 28.161290322580623 %
Demand del real Source[8]: -10.5, flusso erogato: 3.8600000000000003, flusso entrante: 0.0, efficienza: 36.76190476190476 %
Demand del real Source[9]: -7.1, flusso erogato: 13.409999999999997, flusso entrante: 7.73, efficienza: 188.87323943661968 %
Demand del real Source[17]: -25.0, flusso erogato: 25.000000000000007, flusso entrante: 0.0, efficienza: 100.00000000000003 %
Flusso totale entrante nei Real Source: 7.73
Flusso totale uscente dai Real Source: 51.0
Flusso netto sui real Source: -43.269999999999996
--- SINKS STATISTICS ---
Sink 3 SODDISFATTO. Flusso netto: 3.4299999999999997, Demand: 3.43, percentage: 99.99999999999999
Sink 4 SODDISFATTO. Flusso netto: 0.5700000000000003, Demand: 0.57, percentage: 100.00000000000007
Sink 5 SODDISFATTO. Flusso netto: 0.6600000000000001, Demand: 0.66, percentage: 100.00000000000003
Sink 11 SODDISFATTO. Flusso netto: 1.03, Demand: 1.03, percentage: 100.0
Sink 15 SODDISFATTO. Flusso netto: 0.4600000000000044, Demand: 0.46, percentage: 100.00000000000095
Sink 16 SODDISFATTO. Flusso netto: 8.399999999999993, Demand: 8.4, percentage: 99.99999999999991
Sink 19 SODDISFATTO. Flusso netto: 0.5399999999999938, Demand: 0.54, percentage: 99.99999999999885
Sink 23 SODDISFATTO. Flusso netto: 0.5999999999999996, Demand: 0.6, percentage: 99.99999999999994
Sink 24 SODDISFATTO. Flusso netto: 0.8000000000000007, Demand: 0.8, percentage: 100.00000000000009
Sink 25 SODDISFATTO. Flusso netto: 3.5, Demand: 3.5, percentage: 100.0
Sink 26 SODDISFATTO. Flusso netto: 6.000000000000007, Demand: 6.0, percentage: 100.00000000000011
Sink 28 SODDISFATTO. Flusso netto: 0.4, Demand: 0.4, percentage: 100.0
Sink 30 SODDISFATTO. Flusso netto: 0.9799999999999933, Demand: 0.98, percentage: 99.99999999999932
Sink 31 SODDISFATTO. Flusso netto: 0.3999999999999999, Demand: 0.4, percentage: 99.99999999999997
Sink 32 SODDISFATTO. Flusso netto: 0.9999999999999989, Demand: 1.0, percentage: 99.99999999999989
Sink 34 SODDISFATTO. Flusso netto: 1.7400000000000002, Demand: 1.74, percentage: 100.00000000000003
Sink 35 SODDISFATTO. Flusso netto: 1.3, Demand: 1.3, percentage: 100.0
Sink 37 SODDISFATTO. Flusso netto: 1.0, Demand: 1.0, percentage: 100.0
Sink 39 SODDISFATTO. Flusso netto: 0.40000000000000036, Demand: 0.4, percentage: 100.00000000000009
Sink 40 SODDISFATTO. Flusso netto: 0.5, Demand: 0.5, percentage: 100.0
Sink 41 SODDISFATTO. Flusso netto: 1.0600000000000005, Demand: 1.06, percentage: 100.00000000000004
Sink 42 SODDISFATTO. Flusso netto: 2.819999999999999, Demand: 2.82, percentage: 99.99999999999997
Sink 45 SODDISFATTO. Flusso netto: 0.6800000000000002, Demand: 0.68, percentage: 100.00000000000003
Sink 46 SODDISFATTO. Flusso netto: 1.17, Demand: 1.17, percentage: 100.0
Sink 49 non è soddisfatto. Flusso netto: 3.83, Demand: 7.0, percentage: 54.714285714285715
Flusso totale entrante nei SINK: 85.282
Flusso totale uscente nei SINK: 42.01200000000001
Flusso totale netto nei SINK: 43.26999999999999
Total DEMAND dei SINK: 46.44
Percentual di flusso ai SINK: 0.9317398794142978
Numero di Sink soddisfatti: 24.0, numero totale di sink: 25.0
Percentuale di Sink soddisfatti: 0.96

---------------------------------- DAY 129

Update Fixed Elements from Intrinsic Faults
Update Fixed Elements from Heavy Faults
Update Fixed Elements from Attack
Propagate Intrinsic Fault
Node NODO_11 has still failing due to Intrinsic Fault
pipeline ARCO_3 still has reduced capacity: 9.688 due to Intrinsic Fault
pipeline ARCO_90 still has reduced capacity: 1.6 due to Intrinsic Fault
pipeline ARCO_91 still has reduced capacity: 9.688 due to Intrinsic Fault
pipeline ARCO_92 still has reduced capacity: 39.328 due to Intrinsic Fault
pipeline V_EDGE_53_9 still has reduced capacity: 5.68 due to Intrinsic Fault
pipeline ARCO_20 still has reduced capacity: 1.6 due to Intrinsic Fault
pipeline ARCO_21 still has reduced capacity: 9.688 due to Intrinsic Fault
pipeline ARCO_22 still has reduced capacity: 39.328 due to Intrinsic Fault
pipeline ARCO_73 still has reduced capacity: 9.688 due to Intrinsic Fault
Propagate Heavy Faults
Propagate Attacks
Inject Intrinsic Failure To Source
Inject Heavy Fault To Sources
Inject Attack Multiple To Source
Inject Intrinsic Fault To Pipeline
Inject Heavy Fault To Pipeline
Inject Attack To Pipeline
----------- Statistics ------------
	Sources Under Attack: 0
	Sources with Heavy Fault: 0
	Sources with Intrinsic Fault: 1
	Arcs with reduce capacity due to Attack: 0
	Arcs with reduce capacity due to Heavy Fault: 0
	Arcs with reduce capacity due to Intrinsic Fault: 9
	Arcs with Attacks: 0
	Arcs with Heavy Fault: 0
	Arcs with Intrinsic Fault: 0
--------- SOURCES STATISTICS ---------------
Demand del real Source[0]: -31.0, flusso erogato: 8.729999999999993, flusso entrante: 0.0, efficienza: 28.161290322580623 %
Demand del real Source[8]: -10.5, flusso erogato: 3.8600000000000003, flusso entrante: 0.0, efficienza: 36.76190476190476 %
Demand del real Source[9]: -7.1, flusso erogato: 13.409999999999997, flusso entrante: 7.73, efficienza: 188.87323943661968 %
Demand del real Source[17]: -25.0, flusso erogato: 25.000000000000007, flusso entrante: 0.0, efficienza: 100.00000000000003 %
Flusso totale entrante nei Real Source: 7.73
Flusso totale uscente dai Real Source: 51.0
Flusso netto sui real Source: -43.269999999999996
--- SINKS STATISTICS ---
Sink 3 SODDISFATTO. Flusso netto: 3.4299999999999997, Demand: 3.43, percentage: 99.99999999999999
Sink 4 SODDISFATTO. Flusso netto: 0.5700000000000003, Demand: 0.57, percentage: 100.00000000000007
Sink 5 SODDISFATTO. Flusso netto: 0.6600000000000001, Demand: 0.66, percentage: 100.00000000000003
Sink 11 SODDISFATTO. Flusso netto: 1.03, Demand: 1.03, percentage: 100.0
Sink 15 SODDISFATTO. Flusso netto: 0.4600000000000044, Demand: 0.46, percentage: 100.00000000000095
Sink 16 SODDISFATTO. Flusso netto: 8.399999999999993, Demand: 8.4, percentage: 99.99999999999991
Sink 19 SODDISFATTO. Flusso netto: 0.5399999999999938, Demand: 0.54, percentage: 99.99999999999885
Sink 23 SODDISFATTO. Flusso netto: 0.5999999999999996, Demand: 0.6, percentage: 99.99999999999994
Sink 24 SODDISFATTO. Flusso netto: 0.8000000000000007, Demand: 0.8, percentage: 100.00000000000009
Sink 25 SODDISFATTO. Flusso netto: 3.5, Demand: 3.5, percentage: 100.0
Sink 26 SODDISFATTO. Flusso netto: 6.000000000000007, Demand: 6.0, percentage: 100.00000000000011
Sink 28 SODDISFATTO. Flusso netto: 0.4, Demand: 0.4, percentage: 100.0
Sink 30 SODDISFATTO. Flusso netto: 0.9799999999999933, Demand: 0.98, percentage: 99.99999999999932
Sink 31 SODDISFATTO. Flusso netto: 0.3999999999999999, Demand: 0.4, percentage: 99.99999999999997
Sink 32 SODDISFATTO. Flusso netto: 0.9999999999999989, Demand: 1.0, percentage: 99.99999999999989
Sink 34 SODDISFATTO. Flusso netto: 1.7400000000000002, Demand: 1.74, percentage: 100.00000000000003
Sink 35 SODDISFATTO. Flusso netto: 1.3, Demand: 1.3, percentage: 100.0
Sink 37 SODDISFATTO. Flusso netto: 1.0, Demand: 1.0, percentage: 100.0
Sink 39 SODDISFATTO. Flusso netto: 0.40000000000000036, Demand: 0.4, percentage: 100.00000000000009
Sink 40 SODDISFATTO. Flusso netto: 0.5, Demand: 0.5, percentage: 100.0
Sink 41 SODDISFATTO. Flusso netto: 1.0600000000000005, Demand: 1.06, percentage: 100.00000000000004
Sink 42 SODDISFATTO. Flusso netto: 2.819999999999999, Demand: 2.82, percentage: 99.99999999999997
Sink 45 SODDISFATTO. Flusso netto: 0.6800000000000002, Demand: 0.68, percentage: 100.00000000000003
Sink 46 SODDISFATTO. Flusso netto: 1.17, Demand: 1.17, percentage: 100.0
Sink 49 non è soddisfatto. Flusso netto: 3.83, Demand: 7.0, percentage: 54.714285714285715
Flusso totale entrante nei SINK: 85.282
Flusso totale uscente nei SINK: 42.01200000000001
Flusso totale netto nei SINK: 43.26999999999999
Total DEMAND dei SINK: 46.44
Percentual di flusso ai SINK: 0.9317398794142978
Numero di Sink soddisfatti: 24.0, numero totale di sink: 25.0
Percentuale di Sink soddisfatti: 0.96

---------------------------------- DAY 130

Update Fixed Elements from Intrinsic Faults
Update Fixed Elements from Heavy Faults
Update Fixed Elements from Attack
Propagate Intrinsic Fault
Node NODO_11 has still failing due to Intrinsic Fault
pipeline ARCO_3 still has reduced capacity: 9.688 due to Intrinsic Fault
pipeline ARCO_90 still has reduced capacity: 1.6 due to Intrinsic Fault
pipeline ARCO_91 still has reduced capacity: 9.688 due to Intrinsic Fault
pipeline ARCO_92 still has reduced capacity: 39.328 due to Intrinsic Fault
pipeline V_EDGE_53_9 still has reduced capacity: 5.68 due to Intrinsic Fault
pipeline ARCO_20 still has reduced capacity: 1.6 due to Intrinsic Fault
pipeline ARCO_21 still has reduced capacity: 9.688 due to Intrinsic Fault
pipeline ARCO_22 still has reduced capacity: 39.328 due to Intrinsic Fault
pipeline ARCO_73 still has reduced capacity: 9.688 due to Intrinsic Fault
Propagate Heavy Faults
Propagate Attacks
Inject Intrinsic Failure To Source
Inject Heavy Fault To Sources
Inject Attack Multiple To Source
Inject Intrinsic Fault To Pipeline
Inject Heavy Fault To Pipeline
Inject Attack To Pipeline
----------- Statistics ------------
	Sources Under Attack: 0
	Sources with Heavy Fault: 0
	Sources with Intrinsic Fault: 1
	Arcs with reduce capacity due to Attack: 0
	Arcs with reduce capacity due to Heavy Fault: 0
	Arcs with reduce capacity due to Intrinsic Fault: 9
	Arcs with Attacks: 0
	Arcs with Heavy Fault: 0
	Arcs with Intrinsic Fault: 0
--------- SOURCES STATISTICS ---------------
Demand del real Source[0]: -31.0, flusso erogato: 8.729999999999993, flusso entrante: 0.0, efficienza: 28.161290322580623 %
Demand del real Source[8]: -10.5, flusso erogato: 3.8600000000000003, flusso entrante: 0.0, efficienza: 36.76190476190476 %
Demand del real Source[9]: -7.1, flusso erogato: 13.409999999999997, flusso entrante: 7.73, efficienza: 188.87323943661968 %
Demand del real Source[17]: -25.0, flusso erogato: 25.000000000000007, flusso entrante: 0.0, efficienza: 100.00000000000003 %
Flusso totale entrante nei Real Source: 7.73
Flusso totale uscente dai Real Source: 51.0
Flusso netto sui real Source: -43.269999999999996
--- SINKS STATISTICS ---
Sink 3 SODDISFATTO. Flusso netto: 3.4299999999999997, Demand: 3.43, percentage: 99.99999999999999
Sink 4 SODDISFATTO. Flusso netto: 0.5700000000000003, Demand: 0.57, percentage: 100.00000000000007
Sink 5 SODDISFATTO. Flusso netto: 0.6600000000000001, Demand: 0.66, percentage: 100.00000000000003
Sink 11 SODDISFATTO. Flusso netto: 1.03, Demand: 1.03, percentage: 100.0
Sink 15 SODDISFATTO. Flusso netto: 0.4600000000000044, Demand: 0.46, percentage: 100.00000000000095
Sink 16 SODDISFATTO. Flusso netto: 8.399999999999993, Demand: 8.4, percentage: 99.99999999999991
Sink 19 SODDISFATTO. Flusso netto: 0.5399999999999938, Demand: 0.54, percentage: 99.99999999999885
Sink 23 SODDISFATTO. Flusso netto: 0.5999999999999996, Demand: 0.6, percentage: 99.99999999999994
Sink 24 SODDISFATTO. Flusso netto: 0.8000000000000007, Demand: 0.8, percentage: 100.00000000000009
Sink 25 SODDISFATTO. Flusso netto: 3.5, Demand: 3.5, percentage: 100.0
Sink 26 SODDISFATTO. Flusso netto: 6.000000000000007, Demand: 6.0, percentage: 100.00000000000011
Sink 28 SODDISFATTO. Flusso netto: 0.4, Demand: 0.4, percentage: 100.0
Sink 30 SODDISFATTO. Flusso netto: 0.9799999999999933, Demand: 0.98, percentage: 99.99999999999932
Sink 31 SODDISFATTO. Flusso netto: 0.3999999999999999, Demand: 0.4, percentage: 99.99999999999997
Sink 32 SODDISFATTO. Flusso netto: 0.9999999999999989, Demand: 1.0, percentage: 99.99999999999989
Sink 34 SODDISFATTO. Flusso netto: 1.7400000000000002, Demand: 1.74, percentage: 100.00000000000003
Sink 35 SODDISFATTO. Flusso netto: 1.3, Demand: 1.3, percentage: 100.0
Sink 37 SODDISFATTO. Flusso netto: 1.0, Demand: 1.0, percentage: 100.0
Sink 39 SODDISFATTO. Flusso netto: 0.40000000000000036, Demand: 0.4, percentage: 100.00000000000009
Sink 40 SODDISFATTO. Flusso netto: 0.5, Demand: 0.5, percentage: 100.0
Sink 41 SODDISFATTO. Flusso netto: 1.0600000000000005, Demand: 1.06, percentage: 100.00000000000004
Sink 42 SODDISFATTO. Flusso netto: 2.819999999999999, Demand: 2.82, percentage: 99.99999999999997
Sink 45 SODDISFATTO. Flusso netto: 0.6800000000000002, Demand: 0.68, percentage: 100.00000000000003
Sink 46 SODDISFATTO. Flusso netto: 1.17, Demand: 1.17, percentage: 100.0
Sink 49 non è soddisfatto. Flusso netto: 3.83, Demand: 7.0, percentage: 54.714285714285715
Flusso totale entrante nei SINK: 85.282
Flusso totale uscente nei SINK: 42.01200000000001
Flusso totale netto nei SINK: 43.26999999999999
Total DEMAND dei SINK: 46.44
Percentual di flusso ai SINK: 0.9317398794142978
Numero di Sink soddisfatti: 24.0, numero totale di sink: 25.0
Percentuale di Sink soddisfatti: 0.96

---------------------------------- DAY 131

Update Fixed Elements from Intrinsic Faults
Source NODO_11 fixed from Intrinsic Fault
Pipeline ARCO_3 fixed due to Source NODO_11 fixing from Intrinsic Fault
Pipeline ARCO_90 fixed due to Source NODO_11 fixing from Intrinsic Fault
Pipeline ARCO_91 fixed due to Source NODO_11 fixing from Intrinsic Fault
Pipeline ARCO_92 fixed due to Source NODO_11 fixing from Intrinsic Fault
Pipeline V_EDGE_53_9 fixed due to Source NODO_11 fixing from Intrinsic Fault
Pipeline ARCO_20 fixed due to Source NODO_11 fixing from Intrinsic Fault
Pipeline ARCO_21 fixed due to Source NODO_11 fixing from Intrinsic Fault
Pipeline ARCO_22 fixed due to Source NODO_11 fixing from Intrinsic Fault
Pipeline ARCO_73 fixed due to Source NODO_11 fixing from Intrinsic Fault
Update Fixed Elements from Heavy Faults
Update Fixed Elements from Attack
Propagate Intrinsic Fault
Propagate Heavy Faults
Propagate Attacks
Inject Intrinsic Failure To Source
Inject Heavy Fault To Sources
Inject Attack Multiple To Source
Inject Intrinsic Fault To Pipeline
Inject Heavy Fault To Pipeline
Inject Attack To Pipeline
----------- Statistics ------------
	Sources Under Attack: 0
	Sources with Heavy Fault: 0
	Sources with Intrinsic Fault: 0
	Arcs with reduce capacity due to Attack: 0
	Arcs with reduce capacity due to Heavy Fault: 0
	Arcs with reduce capacity due to Intrinsic Fault: 0
	Arcs with Attacks: 0
	Arcs with Heavy Fault: 0
	Arcs with Intrinsic Fault: 0
--------- SOURCES STATISTICS ---------------
Demand del real Source[0]: -31.0, flusso erogato: 8.069999999999997, flusso entrante: 0.0, efficienza: 26.032258064516117 %
Demand del real Source[8]: -10.5, flusso erogato: 3.8600000000000003, flusso entrante: 0.0, efficienza: 36.76190476190476 %
Demand del real Source[9]: -7.1, flusso erogato: 14.169999999999996, flusso entrante: 7.070000000000007, efficienza: 199.57746478873236 %
Demand del real Source[17]: -25.0, flusso erogato: 25.000000000000007, flusso entrante: 0.0, efficienza: 100.00000000000003 %
Flusso totale entrante nei Real Source: 7.070000000000007
Flusso totale uscente dai Real Source: 51.1
Flusso netto sui real Source: -44.029999999999994
--- SINKS STATISTICS ---
Sink 3 SODDISFATTO. Flusso netto: 3.4299999999999997, Demand: 3.43, percentage: 99.99999999999999
Sink 4 SODDISFATTO. Flusso netto: 0.5700000000000003, Demand: 0.57, percentage: 100.00000000000007
Sink 5 SODDISFATTO. Flusso netto: 0.6600000000000019, Demand: 0.66, percentage: 100.00000000000028
Sink 11 SODDISFATTO. Flusso netto: 1.03, Demand: 1.03, percentage: 100.0
Sink 15 SODDISFATTO. Flusso netto: 0.4600000000000044, Demand: 0.46, percentage: 100.00000000000095
Sink 16 SODDISFATTO. Flusso netto: 8.399999999999993, Demand: 8.4, percentage: 99.99999999999991
Sink 19 SODDISFATTO. Flusso netto: 0.5399999999999938, Demand: 0.54, percentage: 99.99999999999885
Sink 23 SODDISFATTO. Flusso netto: 0.5999999999999996, Demand: 0.6, percentage: 99.99999999999994
Sink 24 SODDISFATTO. Flusso netto: 0.8000000000000007, Demand: 0.8, percentage: 100.00000000000009
Sink 25 SODDISFATTO. Flusso netto: 3.5, Demand: 3.5, percentage: 100.0
Sink 26 SODDISFATTO. Flusso netto: 6.000000000000007, Demand: 6.0, percentage: 100.00000000000011
Sink 28 SODDISFATTO. Flusso netto: 0.4, Demand: 0.4, percentage: 100.0
Sink 30 SODDISFATTO. Flusso netto: 0.9799999999999933, Demand: 0.98, percentage: 99.99999999999932
Sink 31 SODDISFATTO. Flusso netto: 0.3999999999999999, Demand: 0.4, percentage: 99.99999999999997
Sink 32 SODDISFATTO. Flusso netto: 0.9999999999999989, Demand: 1.0, percentage: 99.99999999999989
Sink 34 SODDISFATTO. Flusso netto: 1.7400000000000002, Demand: 1.74, percentage: 100.00000000000003
Sink 35 SODDISFATTO. Flusso netto: 1.3, Demand: 1.3, percentage: 100.0
Sink 37 SODDISFATTO. Flusso netto: 1.0, Demand: 1.0, percentage: 100.0
Sink 39 SODDISFATTO. Flusso netto: 0.40000000000000036, Demand: 0.4, percentage: 100.00000000000009
Sink 40 SODDISFATTO. Flusso netto: 0.5, Demand: 0.5, percentage: 100.0
Sink 41 SODDISFATTO. Flusso netto: 1.0600000000000005, Demand: 1.06, percentage: 100.00000000000004
Sink 42 SODDISFATTO. Flusso netto: 2.8200000000000007, Demand: 2.82, percentage: 100.00000000000003
Sink 45 SODDISFATTO. Flusso netto: 0.6800000000000002, Demand: 0.68, percentage: 100.00000000000003
Sink 46 SODDISFATTO. Flusso netto: 1.17, Demand: 1.17, percentage: 100.0
Sink 49 non è soddisfatto. Flusso netto: 4.59, Demand: 7.0, percentage: 65.57142857142857
Flusso totale entrante nei SINK: 86.46000000000001
Flusso totale uscente nei SINK: 42.430000000000014
Flusso totale netto nei SINK: 44.029999999999994
Total DEMAND dei SINK: 46.44
Percentual di flusso ai SINK: 0.9481050818260119
Numero di Sink soddisfatti: 24.0, numero totale di sink: 25.0
Percentuale di Sink soddisfatti: 0.96

---------------------------------- DAY 132

Update Fixed Elements from Intrinsic Faults
Update Fixed Elements from Heavy Faults
Update Fixed Elements from Attack
Propagate Intrinsic Fault
Propagate Heavy Faults
Propagate Attacks
Inject Intrinsic Failure To Source
Inject Heavy Fault To Sources
Inject Attack Multiple To Source
Inject Intrinsic Fault To Pipeline
Inject Heavy Fault To Pipeline
Inject Attack To Pipeline
----------- Statistics ------------
	Sources Under Attack: 0
	Sources with Heavy Fault: 0
	Sources with Intrinsic Fault: 0
	Arcs with reduce capacity due to Attack: 0
	Arcs with reduce capacity due to Heavy Fault: 0
	Arcs with reduce capacity due to Intrinsic Fault: 0
	Arcs with Attacks: 0
	Arcs with Heavy Fault: 0
	Arcs with Intrinsic Fault: 0
--------- SOURCES STATISTICS ---------------
Demand del real Source[0]: -31.0, flusso erogato: 8.069999999999997, flusso entrante: 0.0, efficienza: 26.032258064516117 %
Demand del real Source[8]: -10.5, flusso erogato: 3.8600000000000003, flusso entrante: 0.0, efficienza: 36.76190476190476 %
Demand del real Source[9]: -7.1, flusso erogato: 14.169999999999996, flusso entrante: 7.070000000000007, efficienza: 199.57746478873236 %
Demand del real Source[17]: -25.0, flusso erogato: 25.000000000000007, flusso entrante: 0.0, efficienza: 100.00000000000003 %
Flusso totale entrante nei Real Source: 7.070000000000007
Flusso totale uscente dai Real Source: 51.1
Flusso netto sui real Source: -44.029999999999994
--- SINKS STATISTICS ---
Sink 3 SODDISFATTO. Flusso netto: 3.4299999999999997, Demand: 3.43, percentage: 99.99999999999999
Sink 4 SODDISFATTO. Flusso netto: 0.5700000000000003, Demand: 0.57, percentage: 100.00000000000007
Sink 5 SODDISFATTO. Flusso netto: 0.6600000000000019, Demand: 0.66, percentage: 100.00000000000028
Sink 11 SODDISFATTO. Flusso netto: 1.03, Demand: 1.03, percentage: 100.0
Sink 15 SODDISFATTO. Flusso netto: 0.4600000000000044, Demand: 0.46, percentage: 100.00000000000095
Sink 16 SODDISFATTO. Flusso netto: 8.399999999999993, Demand: 8.4, percentage: 99.99999999999991
Sink 19 SODDISFATTO. Flusso netto: 0.5399999999999938, Demand: 0.54, percentage: 99.99999999999885
Sink 23 SODDISFATTO. Flusso netto: 0.5999999999999996, Demand: 0.6, percentage: 99.99999999999994
Sink 24 SODDISFATTO. Flusso netto: 0.8000000000000007, Demand: 0.8, percentage: 100.00000000000009
Sink 25 SODDISFATTO. Flusso netto: 3.5, Demand: 3.5, percentage: 100.0
Sink 26 SODDISFATTO. Flusso netto: 6.000000000000007, Demand: 6.0, percentage: 100.00000000000011
Sink 28 SODDISFATTO. Flusso netto: 0.4, Demand: 0.4, percentage: 100.0
Sink 30 SODDISFATTO. Flusso netto: 0.9799999999999933, Demand: 0.98, percentage: 99.99999999999932
Sink 31 SODDISFATTO. Flusso netto: 0.3999999999999999, Demand: 0.4, percentage: 99.99999999999997
Sink 32 SODDISFATTO. Flusso netto: 0.9999999999999989, Demand: 1.0, percentage: 99.99999999999989
Sink 34 SODDISFATTO. Flusso netto: 1.7400000000000002, Demand: 1.74, percentage: 100.00000000000003
Sink 35 SODDISFATTO. Flusso netto: 1.3, Demand: 1.3, percentage: 100.0
Sink 37 SODDISFATTO. Flusso netto: 1.0, Demand: 1.0, percentage: 100.0
Sink 39 SODDISFATTO. Flusso netto: 0.40000000000000036, Demand: 0.4, percentage: 100.00000000000009
Sink 40 SODDISFATTO. Flusso netto: 0.5, Demand: 0.5, percentage: 100.0
Sink 41 SODDISFATTO. Flusso netto: 1.0600000000000005, Demand: 1.06, percentage: 100.00000000000004
Sink 42 SODDISFATTO. Flusso netto: 2.8200000000000007, Demand: 2.82, percentage: 100.00000000000003
Sink 45 SODDISFATTO. Flusso netto: 0.6800000000000002, Demand: 0.68, percentage: 100.00000000000003
Sink 46 SODDISFATTO. Flusso netto: 1.17, Demand: 1.17, percentage: 100.0
Sink 49 non è soddisfatto. Flusso netto: 4.59, Demand: 7.0, percentage: 65.57142857142857
Flusso totale entrante nei SINK: 86.46000000000001
Flusso totale uscente nei SINK: 42.430000000000014
Flusso totale netto nei SINK: 44.029999999999994
Total DEMAND dei SINK: 46.44
Percentual di flusso ai SINK: 0.9481050818260119
Numero di Sink soddisfatti: 24.0, numero totale di sink: 25.0
Percentuale di Sink soddisfatti: 0.96

---------------------------------- DAY 133

Update Fixed Elements from Intrinsic Faults
Update Fixed Elements from Heavy Faults
Update Fixed Elements from Attack
Propagate Intrinsic Fault
Propagate Heavy Faults
Propagate Attacks
Inject Intrinsic Failure To Source
Source NODO_10 is failing for an Intrinsic Fault in day: 133
pipeline ARCO_17 has reduced capacity due to NODO_10 Intrinsic fault
pipeline ARCO_88 has reduced capacity due to NODO_10 Intrinsic fault
pipeline ARCO_89 has reduced capacity due to NODO_10 Intrinsic fault
pipeline V_EDGE_53_8 has reduced capacity due to NODO_10 Intrinsic fault
pipeline ARCO_18 has reduced capacity due to NODO_10 Intrinsic fault
pipeline ARCO_19 has reduced capacity due to NODO_10 Intrinsic fault
pipeline ARCO_87 has reduced capacity due to NODO_10 Intrinsic fault
Inject Heavy Fault To Sources
Inject Attack Multiple To Source
Inject Intrinsic Fault To Pipeline
Inject Heavy Fault To Pipeline
Inject Attack To Pipeline
----------- Statistics ------------
	Sources Under Attack: 0
	Sources with Heavy Fault: 0
	Sources with Intrinsic Fault: 1
	Arcs with reduce capacity due to Attack: 0
	Arcs with reduce capacity due to Heavy Fault: 0
	Arcs with reduce capacity due to Intrinsic Fault: 7
	Arcs with Attacks: 0
	Arcs with Heavy Fault: 0
	Arcs with Intrinsic Fault: 0
--------- SOURCES STATISTICS ---------------
Demand del real Source[0]: -31.0, flusso erogato: 11.159999999999997, flusso entrante: 0.0, efficienza: 35.999999999999986 %
Demand del real Source[8]: -10.5, flusso erogato: 0.0, flusso entrante: 0.0, efficienza: 0.0 %
Demand del real Source[9]: -7.1, flusso erogato: 17.259999999999998, flusso entrante: 10.159999999999997, efficienza: 243.09859154929575 %
Demand del real Source[17]: -25.0, flusso erogato: 25.000000000000007, flusso entrante: 0.0, efficienza: 100.00000000000003 %
Flusso totale entrante nei Real Source: 10.159999999999997
Flusso totale uscente dai Real Source: 53.42
Flusso netto sui real Source: -43.260000000000005
--- SINKS STATISTICS ---
Sink 3 SODDISFATTO. Flusso netto: 3.429999999999999, Demand: 3.43, percentage: 99.99999999999997
Sink 4 SODDISFATTO. Flusso netto: 0.5700000000000003, Demand: 0.57, percentage: 100.00000000000007
Sink 5 SODDISFATTO. Flusso netto: 0.6599999999999993, Demand: 0.66, percentage: 99.99999999999987
Sink 11 SODDISFATTO. Flusso netto: 1.0300000000000011, Demand: 1.03, percentage: 100.00000000000011
Sink 15 SODDISFATTO. Flusso netto: 0.4600000000000044, Demand: 0.46, percentage: 100.00000000000095
Sink 16 SODDISFATTO. Flusso netto: 8.399999999999993, Demand: 8.4, percentage: 99.99999999999991
Sink 19 SODDISFATTO. Flusso netto: 0.5399999999999938, Demand: 0.54, percentage: 99.99999999999885
Sink 23 SODDISFATTO. Flusso netto: 0.5999999999999996, Demand: 0.6, percentage: 99.99999999999994
Sink 24 SODDISFATTO. Flusso netto: 0.8000000000000007, Demand: 0.8, percentage: 100.00000000000009
Sink 25 SODDISFATTO. Flusso netto: 3.5, Demand: 3.5, percentage: 100.0
Sink 26 SODDISFATTO. Flusso netto: 6.000000000000007, Demand: 6.0, percentage: 100.00000000000011
Sink 28 SODDISFATTO. Flusso netto: 0.4, Demand: 0.4, percentage: 100.0
Sink 30 SODDISFATTO. Flusso netto: 0.9799999999999933, Demand: 0.98, percentage: 99.99999999999932
Sink 31 SODDISFATTO. Flusso netto: 0.3999999999999999, Demand: 0.4, percentage: 99.99999999999997
Sink 32 SODDISFATTO. Flusso netto: 0.9999999999999989, Demand: 1.0, percentage: 99.99999999999989
Sink 34 SODDISFATTO. Flusso netto: 1.7400000000000002, Demand: 1.74, percentage: 100.00000000000003
Sink 35 SODDISFATTO. Flusso netto: 1.3, Demand: 1.3, percentage: 100.0
Sink 37 SODDISFATTO. Flusso netto: 1.0, Demand: 1.0, percentage: 100.0
Sink 39 SODDISFATTO. Flusso netto: 0.40000000000000036, Demand: 0.4, percentage: 100.00000000000009
Sink 40 SODDISFATTO. Flusso netto: 0.5, Demand: 0.5, percentage: 100.0
Sink 41 SODDISFATTO. Flusso netto: 1.0599999999999996, Demand: 1.06, percentage: 99.99999999999996
Sink 42 SODDISFATTO. Flusso netto: 2.820000000000001, Demand: 2.82, percentage: 100.00000000000004
Sink 45 SODDISFATTO. Flusso netto: 0.6800000000000002, Demand: 0.68, percentage: 100.00000000000003
Sink 46 SODDISFATTO. Flusso netto: 1.17, Demand: 1.17, percentage: 100.0
Sink 49 non è soddisfatto. Flusso netto: 3.8200000000000003, Demand: 7.0, percentage: 54.57142857142857
Flusso totale entrante nei SINK: 88.47
Flusso totale uscente nei SINK: 45.21000000000001
Flusso totale netto nei SINK: 43.25999999999999
Total DEMAND dei SINK: 46.44
Percentual di flusso ai SINK: 0.9315245478036174
Numero di Sink soddisfatti: 24.0, numero totale di sink: 25.0
Percentuale di Sink soddisfatti: 0.96

---------------------------------- DAY 134

Update Fixed Elements from Intrinsic Faults
Update Fixed Elements from Heavy Faults
Update Fixed Elements from Attack
Propagate Intrinsic Fault
Node NODO_10 has still failing due to Intrinsic Fault
pipeline ARCO_17 still has reduced capacity: 0.0 due to Intrinsic Fault
pipeline ARCO_88 still has reduced capacity: 0.0 due to Intrinsic Fault
pipeline ARCO_89 still has reduced capacity: 0.0 due to Intrinsic Fault
pipeline V_EDGE_53_8 still has reduced capacity: 0.0 due to Intrinsic Fault
pipeline ARCO_18 still has reduced capacity: 0.0 due to Intrinsic Fault
pipeline ARCO_19 still has reduced capacity: 0.0 due to Intrinsic Fault
pipeline ARCO_87 still has reduced capacity: 0.0 due to Intrinsic Fault
Propagate Heavy Faults
Propagate Attacks
Inject Intrinsic Failure To Source
Inject Heavy Fault To Sources
Inject Attack Multiple To Source
Inject Intrinsic Fault To Pipeline
Inject Heavy Fault To Pipeline
Inject Attack To Pipeline
----------- Statistics ------------
	Sources Under Attack: 0
	Sources with Heavy Fault: 0
	Sources with Intrinsic Fault: 1
	Arcs with reduce capacity due to Attack: 0
	Arcs with reduce capacity due to Heavy Fault: 0
	Arcs with reduce capacity due to Intrinsic Fault: 7
	Arcs with Attacks: 0
	Arcs with Heavy Fault: 0
	Arcs with Intrinsic Fault: 0
--------- SOURCES STATISTICS ---------------
Demand del real Source[0]: -31.0, flusso erogato: 11.159999999999997, flusso entrante: 0.0, efficienza: 35.999999999999986 %
Demand del real Source[8]: -10.5, flusso erogato: 0.0, flusso entrante: 0.0, efficienza: 0.0 %
Demand del real Source[9]: -7.1, flusso erogato: 17.259999999999998, flusso entrante: 10.159999999999997, efficienza: 243.09859154929575 %
Demand del real Source[17]: -25.0, flusso erogato: 25.000000000000007, flusso entrante: 0.0, efficienza: 100.00000000000003 %
Flusso totale entrante nei Real Source: 10.159999999999997
Flusso totale uscente dai Real Source: 53.42
Flusso netto sui real Source: -43.260000000000005
--- SINKS STATISTICS ---
Sink 3 SODDISFATTO. Flusso netto: 3.429999999999999, Demand: 3.43, percentage: 99.99999999999997
Sink 4 SODDISFATTO. Flusso netto: 0.5700000000000003, Demand: 0.57, percentage: 100.00000000000007
Sink 5 SODDISFATTO. Flusso netto: 0.6599999999999993, Demand: 0.66, percentage: 99.99999999999987
Sink 11 SODDISFATTO. Flusso netto: 1.0300000000000011, Demand: 1.03, percentage: 100.00000000000011
Sink 15 SODDISFATTO. Flusso netto: 0.4600000000000044, Demand: 0.46, percentage: 100.00000000000095
Sink 16 SODDISFATTO. Flusso netto: 8.399999999999993, Demand: 8.4, percentage: 99.99999999999991
Sink 19 SODDISFATTO. Flusso netto: 0.5399999999999938, Demand: 0.54, percentage: 99.99999999999885
Sink 23 SODDISFATTO. Flusso netto: 0.5999999999999996, Demand: 0.6, percentage: 99.99999999999994
Sink 24 SODDISFATTO. Flusso netto: 0.8000000000000007, Demand: 0.8, percentage: 100.00000000000009
Sink 25 SODDISFATTO. Flusso netto: 3.5, Demand: 3.5, percentage: 100.0
Sink 26 SODDISFATTO. Flusso netto: 6.000000000000007, Demand: 6.0, percentage: 100.00000000000011
Sink 28 SODDISFATTO. Flusso netto: 0.4, Demand: 0.4, percentage: 100.0
Sink 30 SODDISFATTO. Flusso netto: 0.9799999999999933, Demand: 0.98, percentage: 99.99999999999932
Sink 31 SODDISFATTO. Flusso netto: 0.3999999999999999, Demand: 0.4, percentage: 99.99999999999997
Sink 32 SODDISFATTO. Flusso netto: 0.9999999999999989, Demand: 1.0, percentage: 99.99999999999989
Sink 34 SODDISFATTO. Flusso netto: 1.7400000000000002, Demand: 1.74, percentage: 100.00000000000003
Sink 35 SODDISFATTO. Flusso netto: 1.3, Demand: 1.3, percentage: 100.0
Sink 37 SODDISFATTO. Flusso netto: 1.0, Demand: 1.0, percentage: 100.0
Sink 39 SODDISFATTO. Flusso netto: 0.40000000000000036, Demand: 0.4, percentage: 100.00000000000009
Sink 40 SODDISFATTO. Flusso netto: 0.5, Demand: 0.5, percentage: 100.0
Sink 41 SODDISFATTO. Flusso netto: 1.0599999999999996, Demand: 1.06, percentage: 99.99999999999996
Sink 42 SODDISFATTO. Flusso netto: 2.820000000000001, Demand: 2.82, percentage: 100.00000000000004
Sink 45 SODDISFATTO. Flusso netto: 0.6800000000000002, Demand: 0.68, percentage: 100.00000000000003
Sink 46 SODDISFATTO. Flusso netto: 1.17, Demand: 1.17, percentage: 100.0
Sink 49 non è soddisfatto. Flusso netto: 3.8200000000000003, Demand: 7.0, percentage: 54.57142857142857
Flusso totale entrante nei SINK: 88.47
Flusso totale uscente nei SINK: 45.21000000000001
Flusso totale netto nei SINK: 43.25999999999999
Total DEMAND dei SINK: 46.44
Percentual di flusso ai SINK: 0.9315245478036174
Numero di Sink soddisfatti: 24.0, numero totale di sink: 25.0
Percentuale di Sink soddisfatti: 0.96

---------------------------------- DAY 135

Update Fixed Elements from Intrinsic Faults
Update Fixed Elements from Heavy Faults
Update Fixed Elements from Attack
Propagate Intrinsic Fault
Node NODO_10 has still failing due to Intrinsic Fault
pipeline ARCO_17 still has reduced capacity: 0.0 due to Intrinsic Fault
pipeline ARCO_88 still has reduced capacity: 0.0 due to Intrinsic Fault
pipeline ARCO_89 still has reduced capacity: 0.0 due to Intrinsic Fault
pipeline V_EDGE_53_8 still has reduced capacity: 0.0 due to Intrinsic Fault
pipeline ARCO_18 still has reduced capacity: 0.0 due to Intrinsic Fault
pipeline ARCO_19 still has reduced capacity: 0.0 due to Intrinsic Fault
pipeline ARCO_87 still has reduced capacity: 0.0 due to Intrinsic Fault
Propagate Heavy Faults
Propagate Attacks
Inject Intrinsic Failure To Source
Source NODO_11 is failing for an Intrinsic Fault in day: 135
pipeline ARCO_3 has reduced capacity due to NODO_11 Intrinsic fault
pipeline ARCO_90 has reduced capacity due to NODO_11 Intrinsic fault
pipeline ARCO_91 has reduced capacity due to NODO_11 Intrinsic fault
pipeline ARCO_92 has reduced capacity due to NODO_11 Intrinsic fault
pipeline V_EDGE_53_9 has reduced capacity due to NODO_11 Intrinsic fault
pipeline ARCO_20 has reduced capacity due to NODO_11 Intrinsic fault
pipeline ARCO_21 has reduced capacity due to NODO_11 Intrinsic fault
pipeline ARCO_22 has reduced capacity due to NODO_11 Intrinsic fault
pipeline ARCO_73 has reduced capacity due to NODO_11 Intrinsic fault
Inject Heavy Fault To Sources
Inject Attack Multiple To Source
Inject Intrinsic Fault To Pipeline
Inject Heavy Fault To Pipeline
Inject Attack To Pipeline
----------- Statistics ------------
	Sources Under Attack: 0
	Sources with Heavy Fault: 0
	Sources with Intrinsic Fault: 2
	Arcs with reduce capacity due to Attack: 0
	Arcs with reduce capacity due to Heavy Fault: 0
	Arcs with reduce capacity due to Intrinsic Fault: 16
	Arcs with Attacks: 0
	Arcs with Heavy Fault: 0
	Arcs with Intrinsic Fault: 0
--------- SOURCES STATISTICS ---------------
Demand del real Source[0]: -31.0, flusso erogato: 12.427999999999997, flusso entrante: 0.0, efficienza: 40.09032258064516 %
Demand del real Source[8]: -10.5, flusso erogato: 0.0, flusso entrante: 0.0, efficienza: 0.0 %
Demand del real Source[9]: -7.1, flusso erogato: 17.107999999999997, flusso entrante: 11.428000000000004, efficienza: 240.9577464788732 %
Demand del real Source[17]: -25.0, flusso erogato: 25.000000000000007, flusso entrante: 0.0, efficienza: 100.00000000000003 %
Flusso totale entrante nei Real Source: 11.428000000000004
Flusso totale uscente dai Real Source: 54.536
Flusso netto sui real Source: -43.108
--- SINKS STATISTICS ---
Sink 3 SODDISFATTO. Flusso netto: 3.4299999999999997, Demand: 3.43, percentage: 99.99999999999999
Sink 4 SODDISFATTO. Flusso netto: 0.5700000000000003, Demand: 0.57, percentage: 100.00000000000007
Sink 5 SODDISFATTO. Flusso netto: 0.660000000000001, Demand: 0.66, percentage: 100.00000000000016
Sink 11 SODDISFATTO. Flusso netto: 1.0300000000000011, Demand: 1.03, percentage: 100.00000000000011
Sink 15 SODDISFATTO. Flusso netto: 0.4600000000000044, Demand: 0.46, percentage: 100.00000000000095
Sink 16 SODDISFATTO. Flusso netto: 8.399999999999993, Demand: 8.4, percentage: 99.99999999999991
Sink 19 SODDISFATTO. Flusso netto: 0.5399999999999938, Demand: 0.54, percentage: 99.99999999999885
Sink 23 SODDISFATTO. Flusso netto: 0.5999999999999996, Demand: 0.6, percentage: 99.99999999999994
Sink 24 SODDISFATTO. Flusso netto: 0.8000000000000007, Demand: 0.8, percentage: 100.00000000000009
Sink 25 SODDISFATTO. Flusso netto: 3.5, Demand: 3.5, percentage: 100.0
Sink 26 SODDISFATTO. Flusso netto: 6.000000000000007, Demand: 6.0, percentage: 100.00000000000011
Sink 28 SODDISFATTO. Flusso netto: 0.4, Demand: 0.4, percentage: 100.0
Sink 30 SODDISFATTO. Flusso netto: 0.9799999999999933, Demand: 0.98, percentage: 99.99999999999932
Sink 31 SODDISFATTO. Flusso netto: 0.3999999999999999, Demand: 0.4, percentage: 99.99999999999997
Sink 32 SODDISFATTO. Flusso netto: 0.9999999999999989, Demand: 1.0, percentage: 99.99999999999989
Sink 34 SODDISFATTO. Flusso netto: 1.7400000000000002, Demand: 1.74, percentage: 100.00000000000003
Sink 35 SODDISFATTO. Flusso netto: 1.3, Demand: 1.3, percentage: 100.0
Sink 37 SODDISFATTO. Flusso netto: 1.0, Demand: 1.0, percentage: 100.0
Sink 39 SODDISFATTO. Flusso netto: 0.40000000000000036, Demand: 0.4, percentage: 100.00000000000009
Sink 40 SODDISFATTO. Flusso netto: 0.5, Demand: 0.5, percentage: 100.0
Sink 41 SODDISFATTO. Flusso netto: 1.0600000000000005, Demand: 1.06, percentage: 100.00000000000004
Sink 42 SODDISFATTO. Flusso netto: 2.8199999999999994, Demand: 2.82, percentage: 99.99999999999999
Sink 45 SODDISFATTO. Flusso netto: 0.6800000000000002, Demand: 0.68, percentage: 100.00000000000003
Sink 46 SODDISFATTO. Flusso netto: 1.17, Demand: 1.17, percentage: 100.0
Sink 49 non è soddisfatto. Flusso netto: 3.6679999999999993, Demand: 7.0, percentage: 52.39999999999999
Flusso totale entrante nei SINK: 91.75200000000001
Flusso totale uscente nei SINK: 48.64400000000001
Flusso totale netto nei SINK: 43.108
Total DEMAND dei SINK: 46.44
Percentual di flusso ai SINK: 0.9282515073212747
Numero di Sink soddisfatti: 24.0, numero totale di sink: 25.0
Percentuale di Sink soddisfatti: 0.96

---------------------------------- DAY 136

Update Fixed Elements from Intrinsic Faults
Update Fixed Elements from Heavy Faults
Update Fixed Elements from Attack
Propagate Intrinsic Fault
Node NODO_10 has still failing due to Intrinsic Fault
Node NODO_11 has still failing due to Intrinsic Fault
pipeline ARCO_17 still has reduced capacity: 0.0 due to Intrinsic Fault
pipeline ARCO_88 still has reduced capacity: 0.0 due to Intrinsic Fault
pipeline ARCO_89 still has reduced capacity: 0.0 due to Intrinsic Fault
pipeline V_EDGE_53_8 still has reduced capacity: 0.0 due to Intrinsic Fault
pipeline ARCO_18 still has reduced capacity: 0.0 due to Intrinsic Fault
pipeline ARCO_19 still has reduced capacity: 0.0 due to Intrinsic Fault
pipeline ARCO_87 still has reduced capacity: 0.0 due to Intrinsic Fault
pipeline ARCO_3 still has reduced capacity: 9.688 due to Intrinsic Fault
pipeline ARCO_90 still has reduced capacity: 1.6 due to Intrinsic Fault
pipeline ARCO_91 still has reduced capacity: 9.688 due to Intrinsic Fault
pipeline ARCO_92 still has reduced capacity: 39.328 due to Intrinsic Fault
pipeline V_EDGE_53_9 still has reduced capacity: 5.68 due to Intrinsic Fault
pipeline ARCO_20 still has reduced capacity: 1.6 due to Intrinsic Fault
pipeline ARCO_21 still has reduced capacity: 9.688 due to Intrinsic Fault
pipeline ARCO_22 still has reduced capacity: 39.328 due to Intrinsic Fault
pipeline ARCO_73 still has reduced capacity: 9.688 due to Intrinsic Fault
Propagate Heavy Faults
Propagate Attacks
Inject Intrinsic Failure To Source
Inject Heavy Fault To Sources
Inject Attack Multiple To Source
Inject Intrinsic Fault To Pipeline
Inject Heavy Fault To Pipeline
Inject Attack To Pipeline
----------- Statistics ------------
	Sources Under Attack: 0
	Sources with Heavy Fault: 0
	Sources with Intrinsic Fault: 2
	Arcs with reduce capacity due to Attack: 0
	Arcs with reduce capacity due to Heavy Fault: 0
	Arcs with reduce capacity due to Intrinsic Fault: 16
	Arcs with Attacks: 0
	Arcs with Heavy Fault: 0
	Arcs with Intrinsic Fault: 0
--------- SOURCES STATISTICS ---------------
Demand del real Source[0]: -31.0, flusso erogato: 12.427999999999997, flusso entrante: 0.0, efficienza: 40.09032258064516 %
Demand del real Source[8]: -10.5, flusso erogato: 0.0, flusso entrante: 0.0, efficienza: 0.0 %
Demand del real Source[9]: -7.1, flusso erogato: 17.107999999999997, flusso entrante: 11.428000000000004, efficienza: 240.9577464788732 %
Demand del real Source[17]: -25.0, flusso erogato: 25.000000000000007, flusso entrante: 0.0, efficienza: 100.00000000000003 %
Flusso totale entrante nei Real Source: 11.428000000000004
Flusso totale uscente dai Real Source: 54.536
Flusso netto sui real Source: -43.108
--- SINKS STATISTICS ---
Sink 3 SODDISFATTO. Flusso netto: 3.4299999999999997, Demand: 3.43, percentage: 99.99999999999999
Sink 4 SODDISFATTO. Flusso netto: 0.5700000000000003, Demand: 0.57, percentage: 100.00000000000007
Sink 5 SODDISFATTO. Flusso netto: 0.660000000000001, Demand: 0.66, percentage: 100.00000000000016
Sink 11 SODDISFATTO. Flusso netto: 1.0300000000000011, Demand: 1.03, percentage: 100.00000000000011
Sink 15 SODDISFATTO. Flusso netto: 0.4600000000000044, Demand: 0.46, percentage: 100.00000000000095
Sink 16 SODDISFATTO. Flusso netto: 8.399999999999993, Demand: 8.4, percentage: 99.99999999999991
Sink 19 SODDISFATTO. Flusso netto: 0.5399999999999938, Demand: 0.54, percentage: 99.99999999999885
Sink 23 SODDISFATTO. Flusso netto: 0.5999999999999996, Demand: 0.6, percentage: 99.99999999999994
Sink 24 SODDISFATTO. Flusso netto: 0.8000000000000007, Demand: 0.8, percentage: 100.00000000000009
Sink 25 SODDISFATTO. Flusso netto: 3.5, Demand: 3.5, percentage: 100.0
Sink 26 SODDISFATTO. Flusso netto: 6.000000000000007, Demand: 6.0, percentage: 100.00000000000011
Sink 28 SODDISFATTO. Flusso netto: 0.4, Demand: 0.4, percentage: 100.0
Sink 30 SODDISFATTO. Flusso netto: 0.9799999999999933, Demand: 0.98, percentage: 99.99999999999932
Sink 31 SODDISFATTO. Flusso netto: 0.3999999999999999, Demand: 0.4, percentage: 99.99999999999997
Sink 32 SODDISFATTO. Flusso netto: 0.9999999999999989, Demand: 1.0, percentage: 99.99999999999989
Sink 34 SODDISFATTO. Flusso netto: 1.7400000000000002, Demand: 1.74, percentage: 100.00000000000003
Sink 35 SODDISFATTO. Flusso netto: 1.3, Demand: 1.3, percentage: 100.0
Sink 37 SODDISFATTO. Flusso netto: 1.0, Demand: 1.0, percentage: 100.0
Sink 39 SODDISFATTO. Flusso netto: 0.40000000000000036, Demand: 0.4, percentage: 100.00000000000009
Sink 40 SODDISFATTO. Flusso netto: 0.5, Demand: 0.5, percentage: 100.0
Sink 41 SODDISFATTO. Flusso netto: 1.0600000000000005, Demand: 1.06, percentage: 100.00000000000004
Sink 42 SODDISFATTO. Flusso netto: 2.8199999999999994, Demand: 2.82, percentage: 99.99999999999999
Sink 45 SODDISFATTO. Flusso netto: 0.6800000000000002, Demand: 0.68, percentage: 100.00000000000003
Sink 46 SODDISFATTO. Flusso netto: 1.17, Demand: 1.17, percentage: 100.0
Sink 49 non è soddisfatto. Flusso netto: 3.6679999999999993, Demand: 7.0, percentage: 52.39999999999999
Flusso totale entrante nei SINK: 91.75200000000001
Flusso totale uscente nei SINK: 48.64400000000001
Flusso totale netto nei SINK: 43.108
Total DEMAND dei SINK: 46.44
Percentual di flusso ai SINK: 0.9282515073212747
Numero di Sink soddisfatti: 24.0, numero totale di sink: 25.0
Percentuale di Sink soddisfatti: 0.96

---------------------------------- DAY 137

Update Fixed Elements from Intrinsic Faults
Update Fixed Elements from Heavy Faults
Update Fixed Elements from Attack
Propagate Intrinsic Fault
Node NODO_10 has still failing due to Intrinsic Fault
Node NODO_11 has still failing due to Intrinsic Fault
pipeline ARCO_17 still has reduced capacity: 0.0 due to Intrinsic Fault
pipeline ARCO_88 still has reduced capacity: 0.0 due to Intrinsic Fault
pipeline ARCO_89 still has reduced capacity: 0.0 due to Intrinsic Fault
pipeline V_EDGE_53_8 still has reduced capacity: 0.0 due to Intrinsic Fault
pipeline ARCO_18 still has reduced capacity: 0.0 due to Intrinsic Fault
pipeline ARCO_19 still has reduced capacity: 0.0 due to Intrinsic Fault
pipeline ARCO_87 still has reduced capacity: 0.0 due to Intrinsic Fault
pipeline ARCO_3 still has reduced capacity: 9.688 due to Intrinsic Fault
pipeline ARCO_90 still has reduced capacity: 1.6 due to Intrinsic Fault
pipeline ARCO_91 still has reduced capacity: 9.688 due to Intrinsic Fault
pipeline ARCO_92 still has reduced capacity: 39.328 due to Intrinsic Fault
pipeline V_EDGE_53_9 still has reduced capacity: 5.68 due to Intrinsic Fault
pipeline ARCO_20 still has reduced capacity: 1.6 due to Intrinsic Fault
pipeline ARCO_21 still has reduced capacity: 9.688 due to Intrinsic Fault
pipeline ARCO_22 still has reduced capacity: 39.328 due to Intrinsic Fault
pipeline ARCO_73 still has reduced capacity: 9.688 due to Intrinsic Fault
Propagate Heavy Faults
Propagate Attacks
Inject Intrinsic Failure To Source
Inject Heavy Fault To Sources
Inject Attack Multiple To Source
Inject Intrinsic Fault To Pipeline
Inject Heavy Fault To Pipeline
Inject Attack To Pipeline
----------- Statistics ------------
	Sources Under Attack: 0
	Sources with Heavy Fault: 0
	Sources with Intrinsic Fault: 2
	Arcs with reduce capacity due to Attack: 0
	Arcs with reduce capacity due to Heavy Fault: 0
	Arcs with reduce capacity due to Intrinsic Fault: 16
	Arcs with Attacks: 0
	Arcs with Heavy Fault: 0
	Arcs with Intrinsic Fault: 0
--------- SOURCES STATISTICS ---------------
Demand del real Source[0]: -31.0, flusso erogato: 12.427999999999997, flusso entrante: 0.0, efficienza: 40.09032258064516 %
Demand del real Source[8]: -10.5, flusso erogato: 0.0, flusso entrante: 0.0, efficienza: 0.0 %
Demand del real Source[9]: -7.1, flusso erogato: 17.107999999999997, flusso entrante: 11.428000000000004, efficienza: 240.9577464788732 %
Demand del real Source[17]: -25.0, flusso erogato: 25.000000000000007, flusso entrante: 0.0, efficienza: 100.00000000000003 %
Flusso totale entrante nei Real Source: 11.428000000000004
Flusso totale uscente dai Real Source: 54.536
Flusso netto sui real Source: -43.108
--- SINKS STATISTICS ---
Sink 3 SODDISFATTO. Flusso netto: 3.4299999999999997, Demand: 3.43, percentage: 99.99999999999999
Sink 4 SODDISFATTO. Flusso netto: 0.5700000000000003, Demand: 0.57, percentage: 100.00000000000007
Sink 5 SODDISFATTO. Flusso netto: 0.660000000000001, Demand: 0.66, percentage: 100.00000000000016
Sink 11 SODDISFATTO. Flusso netto: 1.0300000000000011, Demand: 1.03, percentage: 100.00000000000011
Sink 15 SODDISFATTO. Flusso netto: 0.4600000000000044, Demand: 0.46, percentage: 100.00000000000095
Sink 16 SODDISFATTO. Flusso netto: 8.399999999999993, Demand: 8.4, percentage: 99.99999999999991
Sink 19 SODDISFATTO. Flusso netto: 0.5399999999999938, Demand: 0.54, percentage: 99.99999999999885
Sink 23 SODDISFATTO. Flusso netto: 0.5999999999999996, Demand: 0.6, percentage: 99.99999999999994
Sink 24 SODDISFATTO. Flusso netto: 0.8000000000000007, Demand: 0.8, percentage: 100.00000000000009
Sink 25 SODDISFATTO. Flusso netto: 3.5, Demand: 3.5, percentage: 100.0
Sink 26 SODDISFATTO. Flusso netto: 6.000000000000007, Demand: 6.0, percentage: 100.00000000000011
Sink 28 SODDISFATTO. Flusso netto: 0.4, Demand: 0.4, percentage: 100.0
Sink 30 SODDISFATTO. Flusso netto: 0.9799999999999933, Demand: 0.98, percentage: 99.99999999999932
Sink 31 SODDISFATTO. Flusso netto: 0.3999999999999999, Demand: 0.4, percentage: 99.99999999999997
Sink 32 SODDISFATTO. Flusso netto: 0.9999999999999989, Demand: 1.0, percentage: 99.99999999999989
Sink 34 SODDISFATTO. Flusso netto: 1.7400000000000002, Demand: 1.74, percentage: 100.00000000000003
Sink 35 SODDISFATTO. Flusso netto: 1.3, Demand: 1.3, percentage: 100.0
Sink 37 SODDISFATTO. Flusso netto: 1.0, Demand: 1.0, percentage: 100.0
Sink 39 SODDISFATTO. Flusso netto: 0.40000000000000036, Demand: 0.4, percentage: 100.00000000000009
Sink 40 SODDISFATTO. Flusso netto: 0.5, Demand: 0.5, percentage: 100.0
Sink 41 SODDISFATTO. Flusso netto: 1.0600000000000005, Demand: 1.06, percentage: 100.00000000000004
Sink 42 SODDISFATTO. Flusso netto: 2.8199999999999994, Demand: 2.82, percentage: 99.99999999999999
Sink 45 SODDISFATTO. Flusso netto: 0.6800000000000002, Demand: 0.68, percentage: 100.00000000000003
Sink 46 SODDISFATTO. Flusso netto: 1.17, Demand: 1.17, percentage: 100.0
Sink 49 non è soddisfatto. Flusso netto: 3.6679999999999993, Demand: 7.0, percentage: 52.39999999999999
Flusso totale entrante nei SINK: 91.75200000000001
Flusso totale uscente nei SINK: 48.64400000000001
Flusso totale netto nei SINK: 43.108
Total DEMAND dei SINK: 46.44
Percentual di flusso ai SINK: 0.9282515073212747
Numero di Sink soddisfatti: 24.0, numero totale di sink: 25.0
Percentuale di Sink soddisfatti: 0.96

---------------------------------- DAY 138

Update Fixed Elements from Intrinsic Faults
Source NODO_10 fixed from Intrinsic Fault
Pipeline ARCO_17 fixed due to Source NODO_10 fixing from Intrinsic Fault
Pipeline ARCO_88 fixed due to Source NODO_10 fixing from Intrinsic Fault
Pipeline ARCO_89 fixed due to Source NODO_10 fixing from Intrinsic Fault
Pipeline V_EDGE_53_8 fixed due to Source NODO_10 fixing from Intrinsic Fault
Pipeline ARCO_18 fixed due to Source NODO_10 fixing from Intrinsic Fault
Pipeline ARCO_19 fixed due to Source NODO_10 fixing from Intrinsic Fault
Pipeline ARCO_87 fixed due to Source NODO_10 fixing from Intrinsic Fault
Source NODO_11 fixed from Intrinsic Fault
Pipeline ARCO_3 fixed due to Source NODO_11 fixing from Intrinsic Fault
Pipeline ARCO_90 fixed due to Source NODO_11 fixing from Intrinsic Fault
Pipeline ARCO_91 fixed due to Source NODO_11 fixing from Intrinsic Fault
Pipeline ARCO_92 fixed due to Source NODO_11 fixing from Intrinsic Fault
Pipeline V_EDGE_53_9 fixed due to Source NODO_11 fixing from Intrinsic Fault
Pipeline ARCO_20 fixed due to Source NODO_11 fixing from Intrinsic Fault
Pipeline ARCO_21 fixed due to Source NODO_11 fixing from Intrinsic Fault
Pipeline ARCO_22 fixed due to Source NODO_11 fixing from Intrinsic Fault
Pipeline ARCO_73 fixed due to Source NODO_11 fixing from Intrinsic Fault
Update Fixed Elements from Heavy Faults
Update Fixed Elements from Attack
Propagate Intrinsic Fault
Propagate Heavy Faults
Propagate Attacks
Inject Intrinsic Failure To Source
Source NODO_11 is failing for an Intrinsic Fault in day: 138
pipeline ARCO_3 has reduced capacity due to NODO_11 Intrinsic fault
pipeline ARCO_90 has reduced capacity due to NODO_11 Intrinsic fault
pipeline ARCO_91 has reduced capacity due to NODO_11 Intrinsic fault
pipeline ARCO_92 has reduced capacity due to NODO_11 Intrinsic fault
pipeline V_EDGE_53_9 has reduced capacity due to NODO_11 Intrinsic fault
pipeline ARCO_20 has reduced capacity due to NODO_11 Intrinsic fault
pipeline ARCO_21 has reduced capacity due to NODO_11 Intrinsic fault
pipeline ARCO_22 has reduced capacity due to NODO_11 Intrinsic fault
pipeline ARCO_73 has reduced capacity due to NODO_11 Intrinsic fault
Inject Heavy Fault To Sources
Inject Attack Multiple To Source
Inject Intrinsic Fault To Pipeline
Inject Heavy Fault To Pipeline
Inject Attack To Pipeline
----------- Statistics ------------
	Sources Under Attack: 0
	Sources with Heavy Fault: 0
	Sources with Intrinsic Fault: 1
	Arcs with reduce capacity due to Attack: 0
	Arcs with reduce capacity due to Heavy Fault: 0
	Arcs with reduce capacity due to Intrinsic Fault: 9
	Arcs with Attacks: 0
	Arcs with Heavy Fault: 0
	Arcs with Intrinsic Fault: 0
--------- SOURCES STATISTICS ---------------
Demand del real Source[0]: -31.0, flusso erogato: 8.729999999999993, flusso entrante: 0.0, efficienza: 28.161290322580623 %
Demand del real Source[8]: -10.5, flusso erogato: 3.8600000000000003, flusso entrante: 0.0, efficienza: 36.76190476190476 %
Demand del real Source[9]: -7.1, flusso erogato: 13.409999999999997, flusso entrante: 7.73, efficienza: 188.87323943661968 %
Demand del real Source[17]: -25.0, flusso erogato: 25.000000000000007, flusso entrante: 0.0, efficienza: 100.00000000000003 %
Flusso totale entrante nei Real Source: 7.73
Flusso totale uscente dai Real Source: 51.0
Flusso netto sui real Source: -43.269999999999996
--- SINKS STATISTICS ---
Sink 3 SODDISFATTO. Flusso netto: 3.4299999999999997, Demand: 3.43, percentage: 99.99999999999999
Sink 4 SODDISFATTO. Flusso netto: 0.5700000000000003, Demand: 0.57, percentage: 100.00000000000007
Sink 5 SODDISFATTO. Flusso netto: 0.6600000000000001, Demand: 0.66, percentage: 100.00000000000003
Sink 11 SODDISFATTO. Flusso netto: 1.03, Demand: 1.03, percentage: 100.0
Sink 15 SODDISFATTO. Flusso netto: 0.4600000000000044, Demand: 0.46, percentage: 100.00000000000095
Sink 16 SODDISFATTO. Flusso netto: 8.399999999999993, Demand: 8.4, percentage: 99.99999999999991
Sink 19 SODDISFATTO. Flusso netto: 0.5399999999999938, Demand: 0.54, percentage: 99.99999999999885
Sink 23 SODDISFATTO. Flusso netto: 0.5999999999999996, Demand: 0.6, percentage: 99.99999999999994
Sink 24 SODDISFATTO. Flusso netto: 0.8000000000000007, Demand: 0.8, percentage: 100.00000000000009
Sink 25 SODDISFATTO. Flusso netto: 3.5, Demand: 3.5, percentage: 100.0
Sink 26 SODDISFATTO. Flusso netto: 6.000000000000007, Demand: 6.0, percentage: 100.00000000000011
Sink 28 SODDISFATTO. Flusso netto: 0.4, Demand: 0.4, percentage: 100.0
Sink 30 SODDISFATTO. Flusso netto: 0.9799999999999933, Demand: 0.98, percentage: 99.99999999999932
Sink 31 SODDISFATTO. Flusso netto: 0.3999999999999999, Demand: 0.4, percentage: 99.99999999999997
Sink 32 SODDISFATTO. Flusso netto: 0.9999999999999989, Demand: 1.0, percentage: 99.99999999999989
Sink 34 SODDISFATTO. Flusso netto: 1.7400000000000002, Demand: 1.74, percentage: 100.00000000000003
Sink 35 SODDISFATTO. Flusso netto: 1.3, Demand: 1.3, percentage: 100.0
Sink 37 SODDISFATTO. Flusso netto: 1.0, Demand: 1.0, percentage: 100.0
Sink 39 SODDISFATTO. Flusso netto: 0.40000000000000036, Demand: 0.4, percentage: 100.00000000000009
Sink 40 SODDISFATTO. Flusso netto: 0.5, Demand: 0.5, percentage: 100.0
Sink 41 SODDISFATTO. Flusso netto: 1.0600000000000005, Demand: 1.06, percentage: 100.00000000000004
Sink 42 SODDISFATTO. Flusso netto: 2.819999999999999, Demand: 2.82, percentage: 99.99999999999997
Sink 45 SODDISFATTO. Flusso netto: 0.6800000000000002, Demand: 0.68, percentage: 100.00000000000003
Sink 46 SODDISFATTO. Flusso netto: 1.17, Demand: 1.17, percentage: 100.0
Sink 49 non è soddisfatto. Flusso netto: 3.83, Demand: 7.0, percentage: 54.714285714285715
Flusso totale entrante nei SINK: 85.282
Flusso totale uscente nei SINK: 42.01200000000001
Flusso totale netto nei SINK: 43.26999999999999
Total DEMAND dei SINK: 46.44
Percentual di flusso ai SINK: 0.9317398794142978
Numero di Sink soddisfatti: 24.0, numero totale di sink: 25.0
Percentuale di Sink soddisfatti: 0.96

---------------------------------- DAY 139

Update Fixed Elements from Intrinsic Faults
Update Fixed Elements from Heavy Faults
Update Fixed Elements from Attack
Propagate Intrinsic Fault
Node NODO_11 has still failing due to Intrinsic Fault
pipeline ARCO_3 still has reduced capacity: 9.688 due to Intrinsic Fault
pipeline ARCO_90 still has reduced capacity: 1.6 due to Intrinsic Fault
pipeline ARCO_91 still has reduced capacity: 9.688 due to Intrinsic Fault
pipeline ARCO_92 still has reduced capacity: 39.328 due to Intrinsic Fault
pipeline V_EDGE_53_9 still has reduced capacity: 5.68 due to Intrinsic Fault
pipeline ARCO_20 still has reduced capacity: 1.6 due to Intrinsic Fault
pipeline ARCO_21 still has reduced capacity: 9.688 due to Intrinsic Fault
pipeline ARCO_22 still has reduced capacity: 39.328 due to Intrinsic Fault
pipeline ARCO_73 still has reduced capacity: 9.688 due to Intrinsic Fault
Propagate Heavy Faults
Propagate Attacks
Inject Intrinsic Failure To Source
Inject Heavy Fault To Sources
Inject Attack Multiple To Source
Inject Intrinsic Fault To Pipeline
Inject Heavy Fault To Pipeline
Inject Attack To Pipeline
----------- Statistics ------------
	Sources Under Attack: 0
	Sources with Heavy Fault: 0
	Sources with Intrinsic Fault: 1
	Arcs with reduce capacity due to Attack: 0
	Arcs with reduce capacity due to Heavy Fault: 0
	Arcs with reduce capacity due to Intrinsic Fault: 9
	Arcs with Attacks: 0
	Arcs with Heavy Fault: 0
	Arcs with Intrinsic Fault: 0
--------- SOURCES STATISTICS ---------------
Demand del real Source[0]: -31.0, flusso erogato: 8.729999999999993, flusso entrante: 0.0, efficienza: 28.161290322580623 %
Demand del real Source[8]: -10.5, flusso erogato: 3.8600000000000003, flusso entrante: 0.0, efficienza: 36.76190476190476 %
Demand del real Source[9]: -7.1, flusso erogato: 13.409999999999997, flusso entrante: 7.73, efficienza: 188.87323943661968 %
Demand del real Source[17]: -25.0, flusso erogato: 25.000000000000007, flusso entrante: 0.0, efficienza: 100.00000000000003 %
Flusso totale entrante nei Real Source: 7.73
Flusso totale uscente dai Real Source: 51.0
Flusso netto sui real Source: -43.269999999999996
--- SINKS STATISTICS ---
Sink 3 SODDISFATTO. Flusso netto: 3.4299999999999997, Demand: 3.43, percentage: 99.99999999999999
Sink 4 SODDISFATTO. Flusso netto: 0.5700000000000003, Demand: 0.57, percentage: 100.00000000000007
Sink 5 SODDISFATTO. Flusso netto: 0.6600000000000001, Demand: 0.66, percentage: 100.00000000000003
Sink 11 SODDISFATTO. Flusso netto: 1.03, Demand: 1.03, percentage: 100.0
Sink 15 SODDISFATTO. Flusso netto: 0.4600000000000044, Demand: 0.46, percentage: 100.00000000000095
Sink 16 SODDISFATTO. Flusso netto: 8.399999999999993, Demand: 8.4, percentage: 99.99999999999991
Sink 19 SODDISFATTO. Flusso netto: 0.5399999999999938, Demand: 0.54, percentage: 99.99999999999885
Sink 23 SODDISFATTO. Flusso netto: 0.5999999999999996, Demand: 0.6, percentage: 99.99999999999994
Sink 24 SODDISFATTO. Flusso netto: 0.8000000000000007, Demand: 0.8, percentage: 100.00000000000009
Sink 25 SODDISFATTO. Flusso netto: 3.5, Demand: 3.5, percentage: 100.0
Sink 26 SODDISFATTO. Flusso netto: 6.000000000000007, Demand: 6.0, percentage: 100.00000000000011
Sink 28 SODDISFATTO. Flusso netto: 0.4, Demand: 0.4, percentage: 100.0
Sink 30 SODDISFATTO. Flusso netto: 0.9799999999999933, Demand: 0.98, percentage: 99.99999999999932
Sink 31 SODDISFATTO. Flusso netto: 0.3999999999999999, Demand: 0.4, percentage: 99.99999999999997
Sink 32 SODDISFATTO. Flusso netto: 0.9999999999999989, Demand: 1.0, percentage: 99.99999999999989
Sink 34 SODDISFATTO. Flusso netto: 1.7400000000000002, Demand: 1.74, percentage: 100.00000000000003
Sink 35 SODDISFATTO. Flusso netto: 1.3, Demand: 1.3, percentage: 100.0
Sink 37 SODDISFATTO. Flusso netto: 1.0, Demand: 1.0, percentage: 100.0
Sink 39 SODDISFATTO. Flusso netto: 0.40000000000000036, Demand: 0.4, percentage: 100.00000000000009
Sink 40 SODDISFATTO. Flusso netto: 0.5, Demand: 0.5, percentage: 100.0
Sink 41 SODDISFATTO. Flusso netto: 1.0600000000000005, Demand: 1.06, percentage: 100.00000000000004
Sink 42 SODDISFATTO. Flusso netto: 2.819999999999999, Demand: 2.82, percentage: 99.99999999999997
Sink 45 SODDISFATTO. Flusso netto: 0.6800000000000002, Demand: 0.68, percentage: 100.00000000000003
Sink 46 SODDISFATTO. Flusso netto: 1.17, Demand: 1.17, percentage: 100.0
Sink 49 non è soddisfatto. Flusso netto: 3.83, Demand: 7.0, percentage: 54.714285714285715
Flusso totale entrante nei SINK: 85.282
Flusso totale uscente nei SINK: 42.01200000000001
Flusso totale netto nei SINK: 43.26999999999999
Total DEMAND dei SINK: 46.44
Percentual di flusso ai SINK: 0.9317398794142978
Numero di Sink soddisfatti: 24.0, numero totale di sink: 25.0
Percentuale di Sink soddisfatti: 0.96

---------------------------------- DAY 140

Update Fixed Elements from Intrinsic Faults
Update Fixed Elements from Heavy Faults
Update Fixed Elements from Attack
Propagate Intrinsic Fault
Node NODO_11 has still failing due to Intrinsic Fault
pipeline ARCO_3 still has reduced capacity: 9.688 due to Intrinsic Fault
pipeline ARCO_90 still has reduced capacity: 1.6 due to Intrinsic Fault
pipeline ARCO_91 still has reduced capacity: 9.688 due to Intrinsic Fault
pipeline ARCO_92 still has reduced capacity: 39.328 due to Intrinsic Fault
pipeline V_EDGE_53_9 still has reduced capacity: 5.68 due to Intrinsic Fault
pipeline ARCO_20 still has reduced capacity: 1.6 due to Intrinsic Fault
pipeline ARCO_21 still has reduced capacity: 9.688 due to Intrinsic Fault
pipeline ARCO_22 still has reduced capacity: 39.328 due to Intrinsic Fault
pipeline ARCO_73 still has reduced capacity: 9.688 due to Intrinsic Fault
Propagate Heavy Faults
Propagate Attacks
Inject Intrinsic Failure To Source
Source NODO_10 is failing for an Intrinsic Fault in day: 140
pipeline ARCO_17 has reduced capacity due to NODO_10 Intrinsic fault
pipeline ARCO_88 has reduced capacity due to NODO_10 Intrinsic fault
pipeline ARCO_89 has reduced capacity due to NODO_10 Intrinsic fault
pipeline V_EDGE_53_8 has reduced capacity due to NODO_10 Intrinsic fault
pipeline ARCO_18 has reduced capacity due to NODO_10 Intrinsic fault
pipeline ARCO_19 has reduced capacity due to NODO_10 Intrinsic fault
pipeline ARCO_87 has reduced capacity due to NODO_10 Intrinsic fault
Inject Heavy Fault To Sources
Inject Attack Multiple To Source
Inject Intrinsic Fault To Pipeline
Inject Heavy Fault To Pipeline
Inject Attack To Pipeline
----------- Statistics ------------
	Sources Under Attack: 0
	Sources with Heavy Fault: 0
	Sources with Intrinsic Fault: 2
	Arcs with reduce capacity due to Attack: 0
	Arcs with reduce capacity due to Heavy Fault: 0
	Arcs with reduce capacity due to Intrinsic Fault: 16
	Arcs with Attacks: 0
	Arcs with Heavy Fault: 0
	Arcs with Intrinsic Fault: 0
--------- SOURCES STATISTICS ---------------
Demand del real Source[0]: -31.0, flusso erogato: 12.427999999999997, flusso entrante: 0.0, efficienza: 40.09032258064516 %
Demand del real Source[8]: -10.5, flusso erogato: 0.0, flusso entrante: 0.0, efficienza: 0.0 %
Demand del real Source[9]: -7.1, flusso erogato: 17.107999999999997, flusso entrante: 11.428000000000004, efficienza: 240.9577464788732 %
Demand del real Source[17]: -25.0, flusso erogato: 25.000000000000007, flusso entrante: 0.0, efficienza: 100.00000000000003 %
Flusso totale entrante nei Real Source: 11.428000000000004
Flusso totale uscente dai Real Source: 54.536
Flusso netto sui real Source: -43.108
--- SINKS STATISTICS ---
Sink 3 SODDISFATTO. Flusso netto: 3.4299999999999997, Demand: 3.43, percentage: 99.99999999999999
Sink 4 SODDISFATTO. Flusso netto: 0.5700000000000003, Demand: 0.57, percentage: 100.00000000000007
Sink 5 SODDISFATTO. Flusso netto: 0.660000000000001, Demand: 0.66, percentage: 100.00000000000016
Sink 11 SODDISFATTO. Flusso netto: 1.0300000000000011, Demand: 1.03, percentage: 100.00000000000011
Sink 15 SODDISFATTO. Flusso netto: 0.4600000000000044, Demand: 0.46, percentage: 100.00000000000095
Sink 16 SODDISFATTO. Flusso netto: 8.399999999999993, Demand: 8.4, percentage: 99.99999999999991
Sink 19 SODDISFATTO. Flusso netto: 0.5399999999999938, Demand: 0.54, percentage: 99.99999999999885
Sink 23 SODDISFATTO. Flusso netto: 0.5999999999999996, Demand: 0.6, percentage: 99.99999999999994
Sink 24 SODDISFATTO. Flusso netto: 0.8000000000000007, Demand: 0.8, percentage: 100.00000000000009
Sink 25 SODDISFATTO. Flusso netto: 3.5, Demand: 3.5, percentage: 100.0
Sink 26 SODDISFATTO. Flusso netto: 6.000000000000007, Demand: 6.0, percentage: 100.00000000000011
Sink 28 SODDISFATTO. Flusso netto: 0.4, Demand: 0.4, percentage: 100.0
Sink 30 SODDISFATTO. Flusso netto: 0.9799999999999933, Demand: 0.98, percentage: 99.99999999999932
Sink 31 SODDISFATTO. Flusso netto: 0.3999999999999999, Demand: 0.4, percentage: 99.99999999999997
Sink 32 SODDISFATTO. Flusso netto: 0.9999999999999989, Demand: 1.0, percentage: 99.99999999999989
Sink 34 SODDISFATTO. Flusso netto: 1.7400000000000002, Demand: 1.74, percentage: 100.00000000000003
Sink 35 SODDISFATTO. Flusso netto: 1.3, Demand: 1.3, percentage: 100.0
Sink 37 SODDISFATTO. Flusso netto: 1.0, Demand: 1.0, percentage: 100.0
Sink 39 SODDISFATTO. Flusso netto: 0.40000000000000036, Demand: 0.4, percentage: 100.00000000000009
Sink 40 SODDISFATTO. Flusso netto: 0.5, Demand: 0.5, percentage: 100.0
Sink 41 SODDISFATTO. Flusso netto: 1.0600000000000005, Demand: 1.06, percentage: 100.00000000000004
Sink 42 SODDISFATTO. Flusso netto: 2.8199999999999994, Demand: 2.82, percentage: 99.99999999999999
Sink 45 SODDISFATTO. Flusso netto: 0.6800000000000002, Demand: 0.68, percentage: 100.00000000000003
Sink 46 SODDISFATTO. Flusso netto: 1.17, Demand: 1.17, percentage: 100.0
Sink 49 non è soddisfatto. Flusso netto: 3.6679999999999993, Demand: 7.0, percentage: 52.39999999999999
Flusso totale entrante nei SINK: 91.75200000000001
Flusso totale uscente nei SINK: 48.64400000000001
Flusso totale netto nei SINK: 43.108
Total DEMAND dei SINK: 46.44
Percentual di flusso ai SINK: 0.9282515073212747
Numero di Sink soddisfatti: 24.0, numero totale di sink: 25.0
Percentuale di Sink soddisfatti: 0.96

---------------------------------- DAY 141

Update Fixed Elements from Intrinsic Faults
Source NODO_11 fixed from Intrinsic Fault
Pipeline ARCO_3 fixed due to Source NODO_11 fixing from Intrinsic Fault
Pipeline ARCO_90 fixed due to Source NODO_11 fixing from Intrinsic Fault
Pipeline ARCO_91 fixed due to Source NODO_11 fixing from Intrinsic Fault
Pipeline ARCO_92 fixed due to Source NODO_11 fixing from Intrinsic Fault
Pipeline V_EDGE_53_9 fixed due to Source NODO_11 fixing from Intrinsic Fault
Pipeline ARCO_20 fixed due to Source NODO_11 fixing from Intrinsic Fault
Pipeline ARCO_21 fixed due to Source NODO_11 fixing from Intrinsic Fault
Pipeline ARCO_22 fixed due to Source NODO_11 fixing from Intrinsic Fault
Pipeline ARCO_73 fixed due to Source NODO_11 fixing from Intrinsic Fault
Update Fixed Elements from Heavy Faults
Update Fixed Elements from Attack
Propagate Intrinsic Fault
Node NODO_10 has still failing due to Intrinsic Fault
pipeline ARCO_17 still has reduced capacity: 0.0 due to Intrinsic Fault
pipeline ARCO_88 still has reduced capacity: 0.0 due to Intrinsic Fault
pipeline ARCO_89 still has reduced capacity: 0.0 due to Intrinsic Fault
pipeline V_EDGE_53_8 still has reduced capacity: 0.0 due to Intrinsic Fault
pipeline ARCO_18 still has reduced capacity: 0.0 due to Intrinsic Fault
pipeline ARCO_19 still has reduced capacity: 0.0 due to Intrinsic Fault
pipeline ARCO_87 still has reduced capacity: 0.0 due to Intrinsic Fault
Propagate Heavy Faults
Propagate Attacks
Inject Intrinsic Failure To Source
Inject Heavy Fault To Sources
Inject Attack Multiple To Source
Inject Intrinsic Fault To Pipeline
Inject Heavy Fault To Pipeline
Inject Attack To Pipeline
----------- Statistics ------------
	Sources Under Attack: 0
	Sources with Heavy Fault: 0
	Sources with Intrinsic Fault: 1
	Arcs with reduce capacity due to Attack: 0
	Arcs with reduce capacity due to Heavy Fault: 0
	Arcs with reduce capacity due to Intrinsic Fault: 7
	Arcs with Attacks: 0
	Arcs with Heavy Fault: 0
	Arcs with Intrinsic Fault: 0
--------- SOURCES STATISTICS ---------------
Demand del real Source[0]: -31.0, flusso erogato: 11.159999999999997, flusso entrante: 0.0, efficienza: 35.999999999999986 %
Demand del real Source[8]: -10.5, flusso erogato: 0.0, flusso entrante: 0.0, efficienza: 0.0 %
Demand del real Source[9]: -7.1, flusso erogato: 17.259999999999998, flusso entrante: 10.159999999999997, efficienza: 243.09859154929575 %
Demand del real Source[17]: -25.0, flusso erogato: 25.000000000000007, flusso entrante: 0.0, efficienza: 100.00000000000003 %
Flusso totale entrante nei Real Source: 10.159999999999997
Flusso totale uscente dai Real Source: 53.42
Flusso netto sui real Source: -43.260000000000005
--- SINKS STATISTICS ---
Sink 3 SODDISFATTO. Flusso netto: 3.429999999999999, Demand: 3.43, percentage: 99.99999999999997
Sink 4 SODDISFATTO. Flusso netto: 0.5700000000000003, Demand: 0.57, percentage: 100.00000000000007
Sink 5 SODDISFATTO. Flusso netto: 0.6599999999999993, Demand: 0.66, percentage: 99.99999999999987
Sink 11 SODDISFATTO. Flusso netto: 1.0300000000000011, Demand: 1.03, percentage: 100.00000000000011
Sink 15 SODDISFATTO. Flusso netto: 0.4600000000000044, Demand: 0.46, percentage: 100.00000000000095
Sink 16 SODDISFATTO. Flusso netto: 8.399999999999993, Demand: 8.4, percentage: 99.99999999999991
Sink 19 SODDISFATTO. Flusso netto: 0.5399999999999938, Demand: 0.54, percentage: 99.99999999999885
Sink 23 SODDISFATTO. Flusso netto: 0.5999999999999996, Demand: 0.6, percentage: 99.99999999999994
Sink 24 SODDISFATTO. Flusso netto: 0.8000000000000007, Demand: 0.8, percentage: 100.00000000000009
Sink 25 SODDISFATTO. Flusso netto: 3.5, Demand: 3.5, percentage: 100.0
Sink 26 SODDISFATTO. Flusso netto: 6.000000000000007, Demand: 6.0, percentage: 100.00000000000011
Sink 28 SODDISFATTO. Flusso netto: 0.4, Demand: 0.4, percentage: 100.0
Sink 30 SODDISFATTO. Flusso netto: 0.9799999999999933, Demand: 0.98, percentage: 99.99999999999932
Sink 31 SODDISFATTO. Flusso netto: 0.3999999999999999, Demand: 0.4, percentage: 99.99999999999997
Sink 32 SODDISFATTO. Flusso netto: 0.9999999999999989, Demand: 1.0, percentage: 99.99999999999989
Sink 34 SODDISFATTO. Flusso netto: 1.7400000000000002, Demand: 1.74, percentage: 100.00000000000003
Sink 35 SODDISFATTO. Flusso netto: 1.3, Demand: 1.3, percentage: 100.0
Sink 37 SODDISFATTO. Flusso netto: 1.0, Demand: 1.0, percentage: 100.0
Sink 39 SODDISFATTO. Flusso netto: 0.40000000000000036, Demand: 0.4, percentage: 100.00000000000009
Sink 40 SODDISFATTO. Flusso netto: 0.5, Demand: 0.5, percentage: 100.0
Sink 41 SODDISFATTO. Flusso netto: 1.0599999999999996, Demand: 1.06, percentage: 99.99999999999996
Sink 42 SODDISFATTO. Flusso netto: 2.820000000000001, Demand: 2.82, percentage: 100.00000000000004
Sink 45 SODDISFATTO. Flusso netto: 0.6800000000000002, Demand: 0.68, percentage: 100.00000000000003
Sink 46 SODDISFATTO. Flusso netto: 1.17, Demand: 1.17, percentage: 100.0
Sink 49 non è soddisfatto. Flusso netto: 3.8200000000000003, Demand: 7.0, percentage: 54.57142857142857
Flusso totale entrante nei SINK: 88.47
Flusso totale uscente nei SINK: 45.21000000000001
Flusso totale netto nei SINK: 43.25999999999999
Total DEMAND dei SINK: 46.44
Percentual di flusso ai SINK: 0.9315245478036174
Numero di Sink soddisfatti: 24.0, numero totale di sink: 25.0
Percentuale di Sink soddisfatti: 0.96

---------------------------------- DAY 142

Update Fixed Elements from Intrinsic Faults
Update Fixed Elements from Heavy Faults
Update Fixed Elements from Attack
Propagate Intrinsic Fault
Node NODO_10 has still failing due to Intrinsic Fault
pipeline ARCO_17 still has reduced capacity: 0.0 due to Intrinsic Fault
pipeline ARCO_88 still has reduced capacity: 0.0 due to Intrinsic Fault
pipeline ARCO_89 still has reduced capacity: 0.0 due to Intrinsic Fault
pipeline V_EDGE_53_8 still has reduced capacity: 0.0 due to Intrinsic Fault
pipeline ARCO_18 still has reduced capacity: 0.0 due to Intrinsic Fault
pipeline ARCO_19 still has reduced capacity: 0.0 due to Intrinsic Fault
pipeline ARCO_87 still has reduced capacity: 0.0 due to Intrinsic Fault
Propagate Heavy Faults
Propagate Attacks
Inject Intrinsic Failure To Source
Inject Heavy Fault To Sources
Inject Attack Multiple To Source
Inject Intrinsic Fault To Pipeline
Inject Heavy Fault To Pipeline
Inject Attack To Pipeline
----------- Statistics ------------
	Sources Under Attack: 0
	Sources with Heavy Fault: 0
	Sources with Intrinsic Fault: 1
	Arcs with reduce capacity due to Attack: 0
	Arcs with reduce capacity due to Heavy Fault: 0
	Arcs with reduce capacity due to Intrinsic Fault: 7
	Arcs with Attacks: 0
	Arcs with Heavy Fault: 0
	Arcs with Intrinsic Fault: 0
--------- SOURCES STATISTICS ---------------
Demand del real Source[0]: -31.0, flusso erogato: 11.159999999999997, flusso entrante: 0.0, efficienza: 35.999999999999986 %
Demand del real Source[8]: -10.5, flusso erogato: 0.0, flusso entrante: 0.0, efficienza: 0.0 %
Demand del real Source[9]: -7.1, flusso erogato: 17.259999999999998, flusso entrante: 10.159999999999997, efficienza: 243.09859154929575 %
Demand del real Source[17]: -25.0, flusso erogato: 25.000000000000007, flusso entrante: 0.0, efficienza: 100.00000000000003 %
Flusso totale entrante nei Real Source: 10.159999999999997
Flusso totale uscente dai Real Source: 53.42
Flusso netto sui real Source: -43.260000000000005
--- SINKS STATISTICS ---
Sink 3 SODDISFATTO. Flusso netto: 3.429999999999999, Demand: 3.43, percentage: 99.99999999999997
Sink 4 SODDISFATTO. Flusso netto: 0.5700000000000003, Demand: 0.57, percentage: 100.00000000000007
Sink 5 SODDISFATTO. Flusso netto: 0.6599999999999993, Demand: 0.66, percentage: 99.99999999999987
Sink 11 SODDISFATTO. Flusso netto: 1.0300000000000011, Demand: 1.03, percentage: 100.00000000000011
Sink 15 SODDISFATTO. Flusso netto: 0.4600000000000044, Demand: 0.46, percentage: 100.00000000000095
Sink 16 SODDISFATTO. Flusso netto: 8.399999999999993, Demand: 8.4, percentage: 99.99999999999991
Sink 19 SODDISFATTO. Flusso netto: 0.5399999999999938, Demand: 0.54, percentage: 99.99999999999885
Sink 23 SODDISFATTO. Flusso netto: 0.5999999999999996, Demand: 0.6, percentage: 99.99999999999994
Sink 24 SODDISFATTO. Flusso netto: 0.8000000000000007, Demand: 0.8, percentage: 100.00000000000009
Sink 25 SODDISFATTO. Flusso netto: 3.5, Demand: 3.5, percentage: 100.0
Sink 26 SODDISFATTO. Flusso netto: 6.000000000000007, Demand: 6.0, percentage: 100.00000000000011
Sink 28 SODDISFATTO. Flusso netto: 0.4, Demand: 0.4, percentage: 100.0
Sink 30 SODDISFATTO. Flusso netto: 0.9799999999999933, Demand: 0.98, percentage: 99.99999999999932
Sink 31 SODDISFATTO. Flusso netto: 0.3999999999999999, Demand: 0.4, percentage: 99.99999999999997
Sink 32 SODDISFATTO. Flusso netto: 0.9999999999999989, Demand: 1.0, percentage: 99.99999999999989
Sink 34 SODDISFATTO. Flusso netto: 1.7400000000000002, Demand: 1.74, percentage: 100.00000000000003
Sink 35 SODDISFATTO. Flusso netto: 1.3, Demand: 1.3, percentage: 100.0
Sink 37 SODDISFATTO. Flusso netto: 1.0, Demand: 1.0, percentage: 100.0
Sink 39 SODDISFATTO. Flusso netto: 0.40000000000000036, Demand: 0.4, percentage: 100.00000000000009
Sink 40 SODDISFATTO. Flusso netto: 0.5, Demand: 0.5, percentage: 100.0
Sink 41 SODDISFATTO. Flusso netto: 1.0599999999999996, Demand: 1.06, percentage: 99.99999999999996
Sink 42 SODDISFATTO. Flusso netto: 2.820000000000001, Demand: 2.82, percentage: 100.00000000000004
Sink 45 SODDISFATTO. Flusso netto: 0.6800000000000002, Demand: 0.68, percentage: 100.00000000000003
Sink 46 SODDISFATTO. Flusso netto: 1.17, Demand: 1.17, percentage: 100.0
Sink 49 non è soddisfatto. Flusso netto: 3.8200000000000003, Demand: 7.0, percentage: 54.57142857142857
Flusso totale entrante nei SINK: 88.47
Flusso totale uscente nei SINK: 45.21000000000001
Flusso totale netto nei SINK: 43.25999999999999
Total DEMAND dei SINK: 46.44
Percentual di flusso ai SINK: 0.9315245478036174
Numero di Sink soddisfatti: 24.0, numero totale di sink: 25.0
Percentuale di Sink soddisfatti: 0.96

---------------------------------- DAY 143

Update Fixed Elements from Intrinsic Faults
Update Fixed Elements from Heavy Faults
Update Fixed Elements from Attack
Propagate Intrinsic Fault
Node NODO_10 has still failing due to Intrinsic Fault
pipeline ARCO_17 still has reduced capacity: 0.0 due to Intrinsic Fault
pipeline ARCO_88 still has reduced capacity: 0.0 due to Intrinsic Fault
pipeline ARCO_89 still has reduced capacity: 0.0 due to Intrinsic Fault
pipeline V_EDGE_53_8 still has reduced capacity: 0.0 due to Intrinsic Fault
pipeline ARCO_18 still has reduced capacity: 0.0 due to Intrinsic Fault
pipeline ARCO_19 still has reduced capacity: 0.0 due to Intrinsic Fault
pipeline ARCO_87 still has reduced capacity: 0.0 due to Intrinsic Fault
Propagate Heavy Faults
Propagate Attacks
Inject Intrinsic Failure To Source
Inject Heavy Fault To Sources
Inject Attack Multiple To Source
Inject Intrinsic Fault To Pipeline
Inject Heavy Fault To Pipeline
Inject Attack To Pipeline
----------- Statistics ------------
	Sources Under Attack: 0
	Sources with Heavy Fault: 0
	Sources with Intrinsic Fault: 1
	Arcs with reduce capacity due to Attack: 0
	Arcs with reduce capacity due to Heavy Fault: 0
	Arcs with reduce capacity due to Intrinsic Fault: 7
	Arcs with Attacks: 0
	Arcs with Heavy Fault: 0
	Arcs with Intrinsic Fault: 0
--------- SOURCES STATISTICS ---------------
Demand del real Source[0]: -31.0, flusso erogato: 11.159999999999997, flusso entrante: 0.0, efficienza: 35.999999999999986 %
Demand del real Source[8]: -10.5, flusso erogato: 0.0, flusso entrante: 0.0, efficienza: 0.0 %
Demand del real Source[9]: -7.1, flusso erogato: 17.259999999999998, flusso entrante: 10.159999999999997, efficienza: 243.09859154929575 %
Demand del real Source[17]: -25.0, flusso erogato: 25.000000000000007, flusso entrante: 0.0, efficienza: 100.00000000000003 %
Flusso totale entrante nei Real Source: 10.159999999999997
Flusso totale uscente dai Real Source: 53.42
Flusso netto sui real Source: -43.260000000000005
--- SINKS STATISTICS ---
Sink 3 SODDISFATTO. Flusso netto: 3.429999999999999, Demand: 3.43, percentage: 99.99999999999997
Sink 4 SODDISFATTO. Flusso netto: 0.5700000000000003, Demand: 0.57, percentage: 100.00000000000007
Sink 5 SODDISFATTO. Flusso netto: 0.6599999999999993, Demand: 0.66, percentage: 99.99999999999987
Sink 11 SODDISFATTO. Flusso netto: 1.0300000000000011, Demand: 1.03, percentage: 100.00000000000011
Sink 15 SODDISFATTO. Flusso netto: 0.4600000000000044, Demand: 0.46, percentage: 100.00000000000095
Sink 16 SODDISFATTO. Flusso netto: 8.399999999999993, Demand: 8.4, percentage: 99.99999999999991
Sink 19 SODDISFATTO. Flusso netto: 0.5399999999999938, Demand: 0.54, percentage: 99.99999999999885
Sink 23 SODDISFATTO. Flusso netto: 0.5999999999999996, Demand: 0.6, percentage: 99.99999999999994
Sink 24 SODDISFATTO. Flusso netto: 0.8000000000000007, Demand: 0.8, percentage: 100.00000000000009
Sink 25 SODDISFATTO. Flusso netto: 3.5, Demand: 3.5, percentage: 100.0
Sink 26 SODDISFATTO. Flusso netto: 6.000000000000007, Demand: 6.0, percentage: 100.00000000000011
Sink 28 SODDISFATTO. Flusso netto: 0.4, Demand: 0.4, percentage: 100.0
Sink 30 SODDISFATTO. Flusso netto: 0.9799999999999933, Demand: 0.98, percentage: 99.99999999999932
Sink 31 SODDISFATTO. Flusso netto: 0.3999999999999999, Demand: 0.4, percentage: 99.99999999999997
Sink 32 SODDISFATTO. Flusso netto: 0.9999999999999989, Demand: 1.0, percentage: 99.99999999999989
Sink 34 SODDISFATTO. Flusso netto: 1.7400000000000002, Demand: 1.74, percentage: 100.00000000000003
Sink 35 SODDISFATTO. Flusso netto: 1.3, Demand: 1.3, percentage: 100.0
Sink 37 SODDISFATTO. Flusso netto: 1.0, Demand: 1.0, percentage: 100.0
Sink 39 SODDISFATTO. Flusso netto: 0.40000000000000036, Demand: 0.4, percentage: 100.00000000000009
Sink 40 SODDISFATTO. Flusso netto: 0.5, Demand: 0.5, percentage: 100.0
Sink 41 SODDISFATTO. Flusso netto: 1.0599999999999996, Demand: 1.06, percentage: 99.99999999999996
Sink 42 SODDISFATTO. Flusso netto: 2.820000000000001, Demand: 2.82, percentage: 100.00000000000004
Sink 45 SODDISFATTO. Flusso netto: 0.6800000000000002, Demand: 0.68, percentage: 100.00000000000003
Sink 46 SODDISFATTO. Flusso netto: 1.17, Demand: 1.17, percentage: 100.0
Sink 49 non è soddisfatto. Flusso netto: 3.8200000000000003, Demand: 7.0, percentage: 54.57142857142857
Flusso totale entrante nei SINK: 88.47
Flusso totale uscente nei SINK: 45.21000000000001
Flusso totale netto nei SINK: 43.25999999999999
Total DEMAND dei SINK: 46.44
Percentual di flusso ai SINK: 0.9315245478036174
Numero di Sink soddisfatti: 24.0, numero totale di sink: 25.0
Percentuale di Sink soddisfatti: 0.96

---------------------------------- DAY 144

Update Fixed Elements from Intrinsic Faults
Update Fixed Elements from Heavy Faults
Update Fixed Elements from Attack
Propagate Intrinsic Fault
Node NODO_10 has still failing due to Intrinsic Fault
pipeline ARCO_17 still has reduced capacity: 0.0 due to Intrinsic Fault
pipeline ARCO_88 still has reduced capacity: 0.0 due to Intrinsic Fault
pipeline ARCO_89 still has reduced capacity: 0.0 due to Intrinsic Fault
pipeline V_EDGE_53_8 still has reduced capacity: 0.0 due to Intrinsic Fault
pipeline ARCO_18 still has reduced capacity: 0.0 due to Intrinsic Fault
pipeline ARCO_19 still has reduced capacity: 0.0 due to Intrinsic Fault
pipeline ARCO_87 still has reduced capacity: 0.0 due to Intrinsic Fault
Propagate Heavy Faults
Propagate Attacks
Inject Intrinsic Failure To Source
Source NODO_10 is failing for an Intrinsic Fault in day: 144
pipeline ARCO_17 has reduced capacity due to NODO_10 Intrinsic fault
pipeline ARCO_88 has reduced capacity due to NODO_10 Intrinsic fault
pipeline ARCO_89 has reduced capacity due to NODO_10 Intrinsic fault
pipeline V_EDGE_53_8 has reduced capacity due to NODO_10 Intrinsic fault
pipeline ARCO_18 has reduced capacity due to NODO_10 Intrinsic fault
pipeline ARCO_19 has reduced capacity due to NODO_10 Intrinsic fault
pipeline ARCO_87 has reduced capacity due to NODO_10 Intrinsic fault
Inject Heavy Fault To Sources
Inject Attack Multiple To Source
Inject Intrinsic Fault To Pipeline
Inject Heavy Fault To Pipeline
Inject Attack To Pipeline
----------- Statistics ------------
	Sources Under Attack: 0
	Sources with Heavy Fault: 0
	Sources with Intrinsic Fault: 1
	Arcs with reduce capacity due to Attack: 0
	Arcs with reduce capacity due to Heavy Fault: 0
	Arcs with reduce capacity due to Intrinsic Fault: 7
	Arcs with Attacks: 0
	Arcs with Heavy Fault: 0
	Arcs with Intrinsic Fault: 0
--------- SOURCES STATISTICS ---------------
Demand del real Source[0]: -31.0, flusso erogato: 11.159999999999997, flusso entrante: 0.0, efficienza: 35.999999999999986 %
Demand del real Source[8]: -10.5, flusso erogato: 0.0, flusso entrante: 0.0, efficienza: 0.0 %
Demand del real Source[9]: -7.1, flusso erogato: 17.259999999999998, flusso entrante: 10.159999999999997, efficienza: 243.09859154929575 %
Demand del real Source[17]: -25.0, flusso erogato: 25.000000000000007, flusso entrante: 0.0, efficienza: 100.00000000000003 %
Flusso totale entrante nei Real Source: 10.159999999999997
Flusso totale uscente dai Real Source: 53.42
Flusso netto sui real Source: -43.260000000000005
--- SINKS STATISTICS ---
Sink 3 SODDISFATTO. Flusso netto: 3.429999999999999, Demand: 3.43, percentage: 99.99999999999997
Sink 4 SODDISFATTO. Flusso netto: 0.5700000000000003, Demand: 0.57, percentage: 100.00000000000007
Sink 5 SODDISFATTO. Flusso netto: 0.6599999999999993, Demand: 0.66, percentage: 99.99999999999987
Sink 11 SODDISFATTO. Flusso netto: 1.0300000000000011, Demand: 1.03, percentage: 100.00000000000011
Sink 15 SODDISFATTO. Flusso netto: 0.4600000000000044, Demand: 0.46, percentage: 100.00000000000095
Sink 16 SODDISFATTO. Flusso netto: 8.399999999999993, Demand: 8.4, percentage: 99.99999999999991
Sink 19 SODDISFATTO. Flusso netto: 0.5399999999999938, Demand: 0.54, percentage: 99.99999999999885
Sink 23 SODDISFATTO. Flusso netto: 0.5999999999999996, Demand: 0.6, percentage: 99.99999999999994
Sink 24 SODDISFATTO. Flusso netto: 0.8000000000000007, Demand: 0.8, percentage: 100.00000000000009
Sink 25 SODDISFATTO. Flusso netto: 3.5, Demand: 3.5, percentage: 100.0
Sink 26 SODDISFATTO. Flusso netto: 6.000000000000007, Demand: 6.0, percentage: 100.00000000000011
Sink 28 SODDISFATTO. Flusso netto: 0.4, Demand: 0.4, percentage: 100.0
Sink 30 SODDISFATTO. Flusso netto: 0.9799999999999933, Demand: 0.98, percentage: 99.99999999999932
Sink 31 SODDISFATTO. Flusso netto: 0.3999999999999999, Demand: 0.4, percentage: 99.99999999999997
Sink 32 SODDISFATTO. Flusso netto: 0.9999999999999989, Demand: 1.0, percentage: 99.99999999999989
Sink 34 SODDISFATTO. Flusso netto: 1.7400000000000002, Demand: 1.74, percentage: 100.00000000000003
Sink 35 SODDISFATTO. Flusso netto: 1.3, Demand: 1.3, percentage: 100.0
Sink 37 SODDISFATTO. Flusso netto: 1.0, Demand: 1.0, percentage: 100.0
Sink 39 SODDISFATTO. Flusso netto: 0.40000000000000036, Demand: 0.4, percentage: 100.00000000000009
Sink 40 SODDISFATTO. Flusso netto: 0.5, Demand: 0.5, percentage: 100.0
Sink 41 SODDISFATTO. Flusso netto: 1.0599999999999996, Demand: 1.06, percentage: 99.99999999999996
Sink 42 SODDISFATTO. Flusso netto: 2.820000000000001, Demand: 2.82, percentage: 100.00000000000004
Sink 45 SODDISFATTO. Flusso netto: 0.6800000000000002, Demand: 0.68, percentage: 100.00000000000003
Sink 46 SODDISFATTO. Flusso netto: 1.17, Demand: 1.17, percentage: 100.0
Sink 49 non è soddisfatto. Flusso netto: 3.8200000000000003, Demand: 7.0, percentage: 54.57142857142857
Flusso totale entrante nei SINK: 88.47
Flusso totale uscente nei SINK: 45.21000000000001
Flusso totale netto nei SINK: 43.25999999999999
Total DEMAND dei SINK: 46.44
Percentual di flusso ai SINK: 0.9315245478036174
Numero di Sink soddisfatti: 24.0, numero totale di sink: 25.0
Percentuale di Sink soddisfatti: 0.96

---------------------------------- DAY 145

Update Fixed Elements from Intrinsic Faults
Source NODO_10 fixed from Intrinsic Fault
Pipeline ARCO_17 fixed due to Source NODO_10 fixing from Intrinsic Fault
Pipeline ARCO_88 fixed due to Source NODO_10 fixing from Intrinsic Fault
Pipeline ARCO_89 fixed due to Source NODO_10 fixing from Intrinsic Fault
Pipeline V_EDGE_53_8 fixed due to Source NODO_10 fixing from Intrinsic Fault
Pipeline ARCO_18 fixed due to Source NODO_10 fixing from Intrinsic Fault
Pipeline ARCO_19 fixed due to Source NODO_10 fixing from Intrinsic Fault
Pipeline ARCO_87 fixed due to Source NODO_10 fixing from Intrinsic Fault
Update Fixed Elements from Heavy Faults
Update Fixed Elements from Attack
Propagate Intrinsic Fault
Propagate Heavy Faults
Propagate Attacks
Inject Intrinsic Failure To Source
Inject Heavy Fault To Sources
Inject Attack Multiple To Source
Inject Intrinsic Fault To Pipeline
Inject Heavy Fault To Pipeline
Inject Attack To Pipeline
----------- Statistics ------------
	Sources Under Attack: 0
	Sources with Heavy Fault: 0
	Sources with Intrinsic Fault: 0
	Arcs with reduce capacity due to Attack: 0
	Arcs with reduce capacity due to Heavy Fault: 0
	Arcs with reduce capacity due to Intrinsic Fault: 0
	Arcs with Attacks: 0
	Arcs with Heavy Fault: 0
	Arcs with Intrinsic Fault: 0
--------- SOURCES STATISTICS ---------------
Demand del real Source[0]: -31.0, flusso erogato: 8.069999999999997, flusso entrante: 0.0, efficienza: 26.032258064516117 %
Demand del real Source[8]: -10.5, flusso erogato: 3.8600000000000003, flusso entrante: 0.0, efficienza: 36.76190476190476 %
Demand del real Source[9]: -7.1, flusso erogato: 14.169999999999996, flusso entrante: 7.070000000000007, efficienza: 199.57746478873236 %
Demand del real Source[17]: -25.0, flusso erogato: 25.000000000000007, flusso entrante: 0.0, efficienza: 100.00000000000003 %
Flusso totale entrante nei Real Source: 7.070000000000007
Flusso totale uscente dai Real Source: 51.1
Flusso netto sui real Source: -44.029999999999994
--- SINKS STATISTICS ---
Sink 3 SODDISFATTO. Flusso netto: 3.4299999999999997, Demand: 3.43, percentage: 99.99999999999999
Sink 4 SODDISFATTO. Flusso netto: 0.5700000000000003, Demand: 0.57, percentage: 100.00000000000007
Sink 5 SODDISFATTO. Flusso netto: 0.6600000000000019, Demand: 0.66, percentage: 100.00000000000028
Sink 11 SODDISFATTO. Flusso netto: 1.03, Demand: 1.03, percentage: 100.0
Sink 15 SODDISFATTO. Flusso netto: 0.4600000000000044, Demand: 0.46, percentage: 100.00000000000095
Sink 16 SODDISFATTO. Flusso netto: 8.399999999999993, Demand: 8.4, percentage: 99.99999999999991
Sink 19 SODDISFATTO. Flusso netto: 0.5399999999999938, Demand: 0.54, percentage: 99.99999999999885
Sink 23 SODDISFATTO. Flusso netto: 0.5999999999999996, Demand: 0.6, percentage: 99.99999999999994
Sink 24 SODDISFATTO. Flusso netto: 0.8000000000000007, Demand: 0.8, percentage: 100.00000000000009
Sink 25 SODDISFATTO. Flusso netto: 3.5, Demand: 3.5, percentage: 100.0
Sink 26 SODDISFATTO. Flusso netto: 6.000000000000007, Demand: 6.0, percentage: 100.00000000000011
Sink 28 SODDISFATTO. Flusso netto: 0.4, Demand: 0.4, percentage: 100.0
Sink 30 SODDISFATTO. Flusso netto: 0.9799999999999933, Demand: 0.98, percentage: 99.99999999999932
Sink 31 SODDISFATTO. Flusso netto: 0.3999999999999999, Demand: 0.4, percentage: 99.99999999999997
Sink 32 SODDISFATTO. Flusso netto: 0.9999999999999989, Demand: 1.0, percentage: 99.99999999999989
Sink 34 SODDISFATTO. Flusso netto: 1.7400000000000002, Demand: 1.74, percentage: 100.00000000000003
Sink 35 SODDISFATTO. Flusso netto: 1.3, Demand: 1.3, percentage: 100.0
Sink 37 SODDISFATTO. Flusso netto: 1.0, Demand: 1.0, percentage: 100.0
Sink 39 SODDISFATTO. Flusso netto: 0.40000000000000036, Demand: 0.4, percentage: 100.00000000000009
Sink 40 SODDISFATTO. Flusso netto: 0.5, Demand: 0.5, percentage: 100.0
Sink 41 SODDISFATTO. Flusso netto: 1.0600000000000005, Demand: 1.06, percentage: 100.00000000000004
Sink 42 SODDISFATTO. Flusso netto: 2.8200000000000007, Demand: 2.82, percentage: 100.00000000000003
Sink 45 SODDISFATTO. Flusso netto: 0.6800000000000002, Demand: 0.68, percentage: 100.00000000000003
Sink 46 SODDISFATTO. Flusso netto: 1.17, Demand: 1.17, percentage: 100.0
Sink 49 non è soddisfatto. Flusso netto: 4.59, Demand: 7.0, percentage: 65.57142857142857
Flusso totale entrante nei SINK: 86.46000000000001
Flusso totale uscente nei SINK: 42.430000000000014
Flusso totale netto nei SINK: 44.029999999999994
Total DEMAND dei SINK: 46.44
Percentual di flusso ai SINK: 0.9481050818260119
Numero di Sink soddisfatti: 24.0, numero totale di sink: 25.0
Percentuale di Sink soddisfatti: 0.96

---------------------------------- DAY 146

Update Fixed Elements from Intrinsic Faults
Update Fixed Elements from Heavy Faults
Update Fixed Elements from Attack
Propagate Intrinsic Fault
Propagate Heavy Faults
Propagate Attacks
Inject Intrinsic Failure To Source
Inject Heavy Fault To Sources
Inject Attack Multiple To Source
Inject Intrinsic Fault To Pipeline
Inject Heavy Fault To Pipeline
Inject Attack To Pipeline
----------- Statistics ------------
	Sources Under Attack: 0
	Sources with Heavy Fault: 0
	Sources with Intrinsic Fault: 0
	Arcs with reduce capacity due to Attack: 0
	Arcs with reduce capacity due to Heavy Fault: 0
	Arcs with reduce capacity due to Intrinsic Fault: 0
	Arcs with Attacks: 0
	Arcs with Heavy Fault: 0
	Arcs with Intrinsic Fault: 0
--------- SOURCES STATISTICS ---------------
Demand del real Source[0]: -31.0, flusso erogato: 8.069999999999997, flusso entrante: 0.0, efficienza: 26.032258064516117 %
Demand del real Source[8]: -10.5, flusso erogato: 3.8600000000000003, flusso entrante: 0.0, efficienza: 36.76190476190476 %
Demand del real Source[9]: -7.1, flusso erogato: 14.169999999999996, flusso entrante: 7.070000000000007, efficienza: 199.57746478873236 %
Demand del real Source[17]: -25.0, flusso erogato: 25.000000000000007, flusso entrante: 0.0, efficienza: 100.00000000000003 %
Flusso totale entrante nei Real Source: 7.070000000000007
Flusso totale uscente dai Real Source: 51.1
Flusso netto sui real Source: -44.029999999999994
--- SINKS STATISTICS ---
Sink 3 SODDISFATTO. Flusso netto: 3.4299999999999997, Demand: 3.43, percentage: 99.99999999999999
Sink 4 SODDISFATTO. Flusso netto: 0.5700000000000003, Demand: 0.57, percentage: 100.00000000000007
Sink 5 SODDISFATTO. Flusso netto: 0.6600000000000019, Demand: 0.66, percentage: 100.00000000000028
Sink 11 SODDISFATTO. Flusso netto: 1.03, Demand: 1.03, percentage: 100.0
Sink 15 SODDISFATTO. Flusso netto: 0.4600000000000044, Demand: 0.46, percentage: 100.00000000000095
Sink 16 SODDISFATTO. Flusso netto: 8.399999999999993, Demand: 8.4, percentage: 99.99999999999991
Sink 19 SODDISFATTO. Flusso netto: 0.5399999999999938, Demand: 0.54, percentage: 99.99999999999885
Sink 23 SODDISFATTO. Flusso netto: 0.5999999999999996, Demand: 0.6, percentage: 99.99999999999994
Sink 24 SODDISFATTO. Flusso netto: 0.8000000000000007, Demand: 0.8, percentage: 100.00000000000009
Sink 25 SODDISFATTO. Flusso netto: 3.5, Demand: 3.5, percentage: 100.0
Sink 26 SODDISFATTO. Flusso netto: 6.000000000000007, Demand: 6.0, percentage: 100.00000000000011
Sink 28 SODDISFATTO. Flusso netto: 0.4, Demand: 0.4, percentage: 100.0
Sink 30 SODDISFATTO. Flusso netto: 0.9799999999999933, Demand: 0.98, percentage: 99.99999999999932
Sink 31 SODDISFATTO. Flusso netto: 0.3999999999999999, Demand: 0.4, percentage: 99.99999999999997
Sink 32 SODDISFATTO. Flusso netto: 0.9999999999999989, Demand: 1.0, percentage: 99.99999999999989
Sink 34 SODDISFATTO. Flusso netto: 1.7400000000000002, Demand: 1.74, percentage: 100.00000000000003
Sink 35 SODDISFATTO. Flusso netto: 1.3, Demand: 1.3, percentage: 100.0
Sink 37 SODDISFATTO. Flusso netto: 1.0, Demand: 1.0, percentage: 100.0
Sink 39 SODDISFATTO. Flusso netto: 0.40000000000000036, Demand: 0.4, percentage: 100.00000000000009
Sink 40 SODDISFATTO. Flusso netto: 0.5, Demand: 0.5, percentage: 100.0
Sink 41 SODDISFATTO. Flusso netto: 1.0600000000000005, Demand: 1.06, percentage: 100.00000000000004
Sink 42 SODDISFATTO. Flusso netto: 2.8200000000000007, Demand: 2.82, percentage: 100.00000000000003
Sink 45 SODDISFATTO. Flusso netto: 0.6800000000000002, Demand: 0.68, percentage: 100.00000000000003
Sink 46 SODDISFATTO. Flusso netto: 1.17, Demand: 1.17, percentage: 100.0
Sink 49 non è soddisfatto. Flusso netto: 4.59, Demand: 7.0, percentage: 65.57142857142857
Flusso totale entrante nei SINK: 86.46000000000001
Flusso totale uscente nei SINK: 42.430000000000014
Flusso totale netto nei SINK: 44.029999999999994
Total DEMAND dei SINK: 46.44
Percentual di flusso ai SINK: 0.9481050818260119
Numero di Sink soddisfatti: 24.0, numero totale di sink: 25.0
Percentuale di Sink soddisfatti: 0.96

---------------------------------- DAY 147

Update Fixed Elements from Intrinsic Faults
Update Fixed Elements from Heavy Faults
Update Fixed Elements from Attack
Propagate Intrinsic Fault
Propagate Heavy Faults
Propagate Attacks
Inject Intrinsic Failure To Source
Inject Heavy Fault To Sources
Inject Attack Multiple To Source
Inject Intrinsic Fault To Pipeline
Inject Heavy Fault To Pipeline
Inject Attack To Pipeline
----------- Statistics ------------
	Sources Under Attack: 0
	Sources with Heavy Fault: 0
	Sources with Intrinsic Fault: 0
	Arcs with reduce capacity due to Attack: 0
	Arcs with reduce capacity due to Heavy Fault: 0
	Arcs with reduce capacity due to Intrinsic Fault: 0
	Arcs with Attacks: 0
	Arcs with Heavy Fault: 0
	Arcs with Intrinsic Fault: 0
--------- SOURCES STATISTICS ---------------
Demand del real Source[0]: -31.0, flusso erogato: 8.069999999999997, flusso entrante: 0.0, efficienza: 26.032258064516117 %
Demand del real Source[8]: -10.5, flusso erogato: 3.8600000000000003, flusso entrante: 0.0, efficienza: 36.76190476190476 %
Demand del real Source[9]: -7.1, flusso erogato: 14.169999999999996, flusso entrante: 7.070000000000007, efficienza: 199.57746478873236 %
Demand del real Source[17]: -25.0, flusso erogato: 25.000000000000007, flusso entrante: 0.0, efficienza: 100.00000000000003 %
Flusso totale entrante nei Real Source: 7.070000000000007
Flusso totale uscente dai Real Source: 51.1
Flusso netto sui real Source: -44.029999999999994
--- SINKS STATISTICS ---
Sink 3 SODDISFATTO. Flusso netto: 3.4299999999999997, Demand: 3.43, percentage: 99.99999999999999
Sink 4 SODDISFATTO. Flusso netto: 0.5700000000000003, Demand: 0.57, percentage: 100.00000000000007
Sink 5 SODDISFATTO. Flusso netto: 0.6600000000000019, Demand: 0.66, percentage: 100.00000000000028
Sink 11 SODDISFATTO. Flusso netto: 1.03, Demand: 1.03, percentage: 100.0
Sink 15 SODDISFATTO. Flusso netto: 0.4600000000000044, Demand: 0.46, percentage: 100.00000000000095
Sink 16 SODDISFATTO. Flusso netto: 8.399999999999993, Demand: 8.4, percentage: 99.99999999999991
Sink 19 SODDISFATTO. Flusso netto: 0.5399999999999938, Demand: 0.54, percentage: 99.99999999999885
Sink 23 SODDISFATTO. Flusso netto: 0.5999999999999996, Demand: 0.6, percentage: 99.99999999999994
Sink 24 SODDISFATTO. Flusso netto: 0.8000000000000007, Demand: 0.8, percentage: 100.00000000000009
Sink 25 SODDISFATTO. Flusso netto: 3.5, Demand: 3.5, percentage: 100.0
Sink 26 SODDISFATTO. Flusso netto: 6.000000000000007, Demand: 6.0, percentage: 100.00000000000011
Sink 28 SODDISFATTO. Flusso netto: 0.4, Demand: 0.4, percentage: 100.0
Sink 30 SODDISFATTO. Flusso netto: 0.9799999999999933, Demand: 0.98, percentage: 99.99999999999932
Sink 31 SODDISFATTO. Flusso netto: 0.3999999999999999, Demand: 0.4, percentage: 99.99999999999997
Sink 32 SODDISFATTO. Flusso netto: 0.9999999999999989, Demand: 1.0, percentage: 99.99999999999989
Sink 34 SODDISFATTO. Flusso netto: 1.7400000000000002, Demand: 1.74, percentage: 100.00000000000003
Sink 35 SODDISFATTO. Flusso netto: 1.3, Demand: 1.3, percentage: 100.0
Sink 37 SODDISFATTO. Flusso netto: 1.0, Demand: 1.0, percentage: 100.0
Sink 39 SODDISFATTO. Flusso netto: 0.40000000000000036, Demand: 0.4, percentage: 100.00000000000009
Sink 40 SODDISFATTO. Flusso netto: 0.5, Demand: 0.5, percentage: 100.0
Sink 41 SODDISFATTO. Flusso netto: 1.0600000000000005, Demand: 1.06, percentage: 100.00000000000004
Sink 42 SODDISFATTO. Flusso netto: 2.8200000000000007, Demand: 2.82, percentage: 100.00000000000003
Sink 45 SODDISFATTO. Flusso netto: 0.6800000000000002, Demand: 0.68, percentage: 100.00000000000003
Sink 46 SODDISFATTO. Flusso netto: 1.17, Demand: 1.17, percentage: 100.0
Sink 49 non è soddisfatto. Flusso netto: 4.59, Demand: 7.0, percentage: 65.57142857142857
Flusso totale entrante nei SINK: 86.46000000000001
Flusso totale uscente nei SINK: 42.430000000000014
Flusso totale netto nei SINK: 44.029999999999994
Total DEMAND dei SINK: 46.44
Percentual di flusso ai SINK: 0.9481050818260119
Numero di Sink soddisfatti: 24.0, numero totale di sink: 25.0
Percentuale di Sink soddisfatti: 0.96

---------------------------------- DAY 148

Update Fixed Elements from Intrinsic Faults
Update Fixed Elements from Heavy Faults
Update Fixed Elements from Attack
Propagate Intrinsic Fault
Propagate Heavy Faults
Propagate Attacks
Inject Intrinsic Failure To Source
Source NODO_10 is failing for an Intrinsic Fault in day: 148
pipeline ARCO_17 has reduced capacity due to NODO_10 Intrinsic fault
pipeline ARCO_88 has reduced capacity due to NODO_10 Intrinsic fault
pipeline ARCO_89 has reduced capacity due to NODO_10 Intrinsic fault
pipeline V_EDGE_53_8 has reduced capacity due to NODO_10 Intrinsic fault
pipeline ARCO_18 has reduced capacity due to NODO_10 Intrinsic fault
pipeline ARCO_19 has reduced capacity due to NODO_10 Intrinsic fault
pipeline ARCO_87 has reduced capacity due to NODO_10 Intrinsic fault
Inject Heavy Fault To Sources
Inject Attack Multiple To Source
Inject Intrinsic Fault To Pipeline
Inject Heavy Fault To Pipeline
Inject Attack To Pipeline
----------- Statistics ------------
	Sources Under Attack: 0
	Sources with Heavy Fault: 0
	Sources with Intrinsic Fault: 1
	Arcs with reduce capacity due to Attack: 0
	Arcs with reduce capacity due to Heavy Fault: 0
	Arcs with reduce capacity due to Intrinsic Fault: 7
	Arcs with Attacks: 0
	Arcs with Heavy Fault: 0
	Arcs with Intrinsic Fault: 0
--------- SOURCES STATISTICS ---------------
Demand del real Source[0]: -31.0, flusso erogato: 11.159999999999997, flusso entrante: 0.0, efficienza: 35.999999999999986 %
Demand del real Source[8]: -10.5, flusso erogato: 0.0, flusso entrante: 0.0, efficienza: 0.0 %
Demand del real Source[9]: -7.1, flusso erogato: 17.259999999999998, flusso entrante: 10.159999999999997, efficienza: 243.09859154929575 %
Demand del real Source[17]: -25.0, flusso erogato: 25.000000000000007, flusso entrante: 0.0, efficienza: 100.00000000000003 %
Flusso totale entrante nei Real Source: 10.159999999999997
Flusso totale uscente dai Real Source: 53.42
Flusso netto sui real Source: -43.260000000000005
--- SINKS STATISTICS ---
Sink 3 SODDISFATTO. Flusso netto: 3.429999999999999, Demand: 3.43, percentage: 99.99999999999997
Sink 4 SODDISFATTO. Flusso netto: 0.5700000000000003, Demand: 0.57, percentage: 100.00000000000007
Sink 5 SODDISFATTO. Flusso netto: 0.6599999999999993, Demand: 0.66, percentage: 99.99999999999987
Sink 11 SODDISFATTO. Flusso netto: 1.0300000000000011, Demand: 1.03, percentage: 100.00000000000011
Sink 15 SODDISFATTO. Flusso netto: 0.4600000000000044, Demand: 0.46, percentage: 100.00000000000095
Sink 16 SODDISFATTO. Flusso netto: 8.399999999999993, Demand: 8.4, percentage: 99.99999999999991
Sink 19 SODDISFATTO. Flusso netto: 0.5399999999999938, Demand: 0.54, percentage: 99.99999999999885
Sink 23 SODDISFATTO. Flusso netto: 0.5999999999999996, Demand: 0.6, percentage: 99.99999999999994
Sink 24 SODDISFATTO. Flusso netto: 0.8000000000000007, Demand: 0.8, percentage: 100.00000000000009
Sink 25 SODDISFATTO. Flusso netto: 3.5, Demand: 3.5, percentage: 100.0
Sink 26 SODDISFATTO. Flusso netto: 6.000000000000007, Demand: 6.0, percentage: 100.00000000000011
Sink 28 SODDISFATTO. Flusso netto: 0.4, Demand: 0.4, percentage: 100.0
Sink 30 SODDISFATTO. Flusso netto: 0.9799999999999933, Demand: 0.98, percentage: 99.99999999999932
Sink 31 SODDISFATTO. Flusso netto: 0.3999999999999999, Demand: 0.4, percentage: 99.99999999999997
Sink 32 SODDISFATTO. Flusso netto: 0.9999999999999989, Demand: 1.0, percentage: 99.99999999999989
Sink 34 SODDISFATTO. Flusso netto: 1.7400000000000002, Demand: 1.74, percentage: 100.00000000000003
Sink 35 SODDISFATTO. Flusso netto: 1.3, Demand: 1.3, percentage: 100.0
Sink 37 SODDISFATTO. Flusso netto: 1.0, Demand: 1.0, percentage: 100.0
Sink 39 SODDISFATTO. Flusso netto: 0.40000000000000036, Demand: 0.4, percentage: 100.00000000000009
Sink 40 SODDISFATTO. Flusso netto: 0.5, Demand: 0.5, percentage: 100.0
Sink 41 SODDISFATTO. Flusso netto: 1.0599999999999996, Demand: 1.06, percentage: 99.99999999999996
Sink 42 SODDISFATTO. Flusso netto: 2.820000000000001, Demand: 2.82, percentage: 100.00000000000004
Sink 45 SODDISFATTO. Flusso netto: 0.6800000000000002, Demand: 0.68, percentage: 100.00000000000003
Sink 46 SODDISFATTO. Flusso netto: 1.17, Demand: 1.17, percentage: 100.0
Sink 49 non è soddisfatto. Flusso netto: 3.8200000000000003, Demand: 7.0, percentage: 54.57142857142857
Flusso totale entrante nei SINK: 88.47
Flusso totale uscente nei SINK: 45.21000000000001
Flusso totale netto nei SINK: 43.25999999999999
Total DEMAND dei SINK: 46.44
Percentual di flusso ai SINK: 0.9315245478036174
Numero di Sink soddisfatti: 24.0, numero totale di sink: 25.0
Percentuale di Sink soddisfatti: 0.96

---------------------------------- DAY 149

Update Fixed Elements from Intrinsic Faults
Update Fixed Elements from Heavy Faults
Update Fixed Elements from Attack
Propagate Intrinsic Fault
Node NODO_10 has still failing due to Intrinsic Fault
pipeline ARCO_17 still has reduced capacity: 0.0 due to Intrinsic Fault
pipeline ARCO_88 still has reduced capacity: 0.0 due to Intrinsic Fault
pipeline ARCO_89 still has reduced capacity: 0.0 due to Intrinsic Fault
pipeline V_EDGE_53_8 still has reduced capacity: 0.0 due to Intrinsic Fault
pipeline ARCO_18 still has reduced capacity: 0.0 due to Intrinsic Fault
pipeline ARCO_19 still has reduced capacity: 0.0 due to Intrinsic Fault
pipeline ARCO_87 still has reduced capacity: 0.0 due to Intrinsic Fault
Propagate Heavy Faults
Propagate Attacks
Inject Intrinsic Failure To Source
Inject Heavy Fault To Sources
Inject Attack Multiple To Source
Inject Intrinsic Fault To Pipeline
Inject Heavy Fault To Pipeline
Inject Attack To Pipeline
----------- Statistics ------------
	Sources Under Attack: 0
	Sources with Heavy Fault: 0
	Sources with Intrinsic Fault: 1
	Arcs with reduce capacity due to Attack: 0
	Arcs with reduce capacity due to Heavy Fault: 0
	Arcs with reduce capacity due to Intrinsic Fault: 7
	Arcs with Attacks: 0
	Arcs with Heavy Fault: 0
	Arcs with Intrinsic Fault: 0
--------- SOURCES STATISTICS ---------------
Demand del real Source[0]: -31.0, flusso erogato: 11.159999999999997, flusso entrante: 0.0, efficienza: 35.999999999999986 %
Demand del real Source[8]: -10.5, flusso erogato: 0.0, flusso entrante: 0.0, efficienza: 0.0 %
Demand del real Source[9]: -7.1, flusso erogato: 17.259999999999998, flusso entrante: 10.159999999999997, efficienza: 243.09859154929575 %
Demand del real Source[17]: -25.0, flusso erogato: 25.000000000000007, flusso entrante: 0.0, efficienza: 100.00000000000003 %
Flusso totale entrante nei Real Source: 10.159999999999997
Flusso totale uscente dai Real Source: 53.42
Flusso netto sui real Source: -43.260000000000005
--- SINKS STATISTICS ---
Sink 3 SODDISFATTO. Flusso netto: 3.429999999999999, Demand: 3.43, percentage: 99.99999999999997
Sink 4 SODDISFATTO. Flusso netto: 0.5700000000000003, Demand: 0.57, percentage: 100.00000000000007
Sink 5 SODDISFATTO. Flusso netto: 0.6599999999999993, Demand: 0.66, percentage: 99.99999999999987
Sink 11 SODDISFATTO. Flusso netto: 1.0300000000000011, Demand: 1.03, percentage: 100.00000000000011
Sink 15 SODDISFATTO. Flusso netto: 0.4600000000000044, Demand: 0.46, percentage: 100.00000000000095
Sink 16 SODDISFATTO. Flusso netto: 8.399999999999993, Demand: 8.4, percentage: 99.99999999999991
Sink 19 SODDISFATTO. Flusso netto: 0.5399999999999938, Demand: 0.54, percentage: 99.99999999999885
Sink 23 SODDISFATTO. Flusso netto: 0.5999999999999996, Demand: 0.6, percentage: 99.99999999999994
Sink 24 SODDISFATTO. Flusso netto: 0.8000000000000007, Demand: 0.8, percentage: 100.00000000000009
Sink 25 SODDISFATTO. Flusso netto: 3.5, Demand: 3.5, percentage: 100.0
Sink 26 SODDISFATTO. Flusso netto: 6.000000000000007, Demand: 6.0, percentage: 100.00000000000011
Sink 28 SODDISFATTO. Flusso netto: 0.4, Demand: 0.4, percentage: 100.0
Sink 30 SODDISFATTO. Flusso netto: 0.9799999999999933, Demand: 0.98, percentage: 99.99999999999932
Sink 31 SODDISFATTO. Flusso netto: 0.3999999999999999, Demand: 0.4, percentage: 99.99999999999997
Sink 32 SODDISFATTO. Flusso netto: 0.9999999999999989, Demand: 1.0, percentage: 99.99999999999989
Sink 34 SODDISFATTO. Flusso netto: 1.7400000000000002, Demand: 1.74, percentage: 100.00000000000003
Sink 35 SODDISFATTO. Flusso netto: 1.3, Demand: 1.3, percentage: 100.0
Sink 37 SODDISFATTO. Flusso netto: 1.0, Demand: 1.0, percentage: 100.0
Sink 39 SODDISFATTO. Flusso netto: 0.40000000000000036, Demand: 0.4, percentage: 100.00000000000009
Sink 40 SODDISFATTO. Flusso netto: 0.5, Demand: 0.5, percentage: 100.0
Sink 41 SODDISFATTO. Flusso netto: 1.0599999999999996, Demand: 1.06, percentage: 99.99999999999996
Sink 42 SODDISFATTO. Flusso netto: 2.820000000000001, Demand: 2.82, percentage: 100.00000000000004
Sink 45 SODDISFATTO. Flusso netto: 0.6800000000000002, Demand: 0.68, percentage: 100.00000000000003
Sink 46 SODDISFATTO. Flusso netto: 1.17, Demand: 1.17, percentage: 100.0
Sink 49 non è soddisfatto. Flusso netto: 3.8200000000000003, Demand: 7.0, percentage: 54.57142857142857
Flusso totale entrante nei SINK: 88.47
Flusso totale uscente nei SINK: 45.21000000000001
Flusso totale netto nei SINK: 43.25999999999999
Total DEMAND dei SINK: 46.44
Percentual di flusso ai SINK: 0.9315245478036174
Numero di Sink soddisfatti: 24.0, numero totale di sink: 25.0
Percentuale di Sink soddisfatti: 0.96

---------------------------------- DAY 150

Update Fixed Elements from Intrinsic Faults
Update Fixed Elements from Heavy Faults
Update Fixed Elements from Attack
Propagate Intrinsic Fault
Node NODO_10 has still failing due to Intrinsic Fault
pipeline ARCO_17 still has reduced capacity: 0.0 due to Intrinsic Fault
pipeline ARCO_88 still has reduced capacity: 0.0 due to Intrinsic Fault
pipeline ARCO_89 still has reduced capacity: 0.0 due to Intrinsic Fault
pipeline V_EDGE_53_8 still has reduced capacity: 0.0 due to Intrinsic Fault
pipeline ARCO_18 still has reduced capacity: 0.0 due to Intrinsic Fault
pipeline ARCO_19 still has reduced capacity: 0.0 due to Intrinsic Fault
pipeline ARCO_87 still has reduced capacity: 0.0 due to Intrinsic Fault
Propagate Heavy Faults
Propagate Attacks
Inject Intrinsic Failure To Source
Inject Heavy Fault To Sources
Inject Attack Multiple To Source
Inject Intrinsic Fault To Pipeline
Inject Heavy Fault To Pipeline
Inject Attack To Pipeline
----------- Statistics ------------
	Sources Under Attack: 0
	Sources with Heavy Fault: 0
	Sources with Intrinsic Fault: 1
	Arcs with reduce capacity due to Attack: 0
	Arcs with reduce capacity due to Heavy Fault: 0
	Arcs with reduce capacity due to Intrinsic Fault: 7
	Arcs with Attacks: 0
	Arcs with Heavy Fault: 0
	Arcs with Intrinsic Fault: 0
--------- SOURCES STATISTICS ---------------
Demand del real Source[0]: -31.0, flusso erogato: 11.159999999999997, flusso entrante: 0.0, efficienza: 35.999999999999986 %
Demand del real Source[8]: -10.5, flusso erogato: 0.0, flusso entrante: 0.0, efficienza: 0.0 %
Demand del real Source[9]: -7.1, flusso erogato: 17.259999999999998, flusso entrante: 10.159999999999997, efficienza: 243.09859154929575 %
Demand del real Source[17]: -25.0, flusso erogato: 25.000000000000007, flusso entrante: 0.0, efficienza: 100.00000000000003 %
Flusso totale entrante nei Real Source: 10.159999999999997
Flusso totale uscente dai Real Source: 53.42
Flusso netto sui real Source: -43.260000000000005
--- SINKS STATISTICS ---
Sink 3 SODDISFATTO. Flusso netto: 3.429999999999999, Demand: 3.43, percentage: 99.99999999999997
Sink 4 SODDISFATTO. Flusso netto: 0.5700000000000003, Demand: 0.57, percentage: 100.00000000000007
Sink 5 SODDISFATTO. Flusso netto: 0.6599999999999993, Demand: 0.66, percentage: 99.99999999999987
Sink 11 SODDISFATTO. Flusso netto: 1.0300000000000011, Demand: 1.03, percentage: 100.00000000000011
Sink 15 SODDISFATTO. Flusso netto: 0.4600000000000044, Demand: 0.46, percentage: 100.00000000000095
Sink 16 SODDISFATTO. Flusso netto: 8.399999999999993, Demand: 8.4, percentage: 99.99999999999991
Sink 19 SODDISFATTO. Flusso netto: 0.5399999999999938, Demand: 0.54, percentage: 99.99999999999885
Sink 23 SODDISFATTO. Flusso netto: 0.5999999999999996, Demand: 0.6, percentage: 99.99999999999994
Sink 24 SODDISFATTO. Flusso netto: 0.8000000000000007, Demand: 0.8, percentage: 100.00000000000009
Sink 25 SODDISFATTO. Flusso netto: 3.5, Demand: 3.5, percentage: 100.0
Sink 26 SODDISFATTO. Flusso netto: 6.000000000000007, Demand: 6.0, percentage: 100.00000000000011
Sink 28 SODDISFATTO. Flusso netto: 0.4, Demand: 0.4, percentage: 100.0
Sink 30 SODDISFATTO. Flusso netto: 0.9799999999999933, Demand: 0.98, percentage: 99.99999999999932
Sink 31 SODDISFATTO. Flusso netto: 0.3999999999999999, Demand: 0.4, percentage: 99.99999999999997
Sink 32 SODDISFATTO. Flusso netto: 0.9999999999999989, Demand: 1.0, percentage: 99.99999999999989
Sink 34 SODDISFATTO. Flusso netto: 1.7400000000000002, Demand: 1.74, percentage: 100.00000000000003
Sink 35 SODDISFATTO. Flusso netto: 1.3, Demand: 1.3, percentage: 100.0
Sink 37 SODDISFATTO. Flusso netto: 1.0, Demand: 1.0, percentage: 100.0
Sink 39 SODDISFATTO. Flusso netto: 0.40000000000000036, Demand: 0.4, percentage: 100.00000000000009
Sink 40 SODDISFATTO. Flusso netto: 0.5, Demand: 0.5, percentage: 100.0
Sink 41 SODDISFATTO. Flusso netto: 1.0599999999999996, Demand: 1.06, percentage: 99.99999999999996
Sink 42 SODDISFATTO. Flusso netto: 2.820000000000001, Demand: 2.82, percentage: 100.00000000000004
Sink 45 SODDISFATTO. Flusso netto: 0.6800000000000002, Demand: 0.68, percentage: 100.00000000000003
Sink 46 SODDISFATTO. Flusso netto: 1.17, Demand: 1.17, percentage: 100.0
Sink 49 non è soddisfatto. Flusso netto: 3.8200000000000003, Demand: 7.0, percentage: 54.57142857142857
Flusso totale entrante nei SINK: 88.47
Flusso totale uscente nei SINK: 45.21000000000001
Flusso totale netto nei SINK: 43.25999999999999
Total DEMAND dei SINK: 46.44
Percentual di flusso ai SINK: 0.9315245478036174
Numero di Sink soddisfatti: 24.0, numero totale di sink: 25.0
Percentuale di Sink soddisfatti: 0.96

---------------------------------- DAY 151

Update Fixed Elements from Intrinsic Faults
Update Fixed Elements from Heavy Faults
Update Fixed Elements from Attack
Propagate Intrinsic Fault
Node NODO_10 has still failing due to Intrinsic Fault
pipeline ARCO_17 still has reduced capacity: 0.0 due to Intrinsic Fault
pipeline ARCO_88 still has reduced capacity: 0.0 due to Intrinsic Fault
pipeline ARCO_89 still has reduced capacity: 0.0 due to Intrinsic Fault
pipeline V_EDGE_53_8 still has reduced capacity: 0.0 due to Intrinsic Fault
pipeline ARCO_18 still has reduced capacity: 0.0 due to Intrinsic Fault
pipeline ARCO_19 still has reduced capacity: 0.0 due to Intrinsic Fault
pipeline ARCO_87 still has reduced capacity: 0.0 due to Intrinsic Fault
Propagate Heavy Faults
Propagate Attacks
Inject Intrinsic Failure To Source
Inject Heavy Fault To Sources
Inject Attack Multiple To Source
Inject Intrinsic Fault To Pipeline
Inject Heavy Fault To Pipeline
Inject Attack To Pipeline
----------- Statistics ------------
	Sources Under Attack: 0
	Sources with Heavy Fault: 0
	Sources with Intrinsic Fault: 1
	Arcs with reduce capacity due to Attack: 0
	Arcs with reduce capacity due to Heavy Fault: 0
	Arcs with reduce capacity due to Intrinsic Fault: 7
	Arcs with Attacks: 0
	Arcs with Heavy Fault: 0
	Arcs with Intrinsic Fault: 0
--------- SOURCES STATISTICS ---------------
Demand del real Source[0]: -31.0, flusso erogato: 11.159999999999997, flusso entrante: 0.0, efficienza: 35.999999999999986 %
Demand del real Source[8]: -10.5, flusso erogato: 0.0, flusso entrante: 0.0, efficienza: 0.0 %
Demand del real Source[9]: -7.1, flusso erogato: 17.259999999999998, flusso entrante: 10.159999999999997, efficienza: 243.09859154929575 %
Demand del real Source[17]: -25.0, flusso erogato: 25.000000000000007, flusso entrante: 0.0, efficienza: 100.00000000000003 %
Flusso totale entrante nei Real Source: 10.159999999999997
Flusso totale uscente dai Real Source: 53.42
Flusso netto sui real Source: -43.260000000000005
--- SINKS STATISTICS ---
Sink 3 SODDISFATTO. Flusso netto: 3.429999999999999, Demand: 3.43, percentage: 99.99999999999997
Sink 4 SODDISFATTO. Flusso netto: 0.5700000000000003, Demand: 0.57, percentage: 100.00000000000007
Sink 5 SODDISFATTO. Flusso netto: 0.6599999999999993, Demand: 0.66, percentage: 99.99999999999987
Sink 11 SODDISFATTO. Flusso netto: 1.0300000000000011, Demand: 1.03, percentage: 100.00000000000011
Sink 15 SODDISFATTO. Flusso netto: 0.4600000000000044, Demand: 0.46, percentage: 100.00000000000095
Sink 16 SODDISFATTO. Flusso netto: 8.399999999999993, Demand: 8.4, percentage: 99.99999999999991
Sink 19 SODDISFATTO. Flusso netto: 0.5399999999999938, Demand: 0.54, percentage: 99.99999999999885
Sink 23 SODDISFATTO. Flusso netto: 0.5999999999999996, Demand: 0.6, percentage: 99.99999999999994
Sink 24 SODDISFATTO. Flusso netto: 0.8000000000000007, Demand: 0.8, percentage: 100.00000000000009
Sink 25 SODDISFATTO. Flusso netto: 3.5, Demand: 3.5, percentage: 100.0
Sink 26 SODDISFATTO. Flusso netto: 6.000000000000007, Demand: 6.0, percentage: 100.00000000000011
Sink 28 SODDISFATTO. Flusso netto: 0.4, Demand: 0.4, percentage: 100.0
Sink 30 SODDISFATTO. Flusso netto: 0.9799999999999933, Demand: 0.98, percentage: 99.99999999999932
Sink 31 SODDISFATTO. Flusso netto: 0.3999999999999999, Demand: 0.4, percentage: 99.99999999999997
Sink 32 SODDISFATTO. Flusso netto: 0.9999999999999989, Demand: 1.0, percentage: 99.99999999999989
Sink 34 SODDISFATTO. Flusso netto: 1.7400000000000002, Demand: 1.74, percentage: 100.00000000000003
Sink 35 SODDISFATTO. Flusso netto: 1.3, Demand: 1.3, percentage: 100.0
Sink 37 SODDISFATTO. Flusso netto: 1.0, Demand: 1.0, percentage: 100.0
Sink 39 SODDISFATTO. Flusso netto: 0.40000000000000036, Demand: 0.4, percentage: 100.00000000000009
Sink 40 SODDISFATTO. Flusso netto: 0.5, Demand: 0.5, percentage: 100.0
Sink 41 SODDISFATTO. Flusso netto: 1.0599999999999996, Demand: 1.06, percentage: 99.99999999999996
Sink 42 SODDISFATTO. Flusso netto: 2.820000000000001, Demand: 2.82, percentage: 100.00000000000004
Sink 45 SODDISFATTO. Flusso netto: 0.6800000000000002, Demand: 0.68, percentage: 100.00000000000003
Sink 46 SODDISFATTO. Flusso netto: 1.17, Demand: 1.17, percentage: 100.0
Sink 49 non è soddisfatto. Flusso netto: 3.8200000000000003, Demand: 7.0, percentage: 54.57142857142857
Flusso totale entrante nei SINK: 88.47
Flusso totale uscente nei SINK: 45.21000000000001
Flusso totale netto nei SINK: 43.25999999999999
Total DEMAND dei SINK: 46.44
Percentual di flusso ai SINK: 0.9315245478036174
Numero di Sink soddisfatti: 24.0, numero totale di sink: 25.0
Percentuale di Sink soddisfatti: 0.96

---------------------------------- DAY 152

Update Fixed Elements from Intrinsic Faults
Update Fixed Elements from Heavy Faults
Update Fixed Elements from Attack
Propagate Intrinsic Fault
Node NODO_10 has still failing due to Intrinsic Fault
pipeline ARCO_17 still has reduced capacity: 0.0 due to Intrinsic Fault
pipeline ARCO_88 still has reduced capacity: 0.0 due to Intrinsic Fault
pipeline ARCO_89 still has reduced capacity: 0.0 due to Intrinsic Fault
pipeline V_EDGE_53_8 still has reduced capacity: 0.0 due to Intrinsic Fault
pipeline ARCO_18 still has reduced capacity: 0.0 due to Intrinsic Fault
pipeline ARCO_19 still has reduced capacity: 0.0 due to Intrinsic Fault
pipeline ARCO_87 still has reduced capacity: 0.0 due to Intrinsic Fault
Propagate Heavy Faults
Propagate Attacks
Inject Intrinsic Failure To Source
Inject Heavy Fault To Sources
Inject Attack Multiple To Source
Inject Intrinsic Fault To Pipeline
Inject Heavy Fault To Pipeline
Inject Attack To Pipeline
----------- Statistics ------------
	Sources Under Attack: 0
	Sources with Heavy Fault: 0
	Sources with Intrinsic Fault: 1
	Arcs with reduce capacity due to Attack: 0
	Arcs with reduce capacity due to Heavy Fault: 0
	Arcs with reduce capacity due to Intrinsic Fault: 7
	Arcs with Attacks: 0
	Arcs with Heavy Fault: 0
	Arcs with Intrinsic Fault: 0
--------- SOURCES STATISTICS ---------------
Demand del real Source[0]: -31.0, flusso erogato: 11.159999999999997, flusso entrante: 0.0, efficienza: 35.999999999999986 %
Demand del real Source[8]: -10.5, flusso erogato: 0.0, flusso entrante: 0.0, efficienza: 0.0 %
Demand del real Source[9]: -7.1, flusso erogato: 17.259999999999998, flusso entrante: 10.159999999999997, efficienza: 243.09859154929575 %
Demand del real Source[17]: -25.0, flusso erogato: 25.000000000000007, flusso entrante: 0.0, efficienza: 100.00000000000003 %
Flusso totale entrante nei Real Source: 10.159999999999997
Flusso totale uscente dai Real Source: 53.42
Flusso netto sui real Source: -43.260000000000005
--- SINKS STATISTICS ---
Sink 3 SODDISFATTO. Flusso netto: 3.429999999999999, Demand: 3.43, percentage: 99.99999999999997
Sink 4 SODDISFATTO. Flusso netto: 0.5700000000000003, Demand: 0.57, percentage: 100.00000000000007
Sink 5 SODDISFATTO. Flusso netto: 0.6599999999999993, Demand: 0.66, percentage: 99.99999999999987
Sink 11 SODDISFATTO. Flusso netto: 1.0300000000000011, Demand: 1.03, percentage: 100.00000000000011
Sink 15 SODDISFATTO. Flusso netto: 0.4600000000000044, Demand: 0.46, percentage: 100.00000000000095
Sink 16 SODDISFATTO. Flusso netto: 8.399999999999993, Demand: 8.4, percentage: 99.99999999999991
Sink 19 SODDISFATTO. Flusso netto: 0.5399999999999938, Demand: 0.54, percentage: 99.99999999999885
Sink 23 SODDISFATTO. Flusso netto: 0.5999999999999996, Demand: 0.6, percentage: 99.99999999999994
Sink 24 SODDISFATTO. Flusso netto: 0.8000000000000007, Demand: 0.8, percentage: 100.00000000000009
Sink 25 SODDISFATTO. Flusso netto: 3.5, Demand: 3.5, percentage: 100.0
Sink 26 SODDISFATTO. Flusso netto: 6.000000000000007, Demand: 6.0, percentage: 100.00000000000011
Sink 28 SODDISFATTO. Flusso netto: 0.4, Demand: 0.4, percentage: 100.0
Sink 30 SODDISFATTO. Flusso netto: 0.9799999999999933, Demand: 0.98, percentage: 99.99999999999932
Sink 31 SODDISFATTO. Flusso netto: 0.3999999999999999, Demand: 0.4, percentage: 99.99999999999997
Sink 32 SODDISFATTO. Flusso netto: 0.9999999999999989, Demand: 1.0, percentage: 99.99999999999989
Sink 34 SODDISFATTO. Flusso netto: 1.7400000000000002, Demand: 1.74, percentage: 100.00000000000003
Sink 35 SODDISFATTO. Flusso netto: 1.3, Demand: 1.3, percentage: 100.0
Sink 37 SODDISFATTO. Flusso netto: 1.0, Demand: 1.0, percentage: 100.0
Sink 39 SODDISFATTO. Flusso netto: 0.40000000000000036, Demand: 0.4, percentage: 100.00000000000009
Sink 40 SODDISFATTO. Flusso netto: 0.5, Demand: 0.5, percentage: 100.0
Sink 41 SODDISFATTO. Flusso netto: 1.0599999999999996, Demand: 1.06, percentage: 99.99999999999996
Sink 42 SODDISFATTO. Flusso netto: 2.820000000000001, Demand: 2.82, percentage: 100.00000000000004
Sink 45 SODDISFATTO. Flusso netto: 0.6800000000000002, Demand: 0.68, percentage: 100.00000000000003
Sink 46 SODDISFATTO. Flusso netto: 1.17, Demand: 1.17, percentage: 100.0
Sink 49 non è soddisfatto. Flusso netto: 3.8200000000000003, Demand: 7.0, percentage: 54.57142857142857
Flusso totale entrante nei SINK: 88.47
Flusso totale uscente nei SINK: 45.21000000000001
Flusso totale netto nei SINK: 43.25999999999999
Total DEMAND dei SINK: 46.44
Percentual di flusso ai SINK: 0.9315245478036174
Numero di Sink soddisfatti: 24.0, numero totale di sink: 25.0
Percentuale di Sink soddisfatti: 0.96

---------------------------------- DAY 153

Update Fixed Elements from Intrinsic Faults
Source NODO_10 fixed from Intrinsic Fault
Pipeline ARCO_17 fixed due to Source NODO_10 fixing from Intrinsic Fault
Pipeline ARCO_88 fixed due to Source NODO_10 fixing from Intrinsic Fault
Pipeline ARCO_89 fixed due to Source NODO_10 fixing from Intrinsic Fault
Pipeline V_EDGE_53_8 fixed due to Source NODO_10 fixing from Intrinsic Fault
Pipeline ARCO_18 fixed due to Source NODO_10 fixing from Intrinsic Fault
Pipeline ARCO_19 fixed due to Source NODO_10 fixing from Intrinsic Fault
Pipeline ARCO_87 fixed due to Source NODO_10 fixing from Intrinsic Fault
Update Fixed Elements from Heavy Faults
Update Fixed Elements from Attack
Propagate Intrinsic Fault
Propagate Heavy Faults
Propagate Attacks
Inject Intrinsic Failure To Source
Inject Heavy Fault To Sources
Inject Attack Multiple To Source
Inject Intrinsic Fault To Pipeline
Inject Heavy Fault To Pipeline
Inject Attack To Pipeline
----------- Statistics ------------
	Sources Under Attack: 0
	Sources with Heavy Fault: 0
	Sources with Intrinsic Fault: 0
	Arcs with reduce capacity due to Attack: 0
	Arcs with reduce capacity due to Heavy Fault: 0
	Arcs with reduce capacity due to Intrinsic Fault: 0
	Arcs with Attacks: 0
	Arcs with Heavy Fault: 0
	Arcs with Intrinsic Fault: 0
--------- SOURCES STATISTICS ---------------
Demand del real Source[0]: -31.0, flusso erogato: 8.069999999999997, flusso entrante: 0.0, efficienza: 26.032258064516117 %
Demand del real Source[8]: -10.5, flusso erogato: 3.8600000000000003, flusso entrante: 0.0, efficienza: 36.76190476190476 %
Demand del real Source[9]: -7.1, flusso erogato: 14.169999999999996, flusso entrante: 7.070000000000007, efficienza: 199.57746478873236 %
Demand del real Source[17]: -25.0, flusso erogato: 25.000000000000007, flusso entrante: 0.0, efficienza: 100.00000000000003 %
Flusso totale entrante nei Real Source: 7.070000000000007
Flusso totale uscente dai Real Source: 51.1
Flusso netto sui real Source: -44.029999999999994
--- SINKS STATISTICS ---
Sink 3 SODDISFATTO. Flusso netto: 3.4299999999999997, Demand: 3.43, percentage: 99.99999999999999
Sink 4 SODDISFATTO. Flusso netto: 0.5700000000000003, Demand: 0.57, percentage: 100.00000000000007
Sink 5 SODDISFATTO. Flusso netto: 0.6600000000000019, Demand: 0.66, percentage: 100.00000000000028
Sink 11 SODDISFATTO. Flusso netto: 1.03, Demand: 1.03, percentage: 100.0
Sink 15 SODDISFATTO. Flusso netto: 0.4600000000000044, Demand: 0.46, percentage: 100.00000000000095
Sink 16 SODDISFATTO. Flusso netto: 8.399999999999993, Demand: 8.4, percentage: 99.99999999999991
Sink 19 SODDISFATTO. Flusso netto: 0.5399999999999938, Demand: 0.54, percentage: 99.99999999999885
Sink 23 SODDISFATTO. Flusso netto: 0.5999999999999996, Demand: 0.6, percentage: 99.99999999999994
Sink 24 SODDISFATTO. Flusso netto: 0.8000000000000007, Demand: 0.8, percentage: 100.00000000000009
Sink 25 SODDISFATTO. Flusso netto: 3.5, Demand: 3.5, percentage: 100.0
Sink 26 SODDISFATTO. Flusso netto: 6.000000000000007, Demand: 6.0, percentage: 100.00000000000011
Sink 28 SODDISFATTO. Flusso netto: 0.4, Demand: 0.4, percentage: 100.0
Sink 30 SODDISFATTO. Flusso netto: 0.9799999999999933, Demand: 0.98, percentage: 99.99999999999932
Sink 31 SODDISFATTO. Flusso netto: 0.3999999999999999, Demand: 0.4, percentage: 99.99999999999997
Sink 32 SODDISFATTO. Flusso netto: 0.9999999999999989, Demand: 1.0, percentage: 99.99999999999989
Sink 34 SODDISFATTO. Flusso netto: 1.7400000000000002, Demand: 1.74, percentage: 100.00000000000003
Sink 35 SODDISFATTO. Flusso netto: 1.3, Demand: 1.3, percentage: 100.0
Sink 37 SODDISFATTO. Flusso netto: 1.0, Demand: 1.0, percentage: 100.0
Sink 39 SODDISFATTO. Flusso netto: 0.40000000000000036, Demand: 0.4, percentage: 100.00000000000009
Sink 40 SODDISFATTO. Flusso netto: 0.5, Demand: 0.5, percentage: 100.0
Sink 41 SODDISFATTO. Flusso netto: 1.0600000000000005, Demand: 1.06, percentage: 100.00000000000004
Sink 42 SODDISFATTO. Flusso netto: 2.8200000000000007, Demand: 2.82, percentage: 100.00000000000003
Sink 45 SODDISFATTO. Flusso netto: 0.6800000000000002, Demand: 0.68, percentage: 100.00000000000003
Sink 46 SODDISFATTO. Flusso netto: 1.17, Demand: 1.17, percentage: 100.0
Sink 49 non è soddisfatto. Flusso netto: 4.59, Demand: 7.0, percentage: 65.57142857142857
Flusso totale entrante nei SINK: 86.46000000000001
Flusso totale uscente nei SINK: 42.430000000000014
Flusso totale netto nei SINK: 44.029999999999994
Total DEMAND dei SINK: 46.44
Percentual di flusso ai SINK: 0.9481050818260119
Numero di Sink soddisfatti: 24.0, numero totale di sink: 25.0
Percentuale di Sink soddisfatti: 0.96

---------------------------------- DAY 154

Update Fixed Elements from Intrinsic Faults
Update Fixed Elements from Heavy Faults
Update Fixed Elements from Attack
Propagate Intrinsic Fault
Propagate Heavy Faults
Propagate Attacks
Inject Intrinsic Failure To Source
Source NODO_10 is failing for an Intrinsic Fault in day: 154
pipeline ARCO_17 has reduced capacity due to NODO_10 Intrinsic fault
pipeline ARCO_88 has reduced capacity due to NODO_10 Intrinsic fault
pipeline ARCO_89 has reduced capacity due to NODO_10 Intrinsic fault
pipeline V_EDGE_53_8 has reduced capacity due to NODO_10 Intrinsic fault
pipeline ARCO_18 has reduced capacity due to NODO_10 Intrinsic fault
pipeline ARCO_19 has reduced capacity due to NODO_10 Intrinsic fault
pipeline ARCO_87 has reduced capacity due to NODO_10 Intrinsic fault
Inject Heavy Fault To Sources
Inject Attack Multiple To Source
Inject Intrinsic Fault To Pipeline
Inject Heavy Fault To Pipeline
Inject Attack To Pipeline
----------- Statistics ------------
	Sources Under Attack: 0
	Sources with Heavy Fault: 0
	Sources with Intrinsic Fault: 1
	Arcs with reduce capacity due to Attack: 0
	Arcs with reduce capacity due to Heavy Fault: 0
	Arcs with reduce capacity due to Intrinsic Fault: 7
	Arcs with Attacks: 0
	Arcs with Heavy Fault: 0
	Arcs with Intrinsic Fault: 0
--------- SOURCES STATISTICS ---------------
Demand del real Source[0]: -31.0, flusso erogato: 11.159999999999997, flusso entrante: 0.0, efficienza: 35.999999999999986 %
Demand del real Source[8]: -10.5, flusso erogato: 0.0, flusso entrante: 0.0, efficienza: 0.0 %
Demand del real Source[9]: -7.1, flusso erogato: 17.259999999999998, flusso entrante: 10.159999999999997, efficienza: 243.09859154929575 %
Demand del real Source[17]: -25.0, flusso erogato: 25.000000000000007, flusso entrante: 0.0, efficienza: 100.00000000000003 %
Flusso totale entrante nei Real Source: 10.159999999999997
Flusso totale uscente dai Real Source: 53.42
Flusso netto sui real Source: -43.260000000000005
--- SINKS STATISTICS ---
Sink 3 SODDISFATTO. Flusso netto: 3.429999999999999, Demand: 3.43, percentage: 99.99999999999997
Sink 4 SODDISFATTO. Flusso netto: 0.5700000000000003, Demand: 0.57, percentage: 100.00000000000007
Sink 5 SODDISFATTO. Flusso netto: 0.6599999999999993, Demand: 0.66, percentage: 99.99999999999987
Sink 11 SODDISFATTO. Flusso netto: 1.0300000000000011, Demand: 1.03, percentage: 100.00000000000011
Sink 15 SODDISFATTO. Flusso netto: 0.4600000000000044, Demand: 0.46, percentage: 100.00000000000095
Sink 16 SODDISFATTO. Flusso netto: 8.399999999999993, Demand: 8.4, percentage: 99.99999999999991
Sink 19 SODDISFATTO. Flusso netto: 0.5399999999999938, Demand: 0.54, percentage: 99.99999999999885
Sink 23 SODDISFATTO. Flusso netto: 0.5999999999999996, Demand: 0.6, percentage: 99.99999999999994
Sink 24 SODDISFATTO. Flusso netto: 0.8000000000000007, Demand: 0.8, percentage: 100.00000000000009
Sink 25 SODDISFATTO. Flusso netto: 3.5, Demand: 3.5, percentage: 100.0
Sink 26 SODDISFATTO. Flusso netto: 6.000000000000007, Demand: 6.0, percentage: 100.00000000000011
Sink 28 SODDISFATTO. Flusso netto: 0.4, Demand: 0.4, percentage: 100.0
Sink 30 SODDISFATTO. Flusso netto: 0.9799999999999933, Demand: 0.98, percentage: 99.99999999999932
Sink 31 SODDISFATTO. Flusso netto: 0.3999999999999999, Demand: 0.4, percentage: 99.99999999999997
Sink 32 SODDISFATTO. Flusso netto: 0.9999999999999989, Demand: 1.0, percentage: 99.99999999999989
Sink 34 SODDISFATTO. Flusso netto: 1.7400000000000002, Demand: 1.74, percentage: 100.00000000000003
Sink 35 SODDISFATTO. Flusso netto: 1.3, Demand: 1.3, percentage: 100.0
Sink 37 SODDISFATTO. Flusso netto: 1.0, Demand: 1.0, percentage: 100.0
Sink 39 SODDISFATTO. Flusso netto: 0.40000000000000036, Demand: 0.4, percentage: 100.00000000000009
Sink 40 SODDISFATTO. Flusso netto: 0.5, Demand: 0.5, percentage: 100.0
Sink 41 SODDISFATTO. Flusso netto: 1.0599999999999996, Demand: 1.06, percentage: 99.99999999999996
Sink 42 SODDISFATTO. Flusso netto: 2.820000000000001, Demand: 2.82, percentage: 100.00000000000004
Sink 45 SODDISFATTO. Flusso netto: 0.6800000000000002, Demand: 0.68, percentage: 100.00000000000003
Sink 46 SODDISFATTO. Flusso netto: 1.17, Demand: 1.17, percentage: 100.0
Sink 49 non è soddisfatto. Flusso netto: 3.8200000000000003, Demand: 7.0, percentage: 54.57142857142857
Flusso totale entrante nei SINK: 88.47
Flusso totale uscente nei SINK: 45.21000000000001
Flusso totale netto nei SINK: 43.25999999999999
Total DEMAND dei SINK: 46.44
Percentual di flusso ai SINK: 0.9315245478036174
Numero di Sink soddisfatti: 24.0, numero totale di sink: 25.0
Percentuale di Sink soddisfatti: 0.96

---------------------------------- DAY 155

Update Fixed Elements from Intrinsic Faults
Update Fixed Elements from Heavy Faults
Update Fixed Elements from Attack
Propagate Intrinsic Fault
Node NODO_10 has still failing due to Intrinsic Fault
pipeline ARCO_17 still has reduced capacity: 0.0 due to Intrinsic Fault
pipeline ARCO_88 still has reduced capacity: 0.0 due to Intrinsic Fault
pipeline ARCO_89 still has reduced capacity: 0.0 due to Intrinsic Fault
pipeline V_EDGE_53_8 still has reduced capacity: 0.0 due to Intrinsic Fault
pipeline ARCO_18 still has reduced capacity: 0.0 due to Intrinsic Fault
pipeline ARCO_19 still has reduced capacity: 0.0 due to Intrinsic Fault
pipeline ARCO_87 still has reduced capacity: 0.0 due to Intrinsic Fault
Propagate Heavy Faults
Propagate Attacks
Inject Intrinsic Failure To Source
Inject Heavy Fault To Sources
Inject Attack Multiple To Source
Inject Intrinsic Fault To Pipeline
Inject Heavy Fault To Pipeline
Inject Attack To Pipeline
----------- Statistics ------------
	Sources Under Attack: 0
	Sources with Heavy Fault: 0
	Sources with Intrinsic Fault: 1
	Arcs with reduce capacity due to Attack: 0
	Arcs with reduce capacity due to Heavy Fault: 0
	Arcs with reduce capacity due to Intrinsic Fault: 7
	Arcs with Attacks: 0
	Arcs with Heavy Fault: 0
	Arcs with Intrinsic Fault: 0
--------- SOURCES STATISTICS ---------------
Demand del real Source[0]: -31.0, flusso erogato: 11.159999999999997, flusso entrante: 0.0, efficienza: 35.999999999999986 %
Demand del real Source[8]: -10.5, flusso erogato: 0.0, flusso entrante: 0.0, efficienza: 0.0 %
Demand del real Source[9]: -7.1, flusso erogato: 17.259999999999998, flusso entrante: 10.159999999999997, efficienza: 243.09859154929575 %
Demand del real Source[17]: -25.0, flusso erogato: 25.000000000000007, flusso entrante: 0.0, efficienza: 100.00000000000003 %
Flusso totale entrante nei Real Source: 10.159999999999997
Flusso totale uscente dai Real Source: 53.42
Flusso netto sui real Source: -43.260000000000005
--- SINKS STATISTICS ---
Sink 3 SODDISFATTO. Flusso netto: 3.429999999999999, Demand: 3.43, percentage: 99.99999999999997
Sink 4 SODDISFATTO. Flusso netto: 0.5700000000000003, Demand: 0.57, percentage: 100.00000000000007
Sink 5 SODDISFATTO. Flusso netto: 0.6599999999999993, Demand: 0.66, percentage: 99.99999999999987
Sink 11 SODDISFATTO. Flusso netto: 1.0300000000000011, Demand: 1.03, percentage: 100.00000000000011
Sink 15 SODDISFATTO. Flusso netto: 0.4600000000000044, Demand: 0.46, percentage: 100.00000000000095
Sink 16 SODDISFATTO. Flusso netto: 8.399999999999993, Demand: 8.4, percentage: 99.99999999999991
Sink 19 SODDISFATTO. Flusso netto: 0.5399999999999938, Demand: 0.54, percentage: 99.99999999999885
Sink 23 SODDISFATTO. Flusso netto: 0.5999999999999996, Demand: 0.6, percentage: 99.99999999999994
Sink 24 SODDISFATTO. Flusso netto: 0.8000000000000007, Demand: 0.8, percentage: 100.00000000000009
Sink 25 SODDISFATTO. Flusso netto: 3.5, Demand: 3.5, percentage: 100.0
Sink 26 SODDISFATTO. Flusso netto: 6.000000000000007, Demand: 6.0, percentage: 100.00000000000011
Sink 28 SODDISFATTO. Flusso netto: 0.4, Demand: 0.4, percentage: 100.0
Sink 30 SODDISFATTO. Flusso netto: 0.9799999999999933, Demand: 0.98, percentage: 99.99999999999932
Sink 31 SODDISFATTO. Flusso netto: 0.3999999999999999, Demand: 0.4, percentage: 99.99999999999997
Sink 32 SODDISFATTO. Flusso netto: 0.9999999999999989, Demand: 1.0, percentage: 99.99999999999989
Sink 34 SODDISFATTO. Flusso netto: 1.7400000000000002, Demand: 1.74, percentage: 100.00000000000003
Sink 35 SODDISFATTO. Flusso netto: 1.3, Demand: 1.3, percentage: 100.0
Sink 37 SODDISFATTO. Flusso netto: 1.0, Demand: 1.0, percentage: 100.0
Sink 39 SODDISFATTO. Flusso netto: 0.40000000000000036, Demand: 0.4, percentage: 100.00000000000009
Sink 40 SODDISFATTO. Flusso netto: 0.5, Demand: 0.5, percentage: 100.0
Sink 41 SODDISFATTO. Flusso netto: 1.0599999999999996, Demand: 1.06, percentage: 99.99999999999996
Sink 42 SODDISFATTO. Flusso netto: 2.820000000000001, Demand: 2.82, percentage: 100.00000000000004
Sink 45 SODDISFATTO. Flusso netto: 0.6800000000000002, Demand: 0.68, percentage: 100.00000000000003
Sink 46 SODDISFATTO. Flusso netto: 1.17, Demand: 1.17, percentage: 100.0
Sink 49 non è soddisfatto. Flusso netto: 3.8200000000000003, Demand: 7.0, percentage: 54.57142857142857
Flusso totale entrante nei SINK: 88.47
Flusso totale uscente nei SINK: 45.21000000000001
Flusso totale netto nei SINK: 43.25999999999999
Total DEMAND dei SINK: 46.44
Percentual di flusso ai SINK: 0.9315245478036174
Numero di Sink soddisfatti: 24.0, numero totale di sink: 25.0
Percentuale di Sink soddisfatti: 0.96

---------------------------------- DAY 156

Update Fixed Elements from Intrinsic Faults
Update Fixed Elements from Heavy Faults
Update Fixed Elements from Attack
Propagate Intrinsic Fault
Node NODO_10 has still failing due to Intrinsic Fault
pipeline ARCO_17 still has reduced capacity: 0.0 due to Intrinsic Fault
pipeline ARCO_88 still has reduced capacity: 0.0 due to Intrinsic Fault
pipeline ARCO_89 still has reduced capacity: 0.0 due to Intrinsic Fault
pipeline V_EDGE_53_8 still has reduced capacity: 0.0 due to Intrinsic Fault
pipeline ARCO_18 still has reduced capacity: 0.0 due to Intrinsic Fault
pipeline ARCO_19 still has reduced capacity: 0.0 due to Intrinsic Fault
pipeline ARCO_87 still has reduced capacity: 0.0 due to Intrinsic Fault
Propagate Heavy Faults
Propagate Attacks
Inject Intrinsic Failure To Source
Source NODO_10 is failing for an Intrinsic Fault in day: 156
pipeline ARCO_17 has reduced capacity due to NODO_10 Intrinsic fault
pipeline ARCO_88 has reduced capacity due to NODO_10 Intrinsic fault
pipeline ARCO_89 has reduced capacity due to NODO_10 Intrinsic fault
pipeline V_EDGE_53_8 has reduced capacity due to NODO_10 Intrinsic fault
pipeline ARCO_18 has reduced capacity due to NODO_10 Intrinsic fault
pipeline ARCO_19 has reduced capacity due to NODO_10 Intrinsic fault
pipeline ARCO_87 has reduced capacity due to NODO_10 Intrinsic fault
Inject Heavy Fault To Sources
Inject Attack Multiple To Source
Inject Intrinsic Fault To Pipeline
Inject Heavy Fault To Pipeline
Inject Attack To Pipeline
----------- Statistics ------------
	Sources Under Attack: 0
	Sources with Heavy Fault: 0
	Sources with Intrinsic Fault: 1
	Arcs with reduce capacity due to Attack: 0
	Arcs with reduce capacity due to Heavy Fault: 0
	Arcs with reduce capacity due to Intrinsic Fault: 7
	Arcs with Attacks: 0
	Arcs with Heavy Fault: 0
	Arcs with Intrinsic Fault: 0
--------- SOURCES STATISTICS ---------------
Demand del real Source[0]: -31.0, flusso erogato: 11.159999999999997, flusso entrante: 0.0, efficienza: 35.999999999999986 %
Demand del real Source[8]: -10.5, flusso erogato: 0.0, flusso entrante: 0.0, efficienza: 0.0 %
Demand del real Source[9]: -7.1, flusso erogato: 17.259999999999998, flusso entrante: 10.159999999999997, efficienza: 243.09859154929575 %
Demand del real Source[17]: -25.0, flusso erogato: 25.000000000000007, flusso entrante: 0.0, efficienza: 100.00000000000003 %
Flusso totale entrante nei Real Source: 10.159999999999997
Flusso totale uscente dai Real Source: 53.42
Flusso netto sui real Source: -43.260000000000005
--- SINKS STATISTICS ---
Sink 3 SODDISFATTO. Flusso netto: 3.429999999999999, Demand: 3.43, percentage: 99.99999999999997
Sink 4 SODDISFATTO. Flusso netto: 0.5700000000000003, Demand: 0.57, percentage: 100.00000000000007
Sink 5 SODDISFATTO. Flusso netto: 0.6599999999999993, Demand: 0.66, percentage: 99.99999999999987
Sink 11 SODDISFATTO. Flusso netto: 1.0300000000000011, Demand: 1.03, percentage: 100.00000000000011
Sink 15 SODDISFATTO. Flusso netto: 0.4600000000000044, Demand: 0.46, percentage: 100.00000000000095
Sink 16 SODDISFATTO. Flusso netto: 8.399999999999993, Demand: 8.4, percentage: 99.99999999999991
Sink 19 SODDISFATTO. Flusso netto: 0.5399999999999938, Demand: 0.54, percentage: 99.99999999999885
Sink 23 SODDISFATTO. Flusso netto: 0.5999999999999996, Demand: 0.6, percentage: 99.99999999999994
Sink 24 SODDISFATTO. Flusso netto: 0.8000000000000007, Demand: 0.8, percentage: 100.00000000000009
Sink 25 SODDISFATTO. Flusso netto: 3.5, Demand: 3.5, percentage: 100.0
Sink 26 SODDISFATTO. Flusso netto: 6.000000000000007, Demand: 6.0, percentage: 100.00000000000011
Sink 28 SODDISFATTO. Flusso netto: 0.4, Demand: 0.4, percentage: 100.0
Sink 30 SODDISFATTO. Flusso netto: 0.9799999999999933, Demand: 0.98, percentage: 99.99999999999932
Sink 31 SODDISFATTO. Flusso netto: 0.3999999999999999, Demand: 0.4, percentage: 99.99999999999997
Sink 32 SODDISFATTO. Flusso netto: 0.9999999999999989, Demand: 1.0, percentage: 99.99999999999989
Sink 34 SODDISFATTO. Flusso netto: 1.7400000000000002, Demand: 1.74, percentage: 100.00000000000003
Sink 35 SODDISFATTO. Flusso netto: 1.3, Demand: 1.3, percentage: 100.0
Sink 37 SODDISFATTO. Flusso netto: 1.0, Demand: 1.0, percentage: 100.0
Sink 39 SODDISFATTO. Flusso netto: 0.40000000000000036, Demand: 0.4, percentage: 100.00000000000009
Sink 40 SODDISFATTO. Flusso netto: 0.5, Demand: 0.5, percentage: 100.0
Sink 41 SODDISFATTO. Flusso netto: 1.0599999999999996, Demand: 1.06, percentage: 99.99999999999996
Sink 42 SODDISFATTO. Flusso netto: 2.820000000000001, Demand: 2.82, percentage: 100.00000000000004
Sink 45 SODDISFATTO. Flusso netto: 0.6800000000000002, Demand: 0.68, percentage: 100.00000000000003
Sink 46 SODDISFATTO. Flusso netto: 1.17, Demand: 1.17, percentage: 100.0
Sink 49 non è soddisfatto. Flusso netto: 3.8200000000000003, Demand: 7.0, percentage: 54.57142857142857
Flusso totale entrante nei SINK: 88.47
Flusso totale uscente nei SINK: 45.21000000000001
Flusso totale netto nei SINK: 43.25999999999999
Total DEMAND dei SINK: 46.44
Percentual di flusso ai SINK: 0.9315245478036174
Numero di Sink soddisfatti: 24.0, numero totale di sink: 25.0
Percentuale di Sink soddisfatti: 0.96

---------------------------------- DAY 157

Update Fixed Elements from Intrinsic Faults
Update Fixed Elements from Heavy Faults
Update Fixed Elements from Attack
Propagate Intrinsic Fault
Node NODO_10 has still failing due to Intrinsic Fault
pipeline ARCO_17 still has reduced capacity: 0.0 due to Intrinsic Fault
pipeline ARCO_88 still has reduced capacity: 0.0 due to Intrinsic Fault
pipeline ARCO_89 still has reduced capacity: 0.0 due to Intrinsic Fault
pipeline V_EDGE_53_8 still has reduced capacity: 0.0 due to Intrinsic Fault
pipeline ARCO_18 still has reduced capacity: 0.0 due to Intrinsic Fault
pipeline ARCO_19 still has reduced capacity: 0.0 due to Intrinsic Fault
pipeline ARCO_87 still has reduced capacity: 0.0 due to Intrinsic Fault
Propagate Heavy Faults
Propagate Attacks
Inject Intrinsic Failure To Source
Inject Heavy Fault To Sources
Inject Attack Multiple To Source
Inject Intrinsic Fault To Pipeline
Inject Heavy Fault To Pipeline
Inject Attack To Pipeline
----------- Statistics ------------
	Sources Under Attack: 0
	Sources with Heavy Fault: 0
	Sources with Intrinsic Fault: 1
	Arcs with reduce capacity due to Attack: 0
	Arcs with reduce capacity due to Heavy Fault: 0
	Arcs with reduce capacity due to Intrinsic Fault: 7
	Arcs with Attacks: 0
	Arcs with Heavy Fault: 0
	Arcs with Intrinsic Fault: 0
--------- SOURCES STATISTICS ---------------
Demand del real Source[0]: -31.0, flusso erogato: 11.159999999999997, flusso entrante: 0.0, efficienza: 35.999999999999986 %
Demand del real Source[8]: -10.5, flusso erogato: 0.0, flusso entrante: 0.0, efficienza: 0.0 %
Demand del real Source[9]: -7.1, flusso erogato: 17.259999999999998, flusso entrante: 10.159999999999997, efficienza: 243.09859154929575 %
Demand del real Source[17]: -25.0, flusso erogato: 25.000000000000007, flusso entrante: 0.0, efficienza: 100.00000000000003 %
Flusso totale entrante nei Real Source: 10.159999999999997
Flusso totale uscente dai Real Source: 53.42
Flusso netto sui real Source: -43.260000000000005
--- SINKS STATISTICS ---
Sink 3 SODDISFATTO. Flusso netto: 3.429999999999999, Demand: 3.43, percentage: 99.99999999999997
Sink 4 SODDISFATTO. Flusso netto: 0.5700000000000003, Demand: 0.57, percentage: 100.00000000000007
Sink 5 SODDISFATTO. Flusso netto: 0.6599999999999993, Demand: 0.66, percentage: 99.99999999999987
Sink 11 SODDISFATTO. Flusso netto: 1.0300000000000011, Demand: 1.03, percentage: 100.00000000000011
Sink 15 SODDISFATTO. Flusso netto: 0.4600000000000044, Demand: 0.46, percentage: 100.00000000000095
Sink 16 SODDISFATTO. Flusso netto: 8.399999999999993, Demand: 8.4, percentage: 99.99999999999991
Sink 19 SODDISFATTO. Flusso netto: 0.5399999999999938, Demand: 0.54, percentage: 99.99999999999885
Sink 23 SODDISFATTO. Flusso netto: 0.5999999999999996, Demand: 0.6, percentage: 99.99999999999994
Sink 24 SODDISFATTO. Flusso netto: 0.8000000000000007, Demand: 0.8, percentage: 100.00000000000009
Sink 25 SODDISFATTO. Flusso netto: 3.5, Demand: 3.5, percentage: 100.0
Sink 26 SODDISFATTO. Flusso netto: 6.000000000000007, Demand: 6.0, percentage: 100.00000000000011
Sink 28 SODDISFATTO. Flusso netto: 0.4, Demand: 0.4, percentage: 100.0
Sink 30 SODDISFATTO. Flusso netto: 0.9799999999999933, Demand: 0.98, percentage: 99.99999999999932
Sink 31 SODDISFATTO. Flusso netto: 0.3999999999999999, Demand: 0.4, percentage: 99.99999999999997
Sink 32 SODDISFATTO. Flusso netto: 0.9999999999999989, Demand: 1.0, percentage: 99.99999999999989
Sink 34 SODDISFATTO. Flusso netto: 1.7400000000000002, Demand: 1.74, percentage: 100.00000000000003
Sink 35 SODDISFATTO. Flusso netto: 1.3, Demand: 1.3, percentage: 100.0
Sink 37 SODDISFATTO. Flusso netto: 1.0, Demand: 1.0, percentage: 100.0
Sink 39 SODDISFATTO. Flusso netto: 0.40000000000000036, Demand: 0.4, percentage: 100.00000000000009
Sink 40 SODDISFATTO. Flusso netto: 0.5, Demand: 0.5, percentage: 100.0
Sink 41 SODDISFATTO. Flusso netto: 1.0599999999999996, Demand: 1.06, percentage: 99.99999999999996
Sink 42 SODDISFATTO. Flusso netto: 2.820000000000001, Demand: 2.82, percentage: 100.00000000000004
Sink 45 SODDISFATTO. Flusso netto: 0.6800000000000002, Demand: 0.68, percentage: 100.00000000000003
Sink 46 SODDISFATTO. Flusso netto: 1.17, Demand: 1.17, percentage: 100.0
Sink 49 non è soddisfatto. Flusso netto: 3.8200000000000003, Demand: 7.0, percentage: 54.57142857142857
Flusso totale entrante nei SINK: 88.47
Flusso totale uscente nei SINK: 45.21000000000001
Flusso totale netto nei SINK: 43.25999999999999
Total DEMAND dei SINK: 46.44
Percentual di flusso ai SINK: 0.9315245478036174
Numero di Sink soddisfatti: 24.0, numero totale di sink: 25.0
Percentuale di Sink soddisfatti: 0.96

---------------------------------- DAY 158

Update Fixed Elements from Intrinsic Faults
Update Fixed Elements from Heavy Faults
Update Fixed Elements from Attack
Propagate Intrinsic Fault
Node NODO_10 has still failing due to Intrinsic Fault
pipeline ARCO_17 still has reduced capacity: 0.0 due to Intrinsic Fault
pipeline ARCO_88 still has reduced capacity: 0.0 due to Intrinsic Fault
pipeline ARCO_89 still has reduced capacity: 0.0 due to Intrinsic Fault
pipeline V_EDGE_53_8 still has reduced capacity: 0.0 due to Intrinsic Fault
pipeline ARCO_18 still has reduced capacity: 0.0 due to Intrinsic Fault
pipeline ARCO_19 still has reduced capacity: 0.0 due to Intrinsic Fault
pipeline ARCO_87 still has reduced capacity: 0.0 due to Intrinsic Fault
Propagate Heavy Faults
Propagate Attacks
Inject Intrinsic Failure To Source
Source NODO_19 is failing for an Intrinsic Fault in day: 158
pipeline ARCO_35 has reduced capacity due to NODO_19 Intrinsic fault
pipeline ARCO_109 has reduced capacity due to NODO_19 Intrinsic fault
pipeline ARCO_110 has reduced capacity due to NODO_19 Intrinsic fault
pipeline V_EDGE_53_17 has reduced capacity due to NODO_19 Intrinsic fault
pipeline ARCO_39 has reduced capacity due to NODO_19 Intrinsic fault
pipeline ARCO_40 has reduced capacity due to NODO_19 Intrinsic fault
pipeline ARCO_105 has reduced capacity due to NODO_19 Intrinsic fault
Inject Heavy Fault To Sources
Inject Attack Multiple To Source
Inject Intrinsic Fault To Pipeline
Inject Heavy Fault To Pipeline
Inject Attack To Pipeline
----------- Statistics ------------
	Sources Under Attack: 0
	Sources with Heavy Fault: 0
	Sources with Intrinsic Fault: 2
	Arcs with reduce capacity due to Attack: 0
	Arcs with reduce capacity due to Heavy Fault: 0
	Arcs with reduce capacity due to Intrinsic Fault: 14
	Arcs with Attacks: 0
	Arcs with Heavy Fault: 0
	Arcs with Intrinsic Fault: 0
--------- SOURCES STATISTICS ---------------
Demand del real Source[0]: -31.0, flusso erogato: 16.470000000000002, flusso entrante: 0.0, efficienza: 53.12903225806453 %
Demand del real Source[8]: -10.5, flusso erogato: 0.0, flusso entrante: 0.0, efficienza: 0.0 %
Demand del real Source[9]: -7.1, flusso erogato: 22.57, flusso entrante: 15.469999999999999, efficienza: 317.88732394366195 %
Demand del real Source[17]: -25.0, flusso erogato: 0.0, flusso entrante: 0.0, efficienza: 0.0 %
Flusso totale entrante nei Real Source: 15.469999999999999
Flusso totale uscente dai Real Source: 39.040000000000006
Flusso netto sui real Source: -23.570000000000007
--- SINKS STATISTICS ---
Sink 3 SODDISFATTO. Flusso netto: 3.429999999999999, Demand: 3.43, percentage: 99.99999999999997
Sink 4 SODDISFATTO. Flusso netto: 0.5700000000000003, Demand: 0.57, percentage: 100.00000000000007
Sink 5 SODDISFATTO. Flusso netto: 0.6599999999999993, Demand: 0.66, percentage: 99.99999999999987
Sink 11 SODDISFATTO. Flusso netto: 1.0300000000000011, Demand: 1.03, percentage: 100.00000000000011
Sink 15 SODDISFATTO. Flusso netto: 0.4599999999999991, Demand: 0.46, percentage: 99.9999999999998
Sink 16 non è soddisfatto. Flusso netto: 2.83, Demand: 8.4, percentage: 33.69047619047619
Sink 19 non è soddisfatto. Flusso netto: 0.0, Demand: 0.54, percentage: 0.0
Sink 23 non è soddisfatto. Flusso netto: 0.0, Demand: 0.6, percentage: 0.0
Sink 24 non è soddisfatto. Flusso netto: 0.0, Demand: 0.8, percentage: 0.0
Sink 25 non è soddisfatto. Flusso netto: 0.0, Demand: 3.5, percentage: 0.0
Sink 26 non è soddisfatto. Flusso netto: 0.0, Demand: 6.0, percentage: 0.0
Sink 28 non è soddisfatto. Flusso netto: 0.0, Demand: 0.4, percentage: 0.0
Sink 30 non è soddisfatto. Flusso netto: 0.0, Demand: 0.98, percentage: 0.0
Sink 31 non è soddisfatto. Flusso netto: 0.0, Demand: 0.4, percentage: 0.0
Sink 32 SODDISFATTO. Flusso netto: 1.0000000000000009, Demand: 1.0, percentage: 100.00000000000009
Sink 34 SODDISFATTO. Flusso netto: 1.7400000000000002, Demand: 1.74, percentage: 100.00000000000003
Sink 35 SODDISFATTO. Flusso netto: 1.3, Demand: 1.3, percentage: 100.0
Sink 37 SODDISFATTO. Flusso netto: 1.0, Demand: 1.0, percentage: 100.0
Sink 39 non è soddisfatto. Flusso netto: 0.0, Demand: 0.4, percentage: 0.0
Sink 40 non è soddisfatto. Flusso netto: 0.0, Demand: 0.5, percentage: 0.0
Sink 41 SODDISFATTO. Flusso netto: 1.0600000000000005, Demand: 1.06, percentage: 100.00000000000004
Sink 42 SODDISFATTO. Flusso netto: 2.820000000000001, Demand: 2.82, percentage: 100.00000000000004
Sink 45 SODDISFATTO. Flusso netto: 0.6800000000000002, Demand: 0.68, percentage: 100.00000000000003
Sink 46 SODDISFATTO. Flusso netto: 1.17, Demand: 1.17, percentage: 100.0
Sink 49 non è soddisfatto. Flusso netto: 3.8200000000000003, Demand: 7.0, percentage: 54.57142857142857
Flusso totale entrante nei SINK: 49.58000000000001
Flusso totale uscente nei SINK: 26.01
Flusso totale netto nei SINK: 23.57000000000001
Total DEMAND dei SINK: 46.44
Percentual di flusso ai SINK: 0.5075366063738159
Numero di Sink soddisfatti: 13.0, numero totale di sink: 25.0
Percentuale di Sink soddisfatti: 0.52

---------------------------------- DAY 159

Update Fixed Elements from Intrinsic Faults
Source NODO_10 fixed from Intrinsic Fault
Pipeline ARCO_17 fixed due to Source NODO_10 fixing from Intrinsic Fault
Pipeline ARCO_88 fixed due to Source NODO_10 fixing from Intrinsic Fault
Pipeline ARCO_89 fixed due to Source NODO_10 fixing from Intrinsic Fault
Pipeline V_EDGE_53_8 fixed due to Source NODO_10 fixing from Intrinsic Fault
Pipeline ARCO_18 fixed due to Source NODO_10 fixing from Intrinsic Fault
Pipeline ARCO_19 fixed due to Source NODO_10 fixing from Intrinsic Fault
Pipeline ARCO_87 fixed due to Source NODO_10 fixing from Intrinsic Fault
Update Fixed Elements from Heavy Faults
Update Fixed Elements from Attack
Propagate Intrinsic Fault
Node NODO_19 has still failing due to Intrinsic Fault
pipeline ARCO_35 still has reduced capacity: 0.0 due to Intrinsic Fault
pipeline ARCO_109 still has reduced capacity: 0.0 due to Intrinsic Fault
pipeline ARCO_110 still has reduced capacity: 0.0 due to Intrinsic Fault
pipeline V_EDGE_53_17 still has reduced capacity: 0.0 due to Intrinsic Fault
pipeline ARCO_39 still has reduced capacity: 0.0 due to Intrinsic Fault
pipeline ARCO_40 still has reduced capacity: 0.0 due to Intrinsic Fault
pipeline ARCO_105 still has reduced capacity: 0.0 due to Intrinsic Fault
Propagate Heavy Faults
Propagate Attacks
Inject Intrinsic Failure To Source
Inject Heavy Fault To Sources
Inject Attack Multiple To Source
Inject Intrinsic Fault To Pipeline
Inject Heavy Fault To Pipeline
Inject Attack To Pipeline
----------- Statistics ------------
	Sources Under Attack: 0
	Sources with Heavy Fault: 0
	Sources with Intrinsic Fault: 1
	Arcs with reduce capacity due to Attack: 0
	Arcs with reduce capacity due to Heavy Fault: 0
	Arcs with reduce capacity due to Intrinsic Fault: 7
	Arcs with Attacks: 0
	Arcs with Heavy Fault: 0
	Arcs with Intrinsic Fault: 0
--------- SOURCES STATISTICS ---------------
Demand del real Source[0]: -31.0, flusso erogato: 9.79, flusso entrante: 0.0, efficienza: 31.58064516129032 %
Demand del real Source[8]: -10.5, flusso erogato: 7.45, flusso entrante: 0.0, efficienza: 70.95238095238095 %
Demand del real Source[9]: -7.1, flusso erogato: 15.889999999999999, flusso entrante: 8.790000000000006, efficienza: 223.80281690140845 %
Demand del real Source[17]: -25.0, flusso erogato: 0.0, flusso entrante: 0.0, efficienza: 0.0 %
Flusso totale entrante nei Real Source: 8.790000000000006
Flusso totale uscente dai Real Source: 33.13
Flusso netto sui real Source: -24.339999999999996
--- SINKS STATISTICS ---
Sink 3 SODDISFATTO. Flusso netto: 3.4299999999999997, Demand: 3.43, percentage: 99.99999999999999
Sink 4 SODDISFATTO. Flusso netto: 0.5700000000000003, Demand: 0.57, percentage: 100.00000000000007
Sink 5 SODDISFATTO. Flusso netto: 0.6600000000000019, Demand: 0.66, percentage: 100.00000000000028
Sink 11 SODDISFATTO. Flusso netto: 1.0299999999999978, Demand: 1.03, percentage: 99.99999999999979
Sink 15 SODDISFATTO. Flusso netto: 0.46000000000000263, Demand: 0.46, percentage: 100.00000000000058
Sink 16 non è soddisfatto. Flusso netto: 2.83, Demand: 8.4, percentage: 33.69047619047619
Sink 19 non è soddisfatto. Flusso netto: 0.0, Demand: 0.54, percentage: 0.0
Sink 23 non è soddisfatto. Flusso netto: 0.0, Demand: 0.6, percentage: 0.0
Sink 24 non è soddisfatto. Flusso netto: 0.0, Demand: 0.8, percentage: 0.0
Sink 25 non è soddisfatto. Flusso netto: 0.0, Demand: 3.5, percentage: 0.0
Sink 26 non è soddisfatto. Flusso netto: 0.0, Demand: 6.0, percentage: 0.0
Sink 28 non è soddisfatto. Flusso netto: 0.0, Demand: 0.4, percentage: 0.0
Sink 30 non è soddisfatto. Flusso netto: 0.0, Demand: 0.98, percentage: 0.0
Sink 31 non è soddisfatto. Flusso netto: 0.0, Demand: 0.4, percentage: 0.0
Sink 32 SODDISFATTO. Flusso netto: 1.0, Demand: 1.0, percentage: 100.0
Sink 34 SODDISFATTO. Flusso netto: 1.7400000000000002, Demand: 1.74, percentage: 100.00000000000003
Sink 35 SODDISFATTO. Flusso netto: 1.3, Demand: 1.3, percentage: 100.0
Sink 37 SODDISFATTO. Flusso netto: 1.0, Demand: 1.0, percentage: 100.0
Sink 39 non è soddisfatto. Flusso netto: 0.0, Demand: 0.4, percentage: 0.0
Sink 40 non è soddisfatto. Flusso netto: 0.0, Demand: 0.5, percentage: 0.0
Sink 41 SODDISFATTO. Flusso netto: 1.0600000000000005, Demand: 1.06, percentage: 100.00000000000004
Sink 42 SODDISFATTO. Flusso netto: 2.8200000000000007, Demand: 2.82, percentage: 100.00000000000003
Sink 45 SODDISFATTO. Flusso netto: 0.6800000000000002, Demand: 0.68, percentage: 100.00000000000003
Sink 46 SODDISFATTO. Flusso netto: 1.17, Demand: 1.17, percentage: 100.0
Sink 49 non è soddisfatto. Flusso netto: 4.59, Demand: 7.0, percentage: 65.57142857142857
Flusso totale entrante nei SINK: 43.980000000000004
Flusso totale uscente nei SINK: 19.639999999999997
Flusso totale netto nei SINK: 24.340000000000007
Total DEMAND dei SINK: 46.44
Percentual di flusso ai SINK: 0.5241171403962104
Numero di Sink soddisfatti: 13.0, numero totale di sink: 25.0
Percentuale di Sink soddisfatti: 0.52

---------------------------------- DAY 160

Update Fixed Elements from Intrinsic Faults
Update Fixed Elements from Heavy Faults
Update Fixed Elements from Attack
Propagate Intrinsic Fault
Node NODO_19 has still failing due to Intrinsic Fault
pipeline ARCO_35 still has reduced capacity: 0.0 due to Intrinsic Fault
pipeline ARCO_109 still has reduced capacity: 0.0 due to Intrinsic Fault
pipeline ARCO_110 still has reduced capacity: 0.0 due to Intrinsic Fault
pipeline V_EDGE_53_17 still has reduced capacity: 0.0 due to Intrinsic Fault
pipeline ARCO_39 still has reduced capacity: 0.0 due to Intrinsic Fault
pipeline ARCO_40 still has reduced capacity: 0.0 due to Intrinsic Fault
pipeline ARCO_105 still has reduced capacity: 0.0 due to Intrinsic Fault
Propagate Heavy Faults
Propagate Attacks
Inject Intrinsic Failure To Source
Source NODO_11 is failing for an Intrinsic Fault in day: 160
pipeline ARCO_3 has reduced capacity due to NODO_11 Intrinsic fault
pipeline ARCO_90 has reduced capacity due to NODO_11 Intrinsic fault
pipeline ARCO_91 has reduced capacity due to NODO_11 Intrinsic fault
pipeline ARCO_92 has reduced capacity due to NODO_11 Intrinsic fault
pipeline V_EDGE_53_9 has reduced capacity due to NODO_11 Intrinsic fault
pipeline ARCO_20 has reduced capacity due to NODO_11 Intrinsic fault
pipeline ARCO_21 has reduced capacity due to NODO_11 Intrinsic fault
pipeline ARCO_22 has reduced capacity due to NODO_11 Intrinsic fault
pipeline ARCO_73 has reduced capacity due to NODO_11 Intrinsic fault
Inject Heavy Fault To Sources
Inject Attack Multiple To Source
Inject Intrinsic Fault To Pipeline
Inject Heavy Fault To Pipeline
Inject Attack To Pipeline
----------- Statistics ------------
	Sources Under Attack: 0
	Sources with Heavy Fault: 0
	Sources with Intrinsic Fault: 2
	Arcs with reduce capacity due to Attack: 0
	Arcs with reduce capacity due to Heavy Fault: 0
	Arcs with reduce capacity due to Intrinsic Fault: 16
	Arcs with Attacks: 0
	Arcs with Heavy Fault: 0
	Arcs with Intrinsic Fault: 0
--------- SOURCES STATISTICS ---------------
Demand del real Source[0]: -31.0, flusso erogato: 10.049999999999997, flusso entrante: 0.0, efficienza: 32.419354838709666 %
Demand del real Source[8]: -10.5, flusso erogato: 7.85, flusso entrante: 0.0, efficienza: 74.76190476190476 %
Demand del real Source[9]: -7.1, flusso erogato: 14.729999999999999, flusso entrante: 9.050000000000004, efficienza: 207.46478873239437 %
Demand del real Source[17]: -25.0, flusso erogato: 0.0, flusso entrante: 0.0, efficienza: 0.0 %
Flusso totale entrante nei Real Source: 9.050000000000004
Flusso totale uscente dai Real Source: 32.63
Flusso netto sui real Source: -23.58
--- SINKS STATISTICS ---
Sink 3 SODDISFATTO. Flusso netto: 3.4299999999999997, Demand: 3.43, percentage: 99.99999999999999
Sink 4 SODDISFATTO. Flusso netto: 0.5700000000000003, Demand: 0.57, percentage: 100.00000000000007
Sink 5 SODDISFATTO. Flusso netto: 0.6600000000000001, Demand: 0.66, percentage: 100.00000000000003
Sink 11 SODDISFATTO. Flusso netto: 1.0299999999999978, Demand: 1.03, percentage: 99.99999999999979
Sink 15 SODDISFATTO. Flusso netto: 0.46000000000000263, Demand: 0.46, percentage: 100.00000000000058
Sink 16 non è soddisfatto. Flusso netto: 2.83, Demand: 8.4, percentage: 33.69047619047619
Sink 19 non è soddisfatto. Flusso netto: 0.0, Demand: 0.54, percentage: 0.0
Sink 23 non è soddisfatto. Flusso netto: 0.0, Demand: 0.6, percentage: 0.0
Sink 24 non è soddisfatto. Flusso netto: 0.0, Demand: 0.8, percentage: 0.0
Sink 25 non è soddisfatto. Flusso netto: 0.0, Demand: 3.5, percentage: 0.0
Sink 26 non è soddisfatto. Flusso netto: 0.0, Demand: 6.0, percentage: 0.0
Sink 28 non è soddisfatto. Flusso netto: 0.0, Demand: 0.4, percentage: 0.0
Sink 30 non è soddisfatto. Flusso netto: 0.0, Demand: 0.98, percentage: 0.0
Sink 31 non è soddisfatto. Flusso netto: 0.0, Demand: 0.4, percentage: 0.0
Sink 32 SODDISFATTO. Flusso netto: 1.0000000000000009, Demand: 1.0, percentage: 100.00000000000009
Sink 34 SODDISFATTO. Flusso netto: 1.7400000000000002, Demand: 1.74, percentage: 100.00000000000003
Sink 35 SODDISFATTO. Flusso netto: 1.3, Demand: 1.3, percentage: 100.0
Sink 37 SODDISFATTO. Flusso netto: 1.0, Demand: 1.0, percentage: 100.0
Sink 39 non è soddisfatto. Flusso netto: 0.0, Demand: 0.4, percentage: 0.0
Sink 40 non è soddisfatto. Flusso netto: 0.0, Demand: 0.5, percentage: 0.0
Sink 41 SODDISFATTO. Flusso netto: 1.0600000000000005, Demand: 1.06, percentage: 100.00000000000004
Sink 42 SODDISFATTO. Flusso netto: 2.819999999999999, Demand: 2.82, percentage: 99.99999999999997
Sink 45 SODDISFATTO. Flusso netto: 0.6800000000000002, Demand: 0.68, percentage: 100.00000000000003
Sink 46 SODDISFATTO. Flusso netto: 1.17, Demand: 1.17, percentage: 100.0
Sink 49 non è soddisfatto. Flusso netto: 3.83, Demand: 7.0, percentage: 54.714285714285715
Flusso totale entrante nei SINK: 42.402
Flusso totale uscente nei SINK: 18.822000000000003
Flusso totale netto nei SINK: 23.58
Total DEMAND dei SINK: 46.44
Percentual di flusso ai SINK: 0.5077519379844961
Numero di Sink soddisfatti: 13.0, numero totale di sink: 25.0
Percentuale di Sink soddisfatti: 0.52

---------------------------------- DAY 161

Update Fixed Elements from Intrinsic Faults
Update Fixed Elements from Heavy Faults
Update Fixed Elements from Attack
Propagate Intrinsic Fault
Node NODO_19 has still failing due to Intrinsic Fault
Node NODO_11 has still failing due to Intrinsic Fault
pipeline ARCO_35 still has reduced capacity: 0.0 due to Intrinsic Fault
pipeline ARCO_109 still has reduced capacity: 0.0 due to Intrinsic Fault
pipeline ARCO_110 still has reduced capacity: 0.0 due to Intrinsic Fault
pipeline V_EDGE_53_17 still has reduced capacity: 0.0 due to Intrinsic Fault
pipeline ARCO_39 still has reduced capacity: 0.0 due to Intrinsic Fault
pipeline ARCO_40 still has reduced capacity: 0.0 due to Intrinsic Fault
pipeline ARCO_105 still has reduced capacity: 0.0 due to Intrinsic Fault
pipeline ARCO_3 still has reduced capacity: 9.688 due to Intrinsic Fault
pipeline ARCO_90 still has reduced capacity: 1.6 due to Intrinsic Fault
pipeline ARCO_91 still has reduced capacity: 9.688 due to Intrinsic Fault
pipeline ARCO_92 still has reduced capacity: 39.328 due to Intrinsic Fault
pipeline V_EDGE_53_9 still has reduced capacity: 5.68 due to Intrinsic Fault
pipeline ARCO_20 still has reduced capacity: 1.6 due to Intrinsic Fault
pipeline ARCO_21 still has reduced capacity: 9.688 due to Intrinsic Fault
pipeline ARCO_22 still has reduced capacity: 39.328 due to Intrinsic Fault
pipeline ARCO_73 still has reduced capacity: 9.688 due to Intrinsic Fault
Propagate Heavy Faults
Propagate Attacks
Inject Intrinsic Failure To Source
Inject Heavy Fault To Sources
Inject Attack Multiple To Source
Inject Intrinsic Fault To Pipeline
Inject Heavy Fault To Pipeline
Inject Attack To Pipeline
----------- Statistics ------------
	Sources Under Attack: 0
	Sources with Heavy Fault: 0
	Sources with Intrinsic Fault: 2
	Arcs with reduce capacity due to Attack: 0
	Arcs with reduce capacity due to Heavy Fault: 0
	Arcs with reduce capacity due to Intrinsic Fault: 16
	Arcs with Attacks: 0
	Arcs with Heavy Fault: 0
	Arcs with Intrinsic Fault: 0
--------- SOURCES STATISTICS ---------------
Demand del real Source[0]: -31.0, flusso erogato: 10.049999999999997, flusso entrante: 0.0, efficienza: 32.419354838709666 %
Demand del real Source[8]: -10.5, flusso erogato: 7.85, flusso entrante: 0.0, efficienza: 74.76190476190476 %
Demand del real Source[9]: -7.1, flusso erogato: 14.729999999999999, flusso entrante: 9.050000000000004, efficienza: 207.46478873239437 %
Demand del real Source[17]: -25.0, flusso erogato: 0.0, flusso entrante: 0.0, efficienza: 0.0 %
Flusso totale entrante nei Real Source: 9.050000000000004
Flusso totale uscente dai Real Source: 32.63
Flusso netto sui real Source: -23.58
--- SINKS STATISTICS ---
Sink 3 SODDISFATTO. Flusso netto: 3.4299999999999997, Demand: 3.43, percentage: 99.99999999999999
Sink 4 SODDISFATTO. Flusso netto: 0.5700000000000003, Demand: 0.57, percentage: 100.00000000000007
Sink 5 SODDISFATTO. Flusso netto: 0.6600000000000001, Demand: 0.66, percentage: 100.00000000000003
Sink 11 SODDISFATTO. Flusso netto: 1.0299999999999978, Demand: 1.03, percentage: 99.99999999999979
Sink 15 SODDISFATTO. Flusso netto: 0.46000000000000263, Demand: 0.46, percentage: 100.00000000000058
Sink 16 non è soddisfatto. Flusso netto: 2.83, Demand: 8.4, percentage: 33.69047619047619
Sink 19 non è soddisfatto. Flusso netto: 0.0, Demand: 0.54, percentage: 0.0
Sink 23 non è soddisfatto. Flusso netto: 0.0, Demand: 0.6, percentage: 0.0
Sink 24 non è soddisfatto. Flusso netto: 0.0, Demand: 0.8, percentage: 0.0
Sink 25 non è soddisfatto. Flusso netto: 0.0, Demand: 3.5, percentage: 0.0
Sink 26 non è soddisfatto. Flusso netto: 0.0, Demand: 6.0, percentage: 0.0
Sink 28 non è soddisfatto. Flusso netto: 0.0, Demand: 0.4, percentage: 0.0
Sink 30 non è soddisfatto. Flusso netto: 0.0, Demand: 0.98, percentage: 0.0
Sink 31 non è soddisfatto. Flusso netto: 0.0, Demand: 0.4, percentage: 0.0
Sink 32 SODDISFATTO. Flusso netto: 1.0000000000000009, Demand: 1.0, percentage: 100.00000000000009
Sink 34 SODDISFATTO. Flusso netto: 1.7400000000000002, Demand: 1.74, percentage: 100.00000000000003
Sink 35 SODDISFATTO. Flusso netto: 1.3, Demand: 1.3, percentage: 100.0
Sink 37 SODDISFATTO. Flusso netto: 1.0, Demand: 1.0, percentage: 100.0
Sink 39 non è soddisfatto. Flusso netto: 0.0, Demand: 0.4, percentage: 0.0
Sink 40 non è soddisfatto. Flusso netto: 0.0, Demand: 0.5, percentage: 0.0
Sink 41 SODDISFATTO. Flusso netto: 1.0600000000000005, Demand: 1.06, percentage: 100.00000000000004
Sink 42 SODDISFATTO. Flusso netto: 2.819999999999999, Demand: 2.82, percentage: 99.99999999999997
Sink 45 SODDISFATTO. Flusso netto: 0.6800000000000002, Demand: 0.68, percentage: 100.00000000000003
Sink 46 SODDISFATTO. Flusso netto: 1.17, Demand: 1.17, percentage: 100.0
Sink 49 non è soddisfatto. Flusso netto: 3.83, Demand: 7.0, percentage: 54.714285714285715
Flusso totale entrante nei SINK: 42.402
Flusso totale uscente nei SINK: 18.822000000000003
Flusso totale netto nei SINK: 23.58
Total DEMAND dei SINK: 46.44
Percentual di flusso ai SINK: 0.5077519379844961
Numero di Sink soddisfatti: 13.0, numero totale di sink: 25.0
Percentuale di Sink soddisfatti: 0.52

---------------------------------- DAY 162

Update Fixed Elements from Intrinsic Faults
Source NODO_19 fixed from Intrinsic Fault
Pipeline ARCO_35 fixed due to Source NODO_19 fixing from Intrinsic Fault
Pipeline ARCO_109 fixed due to Source NODO_19 fixing from Intrinsic Fault
Pipeline ARCO_110 fixed due to Source NODO_19 fixing from Intrinsic Fault
Pipeline V_EDGE_53_17 fixed due to Source NODO_19 fixing from Intrinsic Fault
Pipeline ARCO_39 fixed due to Source NODO_19 fixing from Intrinsic Fault
Pipeline ARCO_40 fixed due to Source NODO_19 fixing from Intrinsic Fault
Pipeline ARCO_105 fixed due to Source NODO_19 fixing from Intrinsic Fault
Update Fixed Elements from Heavy Faults
Update Fixed Elements from Attack
Propagate Intrinsic Fault
Node NODO_11 has still failing due to Intrinsic Fault
pipeline ARCO_3 still has reduced capacity: 9.688 due to Intrinsic Fault
pipeline ARCO_90 still has reduced capacity: 1.6 due to Intrinsic Fault
pipeline ARCO_91 still has reduced capacity: 9.688 due to Intrinsic Fault
pipeline ARCO_92 still has reduced capacity: 39.328 due to Intrinsic Fault
pipeline V_EDGE_53_9 still has reduced capacity: 5.68 due to Intrinsic Fault
pipeline ARCO_20 still has reduced capacity: 1.6 due to Intrinsic Fault
pipeline ARCO_21 still has reduced capacity: 9.688 due to Intrinsic Fault
pipeline ARCO_22 still has reduced capacity: 39.328 due to Intrinsic Fault
pipeline ARCO_73 still has reduced capacity: 9.688 due to Intrinsic Fault
Propagate Heavy Faults
Propagate Attacks
Inject Intrinsic Failure To Source
Inject Heavy Fault To Sources
Inject Attack Multiple To Source
Inject Intrinsic Fault To Pipeline
Inject Heavy Fault To Pipeline
Inject Attack To Pipeline
----------- Statistics ------------
	Sources Under Attack: 0
	Sources with Heavy Fault: 0
	Sources with Intrinsic Fault: 1
	Arcs with reduce capacity due to Attack: 0
	Arcs with reduce capacity due to Heavy Fault: 0
	Arcs with reduce capacity due to Intrinsic Fault: 9
	Arcs with Attacks: 0
	Arcs with Heavy Fault: 0
	Arcs with Intrinsic Fault: 0
--------- SOURCES STATISTICS ---------------
Demand del real Source[0]: -31.0, flusso erogato: 8.729999999999993, flusso entrante: 0.0, efficienza: 28.161290322580623 %
Demand del real Source[8]: -10.5, flusso erogato: 3.8600000000000003, flusso entrante: 0.0, efficienza: 36.76190476190476 %
Demand del real Source[9]: -7.1, flusso erogato: 13.409999999999997, flusso entrante: 7.73, efficienza: 188.87323943661968 %
Demand del real Source[17]: -25.0, flusso erogato: 25.000000000000007, flusso entrante: 0.0, efficienza: 100.00000000000003 %
Flusso totale entrante nei Real Source: 7.73
Flusso totale uscente dai Real Source: 51.0
Flusso netto sui real Source: -43.269999999999996
--- SINKS STATISTICS ---
Sink 3 SODDISFATTO. Flusso netto: 3.4299999999999997, Demand: 3.43, percentage: 99.99999999999999
Sink 4 SODDISFATTO. Flusso netto: 0.5700000000000003, Demand: 0.57, percentage: 100.00000000000007
Sink 5 SODDISFATTO. Flusso netto: 0.6600000000000001, Demand: 0.66, percentage: 100.00000000000003
Sink 11 SODDISFATTO. Flusso netto: 1.03, Demand: 1.03, percentage: 100.0
Sink 15 SODDISFATTO. Flusso netto: 0.4600000000000044, Demand: 0.46, percentage: 100.00000000000095
Sink 16 SODDISFATTO. Flusso netto: 8.399999999999993, Demand: 8.4, percentage: 99.99999999999991
Sink 19 SODDISFATTO. Flusso netto: 0.5399999999999938, Demand: 0.54, percentage: 99.99999999999885
Sink 23 SODDISFATTO. Flusso netto: 0.5999999999999996, Demand: 0.6, percentage: 99.99999999999994
Sink 24 SODDISFATTO. Flusso netto: 0.8000000000000007, Demand: 0.8, percentage: 100.00000000000009
Sink 25 SODDISFATTO. Flusso netto: 3.5, Demand: 3.5, percentage: 100.0
Sink 26 SODDISFATTO. Flusso netto: 6.000000000000007, Demand: 6.0, percentage: 100.00000000000011
Sink 28 SODDISFATTO. Flusso netto: 0.4, Demand: 0.4, percentage: 100.0
Sink 30 SODDISFATTO. Flusso netto: 0.9799999999999933, Demand: 0.98, percentage: 99.99999999999932
Sink 31 SODDISFATTO. Flusso netto: 0.3999999999999999, Demand: 0.4, percentage: 99.99999999999997
Sink 32 SODDISFATTO. Flusso netto: 0.9999999999999989, Demand: 1.0, percentage: 99.99999999999989
Sink 34 SODDISFATTO. Flusso netto: 1.7400000000000002, Demand: 1.74, percentage: 100.00000000000003
Sink 35 SODDISFATTO. Flusso netto: 1.3, Demand: 1.3, percentage: 100.0
Sink 37 SODDISFATTO. Flusso netto: 1.0, Demand: 1.0, percentage: 100.0
Sink 39 SODDISFATTO. Flusso netto: 0.40000000000000036, Demand: 0.4, percentage: 100.00000000000009
Sink 40 SODDISFATTO. Flusso netto: 0.5, Demand: 0.5, percentage: 100.0
Sink 41 SODDISFATTO. Flusso netto: 1.0600000000000005, Demand: 1.06, percentage: 100.00000000000004
Sink 42 SODDISFATTO. Flusso netto: 2.819999999999999, Demand: 2.82, percentage: 99.99999999999997
Sink 45 SODDISFATTO. Flusso netto: 0.6800000000000002, Demand: 0.68, percentage: 100.00000000000003
Sink 46 SODDISFATTO. Flusso netto: 1.17, Demand: 1.17, percentage: 100.0
Sink 49 non è soddisfatto. Flusso netto: 3.83, Demand: 7.0, percentage: 54.714285714285715
Flusso totale entrante nei SINK: 85.282
Flusso totale uscente nei SINK: 42.01200000000001
Flusso totale netto nei SINK: 43.26999999999999
Total DEMAND dei SINK: 46.44
Percentual di flusso ai SINK: 0.9317398794142978
Numero di Sink soddisfatti: 24.0, numero totale di sink: 25.0
Percentuale di Sink soddisfatti: 0.96

---------------------------------- DAY 163

Update Fixed Elements from Intrinsic Faults
Source NODO_11 fixed from Intrinsic Fault
Pipeline ARCO_3 fixed due to Source NODO_11 fixing from Intrinsic Fault
Pipeline ARCO_90 fixed due to Source NODO_11 fixing from Intrinsic Fault
Pipeline ARCO_91 fixed due to Source NODO_11 fixing from Intrinsic Fault
Pipeline ARCO_92 fixed due to Source NODO_11 fixing from Intrinsic Fault
Pipeline V_EDGE_53_9 fixed due to Source NODO_11 fixing from Intrinsic Fault
Pipeline ARCO_20 fixed due to Source NODO_11 fixing from Intrinsic Fault
Pipeline ARCO_21 fixed due to Source NODO_11 fixing from Intrinsic Fault
Pipeline ARCO_22 fixed due to Source NODO_11 fixing from Intrinsic Fault
Pipeline ARCO_73 fixed due to Source NODO_11 fixing from Intrinsic Fault
Update Fixed Elements from Heavy Faults
Update Fixed Elements from Attack
Propagate Intrinsic Fault
Propagate Heavy Faults
Propagate Attacks
Inject Intrinsic Failure To Source
Inject Heavy Fault To Sources
Inject Attack Multiple To Source
Inject Intrinsic Fault To Pipeline
Inject Heavy Fault To Pipeline
Inject Attack To Pipeline
----------- Statistics ------------
	Sources Under Attack: 0
	Sources with Heavy Fault: 0
	Sources with Intrinsic Fault: 0
	Arcs with reduce capacity due to Attack: 0
	Arcs with reduce capacity due to Heavy Fault: 0
	Arcs with reduce capacity due to Intrinsic Fault: 0
	Arcs with Attacks: 0
	Arcs with Heavy Fault: 0
	Arcs with Intrinsic Fault: 0
--------- SOURCES STATISTICS ---------------
Demand del real Source[0]: -31.0, flusso erogato: 8.069999999999997, flusso entrante: 0.0, efficienza: 26.032258064516117 %
Demand del real Source[8]: -10.5, flusso erogato: 3.8600000000000003, flusso entrante: 0.0, efficienza: 36.76190476190476 %
Demand del real Source[9]: -7.1, flusso erogato: 14.169999999999996, flusso entrante: 7.070000000000007, efficienza: 199.57746478873236 %
Demand del real Source[17]: -25.0, flusso erogato: 25.000000000000007, flusso entrante: 0.0, efficienza: 100.00000000000003 %
Flusso totale entrante nei Real Source: 7.070000000000007
Flusso totale uscente dai Real Source: 51.1
Flusso netto sui real Source: -44.029999999999994
--- SINKS STATISTICS ---
Sink 3 SODDISFATTO. Flusso netto: 3.4299999999999997, Demand: 3.43, percentage: 99.99999999999999
Sink 4 SODDISFATTO. Flusso netto: 0.5700000000000003, Demand: 0.57, percentage: 100.00000000000007
Sink 5 SODDISFATTO. Flusso netto: 0.6600000000000019, Demand: 0.66, percentage: 100.00000000000028
Sink 11 SODDISFATTO. Flusso netto: 1.03, Demand: 1.03, percentage: 100.0
Sink 15 SODDISFATTO. Flusso netto: 0.4600000000000044, Demand: 0.46, percentage: 100.00000000000095
Sink 16 SODDISFATTO. Flusso netto: 8.399999999999993, Demand: 8.4, percentage: 99.99999999999991
Sink 19 SODDISFATTO. Flusso netto: 0.5399999999999938, Demand: 0.54, percentage: 99.99999999999885
Sink 23 SODDISFATTO. Flusso netto: 0.5999999999999996, Demand: 0.6, percentage: 99.99999999999994
Sink 24 SODDISFATTO. Flusso netto: 0.8000000000000007, Demand: 0.8, percentage: 100.00000000000009
Sink 25 SODDISFATTO. Flusso netto: 3.5, Demand: 3.5, percentage: 100.0
Sink 26 SODDISFATTO. Flusso netto: 6.000000000000007, Demand: 6.0, percentage: 100.00000000000011
Sink 28 SODDISFATTO. Flusso netto: 0.4, Demand: 0.4, percentage: 100.0
Sink 30 SODDISFATTO. Flusso netto: 0.9799999999999933, Demand: 0.98, percentage: 99.99999999999932
Sink 31 SODDISFATTO. Flusso netto: 0.3999999999999999, Demand: 0.4, percentage: 99.99999999999997
Sink 32 SODDISFATTO. Flusso netto: 0.9999999999999989, Demand: 1.0, percentage: 99.99999999999989
Sink 34 SODDISFATTO. Flusso netto: 1.7400000000000002, Demand: 1.74, percentage: 100.00000000000003
Sink 35 SODDISFATTO. Flusso netto: 1.3, Demand: 1.3, percentage: 100.0
Sink 37 SODDISFATTO. Flusso netto: 1.0, Demand: 1.0, percentage: 100.0
Sink 39 SODDISFATTO. Flusso netto: 0.40000000000000036, Demand: 0.4, percentage: 100.00000000000009
Sink 40 SODDISFATTO. Flusso netto: 0.5, Demand: 0.5, percentage: 100.0
Sink 41 SODDISFATTO. Flusso netto: 1.0600000000000005, Demand: 1.06, percentage: 100.00000000000004
Sink 42 SODDISFATTO. Flusso netto: 2.8200000000000007, Demand: 2.82, percentage: 100.00000000000003
Sink 45 SODDISFATTO. Flusso netto: 0.6800000000000002, Demand: 0.68, percentage: 100.00000000000003
Sink 46 SODDISFATTO. Flusso netto: 1.17, Demand: 1.17, percentage: 100.0
Sink 49 non è soddisfatto. Flusso netto: 4.59, Demand: 7.0, percentage: 65.57142857142857
Flusso totale entrante nei SINK: 86.46000000000001
Flusso totale uscente nei SINK: 42.430000000000014
Flusso totale netto nei SINK: 44.029999999999994
Total DEMAND dei SINK: 46.44
Percentual di flusso ai SINK: 0.9481050818260119
Numero di Sink soddisfatti: 24.0, numero totale di sink: 25.0
Percentuale di Sink soddisfatti: 0.96

---------------------------------- DAY 164

Update Fixed Elements from Intrinsic Faults
Update Fixed Elements from Heavy Faults
Update Fixed Elements from Attack
Propagate Intrinsic Fault
Propagate Heavy Faults
Propagate Attacks
Inject Intrinsic Failure To Source
Inject Heavy Fault To Sources
Inject Attack Multiple To Source
Inject Intrinsic Fault To Pipeline
Inject Heavy Fault To Pipeline
Inject Attack To Pipeline
----------- Statistics ------------
	Sources Under Attack: 0
	Sources with Heavy Fault: 0
	Sources with Intrinsic Fault: 0
	Arcs with reduce capacity due to Attack: 0
	Arcs with reduce capacity due to Heavy Fault: 0
	Arcs with reduce capacity due to Intrinsic Fault: 0
	Arcs with Attacks: 0
	Arcs with Heavy Fault: 0
	Arcs with Intrinsic Fault: 0
--------- SOURCES STATISTICS ---------------
Demand del real Source[0]: -31.0, flusso erogato: 8.069999999999997, flusso entrante: 0.0, efficienza: 26.032258064516117 %
Demand del real Source[8]: -10.5, flusso erogato: 3.8600000000000003, flusso entrante: 0.0, efficienza: 36.76190476190476 %
Demand del real Source[9]: -7.1, flusso erogato: 14.169999999999996, flusso entrante: 7.070000000000007, efficienza: 199.57746478873236 %
Demand del real Source[17]: -25.0, flusso erogato: 25.000000000000007, flusso entrante: 0.0, efficienza: 100.00000000000003 %
Flusso totale entrante nei Real Source: 7.070000000000007
Flusso totale uscente dai Real Source: 51.1
Flusso netto sui real Source: -44.029999999999994
--- SINKS STATISTICS ---
Sink 3 SODDISFATTO. Flusso netto: 3.4299999999999997, Demand: 3.43, percentage: 99.99999999999999
Sink 4 SODDISFATTO. Flusso netto: 0.5700000000000003, Demand: 0.57, percentage: 100.00000000000007
Sink 5 SODDISFATTO. Flusso netto: 0.6600000000000019, Demand: 0.66, percentage: 100.00000000000028
Sink 11 SODDISFATTO. Flusso netto: 1.03, Demand: 1.03, percentage: 100.0
Sink 15 SODDISFATTO. Flusso netto: 0.4600000000000044, Demand: 0.46, percentage: 100.00000000000095
Sink 16 SODDISFATTO. Flusso netto: 8.399999999999993, Demand: 8.4, percentage: 99.99999999999991
Sink 19 SODDISFATTO. Flusso netto: 0.5399999999999938, Demand: 0.54, percentage: 99.99999999999885
Sink 23 SODDISFATTO. Flusso netto: 0.5999999999999996, Demand: 0.6, percentage: 99.99999999999994
Sink 24 SODDISFATTO. Flusso netto: 0.8000000000000007, Demand: 0.8, percentage: 100.00000000000009
Sink 25 SODDISFATTO. Flusso netto: 3.5, Demand: 3.5, percentage: 100.0
Sink 26 SODDISFATTO. Flusso netto: 6.000000000000007, Demand: 6.0, percentage: 100.00000000000011
Sink 28 SODDISFATTO. Flusso netto: 0.4, Demand: 0.4, percentage: 100.0
Sink 30 SODDISFATTO. Flusso netto: 0.9799999999999933, Demand: 0.98, percentage: 99.99999999999932
Sink 31 SODDISFATTO. Flusso netto: 0.3999999999999999, Demand: 0.4, percentage: 99.99999999999997
Sink 32 SODDISFATTO. Flusso netto: 0.9999999999999989, Demand: 1.0, percentage: 99.99999999999989
Sink 34 SODDISFATTO. Flusso netto: 1.7400000000000002, Demand: 1.74, percentage: 100.00000000000003
Sink 35 SODDISFATTO. Flusso netto: 1.3, Demand: 1.3, percentage: 100.0
Sink 37 SODDISFATTO. Flusso netto: 1.0, Demand: 1.0, percentage: 100.0
Sink 39 SODDISFATTO. Flusso netto: 0.40000000000000036, Demand: 0.4, percentage: 100.00000000000009
Sink 40 SODDISFATTO. Flusso netto: 0.5, Demand: 0.5, percentage: 100.0
Sink 41 SODDISFATTO. Flusso netto: 1.0600000000000005, Demand: 1.06, percentage: 100.00000000000004
Sink 42 SODDISFATTO. Flusso netto: 2.8200000000000007, Demand: 2.82, percentage: 100.00000000000003
Sink 45 SODDISFATTO. Flusso netto: 0.6800000000000002, Demand: 0.68, percentage: 100.00000000000003
Sink 46 SODDISFATTO. Flusso netto: 1.17, Demand: 1.17, percentage: 100.0
Sink 49 non è soddisfatto. Flusso netto: 4.59, Demand: 7.0, percentage: 65.57142857142857
Flusso totale entrante nei SINK: 86.46000000000001
Flusso totale uscente nei SINK: 42.430000000000014
Flusso totale netto nei SINK: 44.029999999999994
Total DEMAND dei SINK: 46.44
Percentual di flusso ai SINK: 0.9481050818260119
Numero di Sink soddisfatti: 24.0, numero totale di sink: 25.0
Percentuale di Sink soddisfatti: 0.96

---------------------------------- DAY 165

Update Fixed Elements from Intrinsic Faults
Update Fixed Elements from Heavy Faults
Update Fixed Elements from Attack
Propagate Intrinsic Fault
Propagate Heavy Faults
Propagate Attacks
Inject Intrinsic Failure To Source
Inject Heavy Fault To Sources
Inject Attack Multiple To Source
Inject Intrinsic Fault To Pipeline
Inject Heavy Fault To Pipeline
Inject Attack To Pipeline
----------- Statistics ------------
	Sources Under Attack: 0
	Sources with Heavy Fault: 0
	Sources with Intrinsic Fault: 0
	Arcs with reduce capacity due to Attack: 0
	Arcs with reduce capacity due to Heavy Fault: 0
	Arcs with reduce capacity due to Intrinsic Fault: 0
	Arcs with Attacks: 0
	Arcs with Heavy Fault: 0
	Arcs with Intrinsic Fault: 0
--------- SOURCES STATISTICS ---------------
Demand del real Source[0]: -31.0, flusso erogato: 8.069999999999997, flusso entrante: 0.0, efficienza: 26.032258064516117 %
Demand del real Source[8]: -10.5, flusso erogato: 3.8600000000000003, flusso entrante: 0.0, efficienza: 36.76190476190476 %
Demand del real Source[9]: -7.1, flusso erogato: 14.169999999999996, flusso entrante: 7.070000000000007, efficienza: 199.57746478873236 %
Demand del real Source[17]: -25.0, flusso erogato: 25.000000000000007, flusso entrante: 0.0, efficienza: 100.00000000000003 %
Flusso totale entrante nei Real Source: 7.070000000000007
Flusso totale uscente dai Real Source: 51.1
Flusso netto sui real Source: -44.029999999999994
--- SINKS STATISTICS ---
Sink 3 SODDISFATTO. Flusso netto: 3.4299999999999997, Demand: 3.43, percentage: 99.99999999999999
Sink 4 SODDISFATTO. Flusso netto: 0.5700000000000003, Demand: 0.57, percentage: 100.00000000000007
Sink 5 SODDISFATTO. Flusso netto: 0.6600000000000019, Demand: 0.66, percentage: 100.00000000000028
Sink 11 SODDISFATTO. Flusso netto: 1.03, Demand: 1.03, percentage: 100.0
Sink 15 SODDISFATTO. Flusso netto: 0.4600000000000044, Demand: 0.46, percentage: 100.00000000000095
Sink 16 SODDISFATTO. Flusso netto: 8.399999999999993, Demand: 8.4, percentage: 99.99999999999991
Sink 19 SODDISFATTO. Flusso netto: 0.5399999999999938, Demand: 0.54, percentage: 99.99999999999885
Sink 23 SODDISFATTO. Flusso netto: 0.5999999999999996, Demand: 0.6, percentage: 99.99999999999994
Sink 24 SODDISFATTO. Flusso netto: 0.8000000000000007, Demand: 0.8, percentage: 100.00000000000009
Sink 25 SODDISFATTO. Flusso netto: 3.5, Demand: 3.5, percentage: 100.0
Sink 26 SODDISFATTO. Flusso netto: 6.000000000000007, Demand: 6.0, percentage: 100.00000000000011
Sink 28 SODDISFATTO. Flusso netto: 0.4, Demand: 0.4, percentage: 100.0
Sink 30 SODDISFATTO. Flusso netto: 0.9799999999999933, Demand: 0.98, percentage: 99.99999999999932
Sink 31 SODDISFATTO. Flusso netto: 0.3999999999999999, Demand: 0.4, percentage: 99.99999999999997
Sink 32 SODDISFATTO. Flusso netto: 0.9999999999999989, Demand: 1.0, percentage: 99.99999999999989
Sink 34 SODDISFATTO. Flusso netto: 1.7400000000000002, Demand: 1.74, percentage: 100.00000000000003
Sink 35 SODDISFATTO. Flusso netto: 1.3, Demand: 1.3, percentage: 100.0
Sink 37 SODDISFATTO. Flusso netto: 1.0, Demand: 1.0, percentage: 100.0
Sink 39 SODDISFATTO. Flusso netto: 0.40000000000000036, Demand: 0.4, percentage: 100.00000000000009
Sink 40 SODDISFATTO. Flusso netto: 0.5, Demand: 0.5, percentage: 100.0
Sink 41 SODDISFATTO. Flusso netto: 1.0600000000000005, Demand: 1.06, percentage: 100.00000000000004
Sink 42 SODDISFATTO. Flusso netto: 2.8200000000000007, Demand: 2.82, percentage: 100.00000000000003
Sink 45 SODDISFATTO. Flusso netto: 0.6800000000000002, Demand: 0.68, percentage: 100.00000000000003
Sink 46 SODDISFATTO. Flusso netto: 1.17, Demand: 1.17, percentage: 100.0
Sink 49 non è soddisfatto. Flusso netto: 4.59, Demand: 7.0, percentage: 65.57142857142857
Flusso totale entrante nei SINK: 86.46000000000001
Flusso totale uscente nei SINK: 42.430000000000014
Flusso totale netto nei SINK: 44.029999999999994
Total DEMAND dei SINK: 46.44
Percentual di flusso ai SINK: 0.9481050818260119
Numero di Sink soddisfatti: 24.0, numero totale di sink: 25.0
Percentuale di Sink soddisfatti: 0.96

---------------------------------- DAY 166

Update Fixed Elements from Intrinsic Faults
Update Fixed Elements from Heavy Faults
Update Fixed Elements from Attack
Propagate Intrinsic Fault
Propagate Heavy Faults
Propagate Attacks
Inject Intrinsic Failure To Source
Inject Heavy Fault To Sources
Inject Attack Multiple To Source
Inject Intrinsic Fault To Pipeline
Inject Heavy Fault To Pipeline
Inject Attack To Pipeline
----------- Statistics ------------
	Sources Under Attack: 0
	Sources with Heavy Fault: 0
	Sources with Intrinsic Fault: 0
	Arcs with reduce capacity due to Attack: 0
	Arcs with reduce capacity due to Heavy Fault: 0
	Arcs with reduce capacity due to Intrinsic Fault: 0
	Arcs with Attacks: 0
	Arcs with Heavy Fault: 0
	Arcs with Intrinsic Fault: 0
--------- SOURCES STATISTICS ---------------
Demand del real Source[0]: -31.0, flusso erogato: 8.069999999999997, flusso entrante: 0.0, efficienza: 26.032258064516117 %
Demand del real Source[8]: -10.5, flusso erogato: 3.8600000000000003, flusso entrante: 0.0, efficienza: 36.76190476190476 %
Demand del real Source[9]: -7.1, flusso erogato: 14.169999999999996, flusso entrante: 7.070000000000007, efficienza: 199.57746478873236 %
Demand del real Source[17]: -25.0, flusso erogato: 25.000000000000007, flusso entrante: 0.0, efficienza: 100.00000000000003 %
Flusso totale entrante nei Real Source: 7.070000000000007
Flusso totale uscente dai Real Source: 51.1
Flusso netto sui real Source: -44.029999999999994
--- SINKS STATISTICS ---
Sink 3 SODDISFATTO. Flusso netto: 3.4299999999999997, Demand: 3.43, percentage: 99.99999999999999
Sink 4 SODDISFATTO. Flusso netto: 0.5700000000000003, Demand: 0.57, percentage: 100.00000000000007
Sink 5 SODDISFATTO. Flusso netto: 0.6600000000000019, Demand: 0.66, percentage: 100.00000000000028
Sink 11 SODDISFATTO. Flusso netto: 1.03, Demand: 1.03, percentage: 100.0
Sink 15 SODDISFATTO. Flusso netto: 0.4600000000000044, Demand: 0.46, percentage: 100.00000000000095
Sink 16 SODDISFATTO. Flusso netto: 8.399999999999993, Demand: 8.4, percentage: 99.99999999999991
Sink 19 SODDISFATTO. Flusso netto: 0.5399999999999938, Demand: 0.54, percentage: 99.99999999999885
Sink 23 SODDISFATTO. Flusso netto: 0.5999999999999996, Demand: 0.6, percentage: 99.99999999999994
Sink 24 SODDISFATTO. Flusso netto: 0.8000000000000007, Demand: 0.8, percentage: 100.00000000000009
Sink 25 SODDISFATTO. Flusso netto: 3.5, Demand: 3.5, percentage: 100.0
Sink 26 SODDISFATTO. Flusso netto: 6.000000000000007, Demand: 6.0, percentage: 100.00000000000011
Sink 28 SODDISFATTO. Flusso netto: 0.4, Demand: 0.4, percentage: 100.0
Sink 30 SODDISFATTO. Flusso netto: 0.9799999999999933, Demand: 0.98, percentage: 99.99999999999932
Sink 31 SODDISFATTO. Flusso netto: 0.3999999999999999, Demand: 0.4, percentage: 99.99999999999997
Sink 32 SODDISFATTO. Flusso netto: 0.9999999999999989, Demand: 1.0, percentage: 99.99999999999989
Sink 34 SODDISFATTO. Flusso netto: 1.7400000000000002, Demand: 1.74, percentage: 100.00000000000003
Sink 35 SODDISFATTO. Flusso netto: 1.3, Demand: 1.3, percentage: 100.0
Sink 37 SODDISFATTO. Flusso netto: 1.0, Demand: 1.0, percentage: 100.0
Sink 39 SODDISFATTO. Flusso netto: 0.40000000000000036, Demand: 0.4, percentage: 100.00000000000009
Sink 40 SODDISFATTO. Flusso netto: 0.5, Demand: 0.5, percentage: 100.0
Sink 41 SODDISFATTO. Flusso netto: 1.0600000000000005, Demand: 1.06, percentage: 100.00000000000004
Sink 42 SODDISFATTO. Flusso netto: 2.8200000000000007, Demand: 2.82, percentage: 100.00000000000003
Sink 45 SODDISFATTO. Flusso netto: 0.6800000000000002, Demand: 0.68, percentage: 100.00000000000003
Sink 46 SODDISFATTO. Flusso netto: 1.17, Demand: 1.17, percentage: 100.0
Sink 49 non è soddisfatto. Flusso netto: 4.59, Demand: 7.0, percentage: 65.57142857142857
Flusso totale entrante nei SINK: 86.46000000000001
Flusso totale uscente nei SINK: 42.430000000000014
Flusso totale netto nei SINK: 44.029999999999994
Total DEMAND dei SINK: 46.44
Percentual di flusso ai SINK: 0.9481050818260119
Numero di Sink soddisfatti: 24.0, numero totale di sink: 25.0
Percentuale di Sink soddisfatti: 0.96

---------------------------------- DAY 167

Update Fixed Elements from Intrinsic Faults
Update Fixed Elements from Heavy Faults
Update Fixed Elements from Attack
Propagate Intrinsic Fault
Propagate Heavy Faults
Propagate Attacks
Inject Intrinsic Failure To Source
Inject Heavy Fault To Sources
Inject Attack Multiple To Source
Inject Intrinsic Fault To Pipeline
Inject Heavy Fault To Pipeline
Inject Attack To Pipeline
----------- Statistics ------------
	Sources Under Attack: 0
	Sources with Heavy Fault: 0
	Sources with Intrinsic Fault: 0
	Arcs with reduce capacity due to Attack: 0
	Arcs with reduce capacity due to Heavy Fault: 0
	Arcs with reduce capacity due to Intrinsic Fault: 0
	Arcs with Attacks: 0
	Arcs with Heavy Fault: 0
	Arcs with Intrinsic Fault: 0
--------- SOURCES STATISTICS ---------------
Demand del real Source[0]: -31.0, flusso erogato: 8.069999999999997, flusso entrante: 0.0, efficienza: 26.032258064516117 %
Demand del real Source[8]: -10.5, flusso erogato: 3.8600000000000003, flusso entrante: 0.0, efficienza: 36.76190476190476 %
Demand del real Source[9]: -7.1, flusso erogato: 14.169999999999996, flusso entrante: 7.070000000000007, efficienza: 199.57746478873236 %
Demand del real Source[17]: -25.0, flusso erogato: 25.000000000000007, flusso entrante: 0.0, efficienza: 100.00000000000003 %
Flusso totale entrante nei Real Source: 7.070000000000007
Flusso totale uscente dai Real Source: 51.1
Flusso netto sui real Source: -44.029999999999994
--- SINKS STATISTICS ---
Sink 3 SODDISFATTO. Flusso netto: 3.4299999999999997, Demand: 3.43, percentage: 99.99999999999999
Sink 4 SODDISFATTO. Flusso netto: 0.5700000000000003, Demand: 0.57, percentage: 100.00000000000007
Sink 5 SODDISFATTO. Flusso netto: 0.6600000000000019, Demand: 0.66, percentage: 100.00000000000028
Sink 11 SODDISFATTO. Flusso netto: 1.03, Demand: 1.03, percentage: 100.0
Sink 15 SODDISFATTO. Flusso netto: 0.4600000000000044, Demand: 0.46, percentage: 100.00000000000095
Sink 16 SODDISFATTO. Flusso netto: 8.399999999999993, Demand: 8.4, percentage: 99.99999999999991
Sink 19 SODDISFATTO. Flusso netto: 0.5399999999999938, Demand: 0.54, percentage: 99.99999999999885
Sink 23 SODDISFATTO. Flusso netto: 0.5999999999999996, Demand: 0.6, percentage: 99.99999999999994
Sink 24 SODDISFATTO. Flusso netto: 0.8000000000000007, Demand: 0.8, percentage: 100.00000000000009
Sink 25 SODDISFATTO. Flusso netto: 3.5, Demand: 3.5, percentage: 100.0
Sink 26 SODDISFATTO. Flusso netto: 6.000000000000007, Demand: 6.0, percentage: 100.00000000000011
Sink 28 SODDISFATTO. Flusso netto: 0.4, Demand: 0.4, percentage: 100.0
Sink 30 SODDISFATTO. Flusso netto: 0.9799999999999933, Demand: 0.98, percentage: 99.99999999999932
Sink 31 SODDISFATTO. Flusso netto: 0.3999999999999999, Demand: 0.4, percentage: 99.99999999999997
Sink 32 SODDISFATTO. Flusso netto: 0.9999999999999989, Demand: 1.0, percentage: 99.99999999999989
Sink 34 SODDISFATTO. Flusso netto: 1.7400000000000002, Demand: 1.74, percentage: 100.00000000000003
Sink 35 SODDISFATTO. Flusso netto: 1.3, Demand: 1.3, percentage: 100.0
Sink 37 SODDISFATTO. Flusso netto: 1.0, Demand: 1.0, percentage: 100.0
Sink 39 SODDISFATTO. Flusso netto: 0.40000000000000036, Demand: 0.4, percentage: 100.00000000000009
Sink 40 SODDISFATTO. Flusso netto: 0.5, Demand: 0.5, percentage: 100.0
Sink 41 SODDISFATTO. Flusso netto: 1.0600000000000005, Demand: 1.06, percentage: 100.00000000000004
Sink 42 SODDISFATTO. Flusso netto: 2.8200000000000007, Demand: 2.82, percentage: 100.00000000000003
Sink 45 SODDISFATTO. Flusso netto: 0.6800000000000002, Demand: 0.68, percentage: 100.00000000000003
Sink 46 SODDISFATTO. Flusso netto: 1.17, Demand: 1.17, percentage: 100.0
Sink 49 non è soddisfatto. Flusso netto: 4.59, Demand: 7.0, percentage: 65.57142857142857
Flusso totale entrante nei SINK: 86.46000000000001
Flusso totale uscente nei SINK: 42.430000000000014
Flusso totale netto nei SINK: 44.029999999999994
Total DEMAND dei SINK: 46.44
Percentual di flusso ai SINK: 0.9481050818260119
Numero di Sink soddisfatti: 24.0, numero totale di sink: 25.0
Percentuale di Sink soddisfatti: 0.96

---------------------------------- DAY 168

Update Fixed Elements from Intrinsic Faults
Update Fixed Elements from Heavy Faults
Update Fixed Elements from Attack
Propagate Intrinsic Fault
Propagate Heavy Faults
Propagate Attacks
Inject Intrinsic Failure To Source
Source NODO_2 is failing for an Intrinsic Fault in day: 168
pipeline ARCO_70 has reduced capacity due to NODO_2 Intrinsic fault
pipeline V_EDGE_53_0 has reduced capacity due to NODO_2 Intrinsic fault
pipeline ARCO_0 has reduced capacity due to NODO_2 Intrinsic fault
Source NODO_11 is failing for an Intrinsic Fault in day: 168
pipeline ARCO_3 has reduced capacity due to NODO_11 Intrinsic fault
pipeline ARCO_90 has reduced capacity due to NODO_11 Intrinsic fault
pipeline ARCO_91 has reduced capacity due to NODO_11 Intrinsic fault
pipeline ARCO_92 has reduced capacity due to NODO_11 Intrinsic fault
pipeline V_EDGE_53_9 has reduced capacity due to NODO_11 Intrinsic fault
pipeline ARCO_20 has reduced capacity due to NODO_11 Intrinsic fault
pipeline ARCO_21 has reduced capacity due to NODO_11 Intrinsic fault
pipeline ARCO_22 has reduced capacity due to NODO_11 Intrinsic fault
pipeline ARCO_73 has reduced capacity due to NODO_11 Intrinsic fault
Inject Heavy Fault To Sources
Inject Attack Multiple To Source
Inject Intrinsic Fault To Pipeline
Inject Heavy Fault To Pipeline
Inject Attack To Pipeline
----------- Statistics ------------
	Sources Under Attack: 0
	Sources with Heavy Fault: 0
	Sources with Intrinsic Fault: 2
	Arcs with reduce capacity due to Attack: 0
	Arcs with reduce capacity due to Heavy Fault: 0
	Arcs with reduce capacity due to Intrinsic Fault: 12
	Arcs with Attacks: 0
	Arcs with Heavy Fault: 0
	Arcs with Intrinsic Fault: 0
--------- SOURCES STATISTICS ---------------
Demand del real Source[0]: -31.0, flusso erogato: 8.729999999999997, flusso entrante: 0.0, efficienza: 28.161290322580633 %
Demand del real Source[8]: -10.5, flusso erogato: 3.8600000000000003, flusso entrante: 0.0, efficienza: 36.76190476190476 %
Demand del real Source[9]: -7.1, flusso erogato: 13.409999999999997, flusso entrante: 7.73, efficienza: 188.87323943661968 %
Demand del real Source[17]: -25.0, flusso erogato: 25.000000000000007, flusso entrante: 0.0, efficienza: 100.00000000000003 %
Flusso totale entrante nei Real Source: 7.73
Flusso totale uscente dai Real Source: 51.0
Flusso netto sui real Source: -43.269999999999996
--- SINKS STATISTICS ---
Sink 3 SODDISFATTO. Flusso netto: 3.4299999999999997, Demand: 3.43, percentage: 99.99999999999999
Sink 4 SODDISFATTO. Flusso netto: 0.5700000000000003, Demand: 0.57, percentage: 100.00000000000007
Sink 5 SODDISFATTO. Flusso netto: 0.6600000000000001, Demand: 0.66, percentage: 100.00000000000003
Sink 11 SODDISFATTO. Flusso netto: 1.03, Demand: 1.03, percentage: 100.0
Sink 15 SODDISFATTO. Flusso netto: 0.4600000000000044, Demand: 0.46, percentage: 100.00000000000095
Sink 16 SODDISFATTO. Flusso netto: 8.399999999999993, Demand: 8.4, percentage: 99.99999999999991
Sink 19 SODDISFATTO. Flusso netto: 0.5399999999999938, Demand: 0.54, percentage: 99.99999999999885
Sink 23 SODDISFATTO. Flusso netto: 0.5999999999999996, Demand: 0.6, percentage: 99.99999999999994
Sink 24 SODDISFATTO. Flusso netto: 0.8000000000000007, Demand: 0.8, percentage: 100.00000000000009
Sink 25 SODDISFATTO. Flusso netto: 3.5, Demand: 3.5, percentage: 100.0
Sink 26 SODDISFATTO. Flusso netto: 6.000000000000007, Demand: 6.0, percentage: 100.00000000000011
Sink 28 SODDISFATTO. Flusso netto: 0.4, Demand: 0.4, percentage: 100.0
Sink 30 SODDISFATTO. Flusso netto: 0.9799999999999933, Demand: 0.98, percentage: 99.99999999999932
Sink 31 SODDISFATTO. Flusso netto: 0.3999999999999999, Demand: 0.4, percentage: 99.99999999999997
Sink 32 SODDISFATTO. Flusso netto: 0.9999999999999989, Demand: 1.0, percentage: 99.99999999999989
Sink 34 SODDISFATTO. Flusso netto: 1.7400000000000002, Demand: 1.74, percentage: 100.00000000000003
Sink 35 SODDISFATTO. Flusso netto: 1.3, Demand: 1.3, percentage: 100.0
Sink 37 SODDISFATTO. Flusso netto: 1.0, Demand: 1.0, percentage: 100.0
Sink 39 SODDISFATTO. Flusso netto: 0.40000000000000036, Demand: 0.4, percentage: 100.00000000000009
Sink 40 SODDISFATTO. Flusso netto: 0.5, Demand: 0.5, percentage: 100.0
Sink 41 SODDISFATTO. Flusso netto: 1.0600000000000005, Demand: 1.06, percentage: 100.00000000000004
Sink 42 SODDISFATTO. Flusso netto: 2.819999999999999, Demand: 2.82, percentage: 99.99999999999997
Sink 45 SODDISFATTO. Flusso netto: 0.6800000000000002, Demand: 0.68, percentage: 100.00000000000003
Sink 46 SODDISFATTO. Flusso netto: 1.17, Demand: 1.17, percentage: 100.0
Sink 49 non è soddisfatto. Flusso netto: 3.83, Demand: 7.0, percentage: 54.714285714285715
Flusso totale entrante nei SINK: 85.282
Flusso totale uscente nei SINK: 42.01200000000001
Flusso totale netto nei SINK: 43.26999999999999
Total DEMAND dei SINK: 46.44
Percentual di flusso ai SINK: 0.9317398794142978
Numero di Sink soddisfatti: 24.0, numero totale di sink: 25.0
Percentuale di Sink soddisfatti: 0.96

---------------------------------- DAY 169

Update Fixed Elements from Intrinsic Faults
Update Fixed Elements from Heavy Faults
Update Fixed Elements from Attack
Propagate Intrinsic Fault
Node NODO_2 has still failing due to Intrinsic Fault
Node NODO_11 has still failing due to Intrinsic Fault
pipeline ARCO_70 still has reduced capacity: 24.8 due to Intrinsic Fault
pipeline V_EDGE_53_0 still has reduced capacity: 24.8 due to Intrinsic Fault
pipeline ARCO_0 still has reduced capacity: 24.8 due to Intrinsic Fault
pipeline ARCO_3 still has reduced capacity: 9.688 due to Intrinsic Fault
pipeline ARCO_90 still has reduced capacity: 1.6 due to Intrinsic Fault
pipeline ARCO_91 still has reduced capacity: 9.688 due to Intrinsic Fault
pipeline ARCO_92 still has reduced capacity: 39.328 due to Intrinsic Fault
pipeline V_EDGE_53_9 still has reduced capacity: 5.68 due to Intrinsic Fault
pipeline ARCO_20 still has reduced capacity: 1.6 due to Intrinsic Fault
pipeline ARCO_21 still has reduced capacity: 9.688 due to Intrinsic Fault
pipeline ARCO_22 still has reduced capacity: 39.328 due to Intrinsic Fault
pipeline ARCO_73 still has reduced capacity: 9.688 due to Intrinsic Fault
Propagate Heavy Faults
Propagate Attacks
Inject Intrinsic Failure To Source
Source NODO_2 is failing for an Intrinsic Fault in day: 169
pipeline ARCO_70 has reduced capacity due to NODO_2 Intrinsic fault
pipeline V_EDGE_53_0 has reduced capacity due to NODO_2 Intrinsic fault
pipeline ARCO_0 has reduced capacity due to NODO_2 Intrinsic fault
Inject Heavy Fault To Sources
Inject Attack Multiple To Source
Inject Intrinsic Fault To Pipeline
Inject Heavy Fault To Pipeline
Inject Attack To Pipeline
----------- Statistics ------------
	Sources Under Attack: 0
	Sources with Heavy Fault: 0
	Sources with Intrinsic Fault: 2
	Arcs with reduce capacity due to Attack: 0
	Arcs with reduce capacity due to Heavy Fault: 0
	Arcs with reduce capacity due to Intrinsic Fault: 12
	Arcs with Attacks: 0
	Arcs with Heavy Fault: 0
	Arcs with Intrinsic Fault: 0
--------- SOURCES STATISTICS ---------------
Demand del real Source[0]: -31.0, flusso erogato: 8.729999999999997, flusso entrante: 0.0, efficienza: 28.161290322580633 %
Demand del real Source[8]: -10.5, flusso erogato: 3.8600000000000003, flusso entrante: 0.0, efficienza: 36.76190476190476 %
Demand del real Source[9]: -7.1, flusso erogato: 13.409999999999997, flusso entrante: 7.73, efficienza: 188.87323943661968 %
Demand del real Source[17]: -25.0, flusso erogato: 25.000000000000007, flusso entrante: 0.0, efficienza: 100.00000000000003 %
Flusso totale entrante nei Real Source: 7.73
Flusso totale uscente dai Real Source: 51.0
Flusso netto sui real Source: -43.269999999999996
--- SINKS STATISTICS ---
Sink 3 SODDISFATTO. Flusso netto: 3.4299999999999997, Demand: 3.43, percentage: 99.99999999999999
Sink 4 SODDISFATTO. Flusso netto: 0.5700000000000003, Demand: 0.57, percentage: 100.00000000000007
Sink 5 SODDISFATTO. Flusso netto: 0.6600000000000001, Demand: 0.66, percentage: 100.00000000000003
Sink 11 SODDISFATTO. Flusso netto: 1.03, Demand: 1.03, percentage: 100.0
Sink 15 SODDISFATTO. Flusso netto: 0.4600000000000044, Demand: 0.46, percentage: 100.00000000000095
Sink 16 SODDISFATTO. Flusso netto: 8.399999999999993, Demand: 8.4, percentage: 99.99999999999991
Sink 19 SODDISFATTO. Flusso netto: 0.5399999999999938, Demand: 0.54, percentage: 99.99999999999885
Sink 23 SODDISFATTO. Flusso netto: 0.5999999999999996, Demand: 0.6, percentage: 99.99999999999994
Sink 24 SODDISFATTO. Flusso netto: 0.8000000000000007, Demand: 0.8, percentage: 100.00000000000009
Sink 25 SODDISFATTO. Flusso netto: 3.5, Demand: 3.5, percentage: 100.0
Sink 26 SODDISFATTO. Flusso netto: 6.000000000000007, Demand: 6.0, percentage: 100.00000000000011
Sink 28 SODDISFATTO. Flusso netto: 0.4, Demand: 0.4, percentage: 100.0
Sink 30 SODDISFATTO. Flusso netto: 0.9799999999999933, Demand: 0.98, percentage: 99.99999999999932
Sink 31 SODDISFATTO. Flusso netto: 0.3999999999999999, Demand: 0.4, percentage: 99.99999999999997
Sink 32 SODDISFATTO. Flusso netto: 0.9999999999999989, Demand: 1.0, percentage: 99.99999999999989
Sink 34 SODDISFATTO. Flusso netto: 1.7400000000000002, Demand: 1.74, percentage: 100.00000000000003
Sink 35 SODDISFATTO. Flusso netto: 1.3, Demand: 1.3, percentage: 100.0
Sink 37 SODDISFATTO. Flusso netto: 1.0, Demand: 1.0, percentage: 100.0
Sink 39 SODDISFATTO. Flusso netto: 0.40000000000000036, Demand: 0.4, percentage: 100.00000000000009
Sink 40 SODDISFATTO. Flusso netto: 0.5, Demand: 0.5, percentage: 100.0
Sink 41 SODDISFATTO. Flusso netto: 1.0600000000000005, Demand: 1.06, percentage: 100.00000000000004
Sink 42 SODDISFATTO. Flusso netto: 2.819999999999999, Demand: 2.82, percentage: 99.99999999999997
Sink 45 SODDISFATTO. Flusso netto: 0.6800000000000002, Demand: 0.68, percentage: 100.00000000000003
Sink 46 SODDISFATTO. Flusso netto: 1.17, Demand: 1.17, percentage: 100.0
Sink 49 non è soddisfatto. Flusso netto: 3.83, Demand: 7.0, percentage: 54.714285714285715
Flusso totale entrante nei SINK: 85.282
Flusso totale uscente nei SINK: 42.01200000000001
Flusso totale netto nei SINK: 43.26999999999999
Total DEMAND dei SINK: 46.44
Percentual di flusso ai SINK: 0.9317398794142978
Numero di Sink soddisfatti: 24.0, numero totale di sink: 25.0
Percentuale di Sink soddisfatti: 0.96

---------------------------------- DAY 170

Update Fixed Elements from Intrinsic Faults
Update Fixed Elements from Heavy Faults
Update Fixed Elements from Attack
Propagate Intrinsic Fault
Node NODO_2 has still failing due to Intrinsic Fault
Node NODO_11 has still failing due to Intrinsic Fault
pipeline ARCO_70 still has reduced capacity: 24.8 due to Intrinsic Fault
pipeline V_EDGE_53_0 still has reduced capacity: 24.8 due to Intrinsic Fault
pipeline ARCO_0 still has reduced capacity: 24.8 due to Intrinsic Fault
pipeline ARCO_3 still has reduced capacity: 9.688 due to Intrinsic Fault
pipeline ARCO_90 still has reduced capacity: 1.6 due to Intrinsic Fault
pipeline ARCO_91 still has reduced capacity: 9.688 due to Intrinsic Fault
pipeline ARCO_92 still has reduced capacity: 39.328 due to Intrinsic Fault
pipeline V_EDGE_53_9 still has reduced capacity: 5.68 due to Intrinsic Fault
pipeline ARCO_20 still has reduced capacity: 1.6 due to Intrinsic Fault
pipeline ARCO_21 still has reduced capacity: 9.688 due to Intrinsic Fault
pipeline ARCO_22 still has reduced capacity: 39.328 due to Intrinsic Fault
pipeline ARCO_73 still has reduced capacity: 9.688 due to Intrinsic Fault
Propagate Heavy Faults
Propagate Attacks
Inject Intrinsic Failure To Source
Inject Heavy Fault To Sources
Inject Attack Multiple To Source
Inject Intrinsic Fault To Pipeline
Inject Heavy Fault To Pipeline
Inject Attack To Pipeline
----------- Statistics ------------
	Sources Under Attack: 0
	Sources with Heavy Fault: 0
	Sources with Intrinsic Fault: 2
	Arcs with reduce capacity due to Attack: 0
	Arcs with reduce capacity due to Heavy Fault: 0
	Arcs with reduce capacity due to Intrinsic Fault: 12
	Arcs with Attacks: 0
	Arcs with Heavy Fault: 0
	Arcs with Intrinsic Fault: 0
--------- SOURCES STATISTICS ---------------
Demand del real Source[0]: -31.0, flusso erogato: 8.729999999999997, flusso entrante: 0.0, efficienza: 28.161290322580633 %
Demand del real Source[8]: -10.5, flusso erogato: 3.8600000000000003, flusso entrante: 0.0, efficienza: 36.76190476190476 %
Demand del real Source[9]: -7.1, flusso erogato: 13.409999999999997, flusso entrante: 7.73, efficienza: 188.87323943661968 %
Demand del real Source[17]: -25.0, flusso erogato: 25.000000000000007, flusso entrante: 0.0, efficienza: 100.00000000000003 %
Flusso totale entrante nei Real Source: 7.73
Flusso totale uscente dai Real Source: 51.0
Flusso netto sui real Source: -43.269999999999996
--- SINKS STATISTICS ---
Sink 3 SODDISFATTO. Flusso netto: 3.4299999999999997, Demand: 3.43, percentage: 99.99999999999999
Sink 4 SODDISFATTO. Flusso netto: 0.5700000000000003, Demand: 0.57, percentage: 100.00000000000007
Sink 5 SODDISFATTO. Flusso netto: 0.6600000000000001, Demand: 0.66, percentage: 100.00000000000003
Sink 11 SODDISFATTO. Flusso netto: 1.03, Demand: 1.03, percentage: 100.0
Sink 15 SODDISFATTO. Flusso netto: 0.4600000000000044, Demand: 0.46, percentage: 100.00000000000095
Sink 16 SODDISFATTO. Flusso netto: 8.399999999999993, Demand: 8.4, percentage: 99.99999999999991
Sink 19 SODDISFATTO. Flusso netto: 0.5399999999999938, Demand: 0.54, percentage: 99.99999999999885
Sink 23 SODDISFATTO. Flusso netto: 0.5999999999999996, Demand: 0.6, percentage: 99.99999999999994
Sink 24 SODDISFATTO. Flusso netto: 0.8000000000000007, Demand: 0.8, percentage: 100.00000000000009
Sink 25 SODDISFATTO. Flusso netto: 3.5, Demand: 3.5, percentage: 100.0
Sink 26 SODDISFATTO. Flusso netto: 6.000000000000007, Demand: 6.0, percentage: 100.00000000000011
Sink 28 SODDISFATTO. Flusso netto: 0.4, Demand: 0.4, percentage: 100.0
Sink 30 SODDISFATTO. Flusso netto: 0.9799999999999933, Demand: 0.98, percentage: 99.99999999999932
Sink 31 SODDISFATTO. Flusso netto: 0.3999999999999999, Demand: 0.4, percentage: 99.99999999999997
Sink 32 SODDISFATTO. Flusso netto: 0.9999999999999989, Demand: 1.0, percentage: 99.99999999999989
Sink 34 SODDISFATTO. Flusso netto: 1.7400000000000002, Demand: 1.74, percentage: 100.00000000000003
Sink 35 SODDISFATTO. Flusso netto: 1.3, Demand: 1.3, percentage: 100.0
Sink 37 SODDISFATTO. Flusso netto: 1.0, Demand: 1.0, percentage: 100.0
Sink 39 SODDISFATTO. Flusso netto: 0.40000000000000036, Demand: 0.4, percentage: 100.00000000000009
Sink 40 SODDISFATTO. Flusso netto: 0.5, Demand: 0.5, percentage: 100.0
Sink 41 SODDISFATTO. Flusso netto: 1.0600000000000005, Demand: 1.06, percentage: 100.00000000000004
Sink 42 SODDISFATTO. Flusso netto: 2.819999999999999, Demand: 2.82, percentage: 99.99999999999997
Sink 45 SODDISFATTO. Flusso netto: 0.6800000000000002, Demand: 0.68, percentage: 100.00000000000003
Sink 46 SODDISFATTO. Flusso netto: 1.17, Demand: 1.17, percentage: 100.0
Sink 49 non è soddisfatto. Flusso netto: 3.83, Demand: 7.0, percentage: 54.714285714285715
Flusso totale entrante nei SINK: 85.282
Flusso totale uscente nei SINK: 42.01200000000001
Flusso totale netto nei SINK: 43.26999999999999
Total DEMAND dei SINK: 46.44
Percentual di flusso ai SINK: 0.9317398794142978
Numero di Sink soddisfatti: 24.0, numero totale di sink: 25.0
Percentuale di Sink soddisfatti: 0.96

---------------------------------- DAY 171

Update Fixed Elements from Intrinsic Faults
Source NODO_2 fixed from Intrinsic Fault
Pipeline ARCO_70 fixed due to Source NODO_2 fixing from Intrinsic Fault
Pipeline V_EDGE_53_0 fixed due to Source NODO_2 fixing from Intrinsic Fault
Pipeline ARCO_0 fixed due to Source NODO_2 fixing from Intrinsic Fault
Source NODO_11 fixed from Intrinsic Fault
Pipeline ARCO_3 fixed due to Source NODO_11 fixing from Intrinsic Fault
Pipeline ARCO_90 fixed due to Source NODO_11 fixing from Intrinsic Fault
Pipeline ARCO_91 fixed due to Source NODO_11 fixing from Intrinsic Fault
Pipeline ARCO_92 fixed due to Source NODO_11 fixing from Intrinsic Fault
Pipeline V_EDGE_53_9 fixed due to Source NODO_11 fixing from Intrinsic Fault
Pipeline ARCO_20 fixed due to Source NODO_11 fixing from Intrinsic Fault
Pipeline ARCO_21 fixed due to Source NODO_11 fixing from Intrinsic Fault
Pipeline ARCO_22 fixed due to Source NODO_11 fixing from Intrinsic Fault
Pipeline ARCO_73 fixed due to Source NODO_11 fixing from Intrinsic Fault
Update Fixed Elements from Heavy Faults
Update Fixed Elements from Attack
Propagate Intrinsic Fault
Propagate Heavy Faults
Propagate Attacks
Inject Intrinsic Failure To Source
Source NODO_11 is failing for an Intrinsic Fault in day: 171
pipeline ARCO_3 has reduced capacity due to NODO_11 Intrinsic fault
pipeline ARCO_90 has reduced capacity due to NODO_11 Intrinsic fault
pipeline ARCO_91 has reduced capacity due to NODO_11 Intrinsic fault
pipeline ARCO_92 has reduced capacity due to NODO_11 Intrinsic fault
pipeline V_EDGE_53_9 has reduced capacity due to NODO_11 Intrinsic fault
pipeline ARCO_20 has reduced capacity due to NODO_11 Intrinsic fault
pipeline ARCO_21 has reduced capacity due to NODO_11 Intrinsic fault
pipeline ARCO_22 has reduced capacity due to NODO_11 Intrinsic fault
pipeline ARCO_73 has reduced capacity due to NODO_11 Intrinsic fault
Inject Heavy Fault To Sources
Inject Attack Multiple To Source
Inject Intrinsic Fault To Pipeline
Inject Heavy Fault To Pipeline
Inject Attack To Pipeline
----------- Statistics ------------
	Sources Under Attack: 0
	Sources with Heavy Fault: 0
	Sources with Intrinsic Fault: 1
	Arcs with reduce capacity due to Attack: 0
	Arcs with reduce capacity due to Heavy Fault: 0
	Arcs with reduce capacity due to Intrinsic Fault: 9
	Arcs with Attacks: 0
	Arcs with Heavy Fault: 0
	Arcs with Intrinsic Fault: 0
--------- SOURCES STATISTICS ---------------
Demand del real Source[0]: -31.0, flusso erogato: 8.729999999999993, flusso entrante: 0.0, efficienza: 28.161290322580623 %
Demand del real Source[8]: -10.5, flusso erogato: 3.8600000000000003, flusso entrante: 0.0, efficienza: 36.76190476190476 %
Demand del real Source[9]: -7.1, flusso erogato: 13.409999999999997, flusso entrante: 7.73, efficienza: 188.87323943661968 %
Demand del real Source[17]: -25.0, flusso erogato: 25.000000000000007, flusso entrante: 0.0, efficienza: 100.00000000000003 %
Flusso totale entrante nei Real Source: 7.73
Flusso totale uscente dai Real Source: 51.0
Flusso netto sui real Source: -43.269999999999996
--- SINKS STATISTICS ---
Sink 3 SODDISFATTO. Flusso netto: 3.4299999999999997, Demand: 3.43, percentage: 99.99999999999999
Sink 4 SODDISFATTO. Flusso netto: 0.5700000000000003, Demand: 0.57, percentage: 100.00000000000007
Sink 5 SODDISFATTO. Flusso netto: 0.6600000000000001, Demand: 0.66, percentage: 100.00000000000003
Sink 11 SODDISFATTO. Flusso netto: 1.03, Demand: 1.03, percentage: 100.0
Sink 15 SODDISFATTO. Flusso netto: 0.4600000000000044, Demand: 0.46, percentage: 100.00000000000095
Sink 16 SODDISFATTO. Flusso netto: 8.399999999999993, Demand: 8.4, percentage: 99.99999999999991
Sink 19 SODDISFATTO. Flusso netto: 0.5399999999999938, Demand: 0.54, percentage: 99.99999999999885
Sink 23 SODDISFATTO. Flusso netto: 0.5999999999999996, Demand: 0.6, percentage: 99.99999999999994
Sink 24 SODDISFATTO. Flusso netto: 0.8000000000000007, Demand: 0.8, percentage: 100.00000000000009
Sink 25 SODDISFATTO. Flusso netto: 3.5, Demand: 3.5, percentage: 100.0
Sink 26 SODDISFATTO. Flusso netto: 6.000000000000007, Demand: 6.0, percentage: 100.00000000000011
Sink 28 SODDISFATTO. Flusso netto: 0.4, Demand: 0.4, percentage: 100.0
Sink 30 SODDISFATTO. Flusso netto: 0.9799999999999933, Demand: 0.98, percentage: 99.99999999999932
Sink 31 SODDISFATTO. Flusso netto: 0.3999999999999999, Demand: 0.4, percentage: 99.99999999999997
Sink 32 SODDISFATTO. Flusso netto: 0.9999999999999989, Demand: 1.0, percentage: 99.99999999999989
Sink 34 SODDISFATTO. Flusso netto: 1.7400000000000002, Demand: 1.74, percentage: 100.00000000000003
Sink 35 SODDISFATTO. Flusso netto: 1.3, Demand: 1.3, percentage: 100.0
Sink 37 SODDISFATTO. Flusso netto: 1.0, Demand: 1.0, percentage: 100.0
Sink 39 SODDISFATTO. Flusso netto: 0.40000000000000036, Demand: 0.4, percentage: 100.00000000000009
Sink 40 SODDISFATTO. Flusso netto: 0.5, Demand: 0.5, percentage: 100.0
Sink 41 SODDISFATTO. Flusso netto: 1.0600000000000005, Demand: 1.06, percentage: 100.00000000000004
Sink 42 SODDISFATTO. Flusso netto: 2.819999999999999, Demand: 2.82, percentage: 99.99999999999997
Sink 45 SODDISFATTO. Flusso netto: 0.6800000000000002, Demand: 0.68, percentage: 100.00000000000003
Sink 46 SODDISFATTO. Flusso netto: 1.17, Demand: 1.17, percentage: 100.0
Sink 49 non è soddisfatto. Flusso netto: 3.83, Demand: 7.0, percentage: 54.714285714285715
Flusso totale entrante nei SINK: 85.282
Flusso totale uscente nei SINK: 42.01200000000001
Flusso totale netto nei SINK: 43.26999999999999
Total DEMAND dei SINK: 46.44
Percentual di flusso ai SINK: 0.9317398794142978
Numero di Sink soddisfatti: 24.0, numero totale di sink: 25.0
Percentuale di Sink soddisfatti: 0.96

---------------------------------- DAY 172

Update Fixed Elements from Intrinsic Faults
Update Fixed Elements from Heavy Faults
Update Fixed Elements from Attack
Propagate Intrinsic Fault
Node NODO_11 has still failing due to Intrinsic Fault
pipeline ARCO_3 still has reduced capacity: 9.688 due to Intrinsic Fault
pipeline ARCO_90 still has reduced capacity: 1.6 due to Intrinsic Fault
pipeline ARCO_91 still has reduced capacity: 9.688 due to Intrinsic Fault
pipeline ARCO_92 still has reduced capacity: 39.328 due to Intrinsic Fault
pipeline V_EDGE_53_9 still has reduced capacity: 5.68 due to Intrinsic Fault
pipeline ARCO_20 still has reduced capacity: 1.6 due to Intrinsic Fault
pipeline ARCO_21 still has reduced capacity: 9.688 due to Intrinsic Fault
pipeline ARCO_22 still has reduced capacity: 39.328 due to Intrinsic Fault
pipeline ARCO_73 still has reduced capacity: 9.688 due to Intrinsic Fault
Propagate Heavy Faults
Propagate Attacks
Inject Intrinsic Failure To Source
Inject Heavy Fault To Sources
Inject Attack Multiple To Source
Inject Intrinsic Fault To Pipeline
Inject Heavy Fault To Pipeline
Inject Attack To Pipeline
----------- Statistics ------------
	Sources Under Attack: 0
	Sources with Heavy Fault: 0
	Sources with Intrinsic Fault: 1
	Arcs with reduce capacity due to Attack: 0
	Arcs with reduce capacity due to Heavy Fault: 0
	Arcs with reduce capacity due to Intrinsic Fault: 9
	Arcs with Attacks: 0
	Arcs with Heavy Fault: 0
	Arcs with Intrinsic Fault: 0
--------- SOURCES STATISTICS ---------------
Demand del real Source[0]: -31.0, flusso erogato: 8.729999999999993, flusso entrante: 0.0, efficienza: 28.161290322580623 %
Demand del real Source[8]: -10.5, flusso erogato: 3.8600000000000003, flusso entrante: 0.0, efficienza: 36.76190476190476 %
Demand del real Source[9]: -7.1, flusso erogato: 13.409999999999997, flusso entrante: 7.73, efficienza: 188.87323943661968 %
Demand del real Source[17]: -25.0, flusso erogato: 25.000000000000007, flusso entrante: 0.0, efficienza: 100.00000000000003 %
Flusso totale entrante nei Real Source: 7.73
Flusso totale uscente dai Real Source: 51.0
Flusso netto sui real Source: -43.269999999999996
--- SINKS STATISTICS ---
Sink 3 SODDISFATTO. Flusso netto: 3.4299999999999997, Demand: 3.43, percentage: 99.99999999999999
Sink 4 SODDISFATTO. Flusso netto: 0.5700000000000003, Demand: 0.57, percentage: 100.00000000000007
Sink 5 SODDISFATTO. Flusso netto: 0.6600000000000001, Demand: 0.66, percentage: 100.00000000000003
Sink 11 SODDISFATTO. Flusso netto: 1.03, Demand: 1.03, percentage: 100.0
Sink 15 SODDISFATTO. Flusso netto: 0.4600000000000044, Demand: 0.46, percentage: 100.00000000000095
Sink 16 SODDISFATTO. Flusso netto: 8.399999999999993, Demand: 8.4, percentage: 99.99999999999991
Sink 19 SODDISFATTO. Flusso netto: 0.5399999999999938, Demand: 0.54, percentage: 99.99999999999885
Sink 23 SODDISFATTO. Flusso netto: 0.5999999999999996, Demand: 0.6, percentage: 99.99999999999994
Sink 24 SODDISFATTO. Flusso netto: 0.8000000000000007, Demand: 0.8, percentage: 100.00000000000009
Sink 25 SODDISFATTO. Flusso netto: 3.5, Demand: 3.5, percentage: 100.0
Sink 26 SODDISFATTO. Flusso netto: 6.000000000000007, Demand: 6.0, percentage: 100.00000000000011
Sink 28 SODDISFATTO. Flusso netto: 0.4, Demand: 0.4, percentage: 100.0
Sink 30 SODDISFATTO. Flusso netto: 0.9799999999999933, Demand: 0.98, percentage: 99.99999999999932
Sink 31 SODDISFATTO. Flusso netto: 0.3999999999999999, Demand: 0.4, percentage: 99.99999999999997
Sink 32 SODDISFATTO. Flusso netto: 0.9999999999999989, Demand: 1.0, percentage: 99.99999999999989
Sink 34 SODDISFATTO. Flusso netto: 1.7400000000000002, Demand: 1.74, percentage: 100.00000000000003
Sink 35 SODDISFATTO. Flusso netto: 1.3, Demand: 1.3, percentage: 100.0
Sink 37 SODDISFATTO. Flusso netto: 1.0, Demand: 1.0, percentage: 100.0
Sink 39 SODDISFATTO. Flusso netto: 0.40000000000000036, Demand: 0.4, percentage: 100.00000000000009
Sink 40 SODDISFATTO. Flusso netto: 0.5, Demand: 0.5, percentage: 100.0
Sink 41 SODDISFATTO. Flusso netto: 1.0600000000000005, Demand: 1.06, percentage: 100.00000000000004
Sink 42 SODDISFATTO. Flusso netto: 2.819999999999999, Demand: 2.82, percentage: 99.99999999999997
Sink 45 SODDISFATTO. Flusso netto: 0.6800000000000002, Demand: 0.68, percentage: 100.00000000000003
Sink 46 SODDISFATTO. Flusso netto: 1.17, Demand: 1.17, percentage: 100.0
Sink 49 non è soddisfatto. Flusso netto: 3.83, Demand: 7.0, percentage: 54.714285714285715
Flusso totale entrante nei SINK: 85.282
Flusso totale uscente nei SINK: 42.01200000000001
Flusso totale netto nei SINK: 43.26999999999999
Total DEMAND dei SINK: 46.44
Percentual di flusso ai SINK: 0.9317398794142978
Numero di Sink soddisfatti: 24.0, numero totale di sink: 25.0
Percentuale di Sink soddisfatti: 0.96

---------------------------------- DAY 173

Update Fixed Elements from Intrinsic Faults
Update Fixed Elements from Heavy Faults
Update Fixed Elements from Attack
Propagate Intrinsic Fault
Node NODO_11 has still failing due to Intrinsic Fault
pipeline ARCO_3 still has reduced capacity: 9.688 due to Intrinsic Fault
pipeline ARCO_90 still has reduced capacity: 1.6 due to Intrinsic Fault
pipeline ARCO_91 still has reduced capacity: 9.688 due to Intrinsic Fault
pipeline ARCO_92 still has reduced capacity: 39.328 due to Intrinsic Fault
pipeline V_EDGE_53_9 still has reduced capacity: 5.68 due to Intrinsic Fault
pipeline ARCO_20 still has reduced capacity: 1.6 due to Intrinsic Fault
pipeline ARCO_21 still has reduced capacity: 9.688 due to Intrinsic Fault
pipeline ARCO_22 still has reduced capacity: 39.328 due to Intrinsic Fault
pipeline ARCO_73 still has reduced capacity: 9.688 due to Intrinsic Fault
Propagate Heavy Faults
Propagate Attacks
Inject Intrinsic Failure To Source
Source NODO_19 is failing for an Intrinsic Fault in day: 173
pipeline ARCO_35 has reduced capacity due to NODO_19 Intrinsic fault
pipeline ARCO_109 has reduced capacity due to NODO_19 Intrinsic fault
pipeline ARCO_110 has reduced capacity due to NODO_19 Intrinsic fault
pipeline V_EDGE_53_17 has reduced capacity due to NODO_19 Intrinsic fault
pipeline ARCO_39 has reduced capacity due to NODO_19 Intrinsic fault
pipeline ARCO_40 has reduced capacity due to NODO_19 Intrinsic fault
pipeline ARCO_105 has reduced capacity due to NODO_19 Intrinsic fault
Inject Heavy Fault To Sources
Inject Attack Multiple To Source
Inject Intrinsic Fault To Pipeline
Inject Heavy Fault To Pipeline
Inject Attack To Pipeline
----------- Statistics ------------
	Sources Under Attack: 0
	Sources with Heavy Fault: 0
	Sources with Intrinsic Fault: 2
	Arcs with reduce capacity due to Attack: 0
	Arcs with reduce capacity due to Heavy Fault: 0
	Arcs with reduce capacity due to Intrinsic Fault: 16
	Arcs with Attacks: 0
	Arcs with Heavy Fault: 0
	Arcs with Intrinsic Fault: 0
--------- SOURCES STATISTICS ---------------
Demand del real Source[0]: -31.0, flusso erogato: 10.049999999999997, flusso entrante: 0.0, efficienza: 32.419354838709666 %
Demand del real Source[8]: -10.5, flusso erogato: 7.85, flusso entrante: 0.0, efficienza: 74.76190476190476 %
Demand del real Source[9]: -7.1, flusso erogato: 14.729999999999999, flusso entrante: 9.050000000000004, efficienza: 207.46478873239437 %
Demand del real Source[17]: -25.0, flusso erogato: 0.0, flusso entrante: 0.0, efficienza: 0.0 %
Flusso totale entrante nei Real Source: 9.050000000000004
Flusso totale uscente dai Real Source: 32.63
Flusso netto sui real Source: -23.58
--- SINKS STATISTICS ---
Sink 3 SODDISFATTO. Flusso netto: 3.4299999999999997, Demand: 3.43, percentage: 99.99999999999999
Sink 4 SODDISFATTO. Flusso netto: 0.5700000000000003, Demand: 0.57, percentage: 100.00000000000007
Sink 5 SODDISFATTO. Flusso netto: 0.6600000000000001, Demand: 0.66, percentage: 100.00000000000003
Sink 11 SODDISFATTO. Flusso netto: 1.0299999999999978, Demand: 1.03, percentage: 99.99999999999979
Sink 15 SODDISFATTO. Flusso netto: 0.46000000000000263, Demand: 0.46, percentage: 100.00000000000058
Sink 16 non è soddisfatto. Flusso netto: 2.83, Demand: 8.4, percentage: 33.69047619047619
Sink 19 non è soddisfatto. Flusso netto: 0.0, Demand: 0.54, percentage: 0.0
Sink 23 non è soddisfatto. Flusso netto: 0.0, Demand: 0.6, percentage: 0.0
Sink 24 non è soddisfatto. Flusso netto: 0.0, Demand: 0.8, percentage: 0.0
Sink 25 non è soddisfatto. Flusso netto: 0.0, Demand: 3.5, percentage: 0.0
Sink 26 non è soddisfatto. Flusso netto: 0.0, Demand: 6.0, percentage: 0.0
Sink 28 non è soddisfatto. Flusso netto: 0.0, Demand: 0.4, percentage: 0.0
Sink 30 non è soddisfatto. Flusso netto: 0.0, Demand: 0.98, percentage: 0.0
Sink 31 non è soddisfatto. Flusso netto: 0.0, Demand: 0.4, percentage: 0.0
Sink 32 SODDISFATTO. Flusso netto: 1.0000000000000009, Demand: 1.0, percentage: 100.00000000000009
Sink 34 SODDISFATTO. Flusso netto: 1.7400000000000002, Demand: 1.74, percentage: 100.00000000000003
Sink 35 SODDISFATTO. Flusso netto: 1.3, Demand: 1.3, percentage: 100.0
Sink 37 SODDISFATTO. Flusso netto: 1.0, Demand: 1.0, percentage: 100.0
Sink 39 non è soddisfatto. Flusso netto: 0.0, Demand: 0.4, percentage: 0.0
Sink 40 non è soddisfatto. Flusso netto: 0.0, Demand: 0.5, percentage: 0.0
Sink 41 SODDISFATTO. Flusso netto: 1.0600000000000005, Demand: 1.06, percentage: 100.00000000000004
Sink 42 SODDISFATTO. Flusso netto: 2.819999999999999, Demand: 2.82, percentage: 99.99999999999997
Sink 45 SODDISFATTO. Flusso netto: 0.6800000000000002, Demand: 0.68, percentage: 100.00000000000003
Sink 46 SODDISFATTO. Flusso netto: 1.17, Demand: 1.17, percentage: 100.0
Sink 49 non è soddisfatto. Flusso netto: 3.83, Demand: 7.0, percentage: 54.714285714285715
Flusso totale entrante nei SINK: 42.402
Flusso totale uscente nei SINK: 18.822000000000003
Flusso totale netto nei SINK: 23.58
Total DEMAND dei SINK: 46.44
Percentual di flusso ai SINK: 0.5077519379844961
Numero di Sink soddisfatti: 13.0, numero totale di sink: 25.0
Percentuale di Sink soddisfatti: 0.52

---------------------------------- DAY 174

Update Fixed Elements from Intrinsic Faults
Source NODO_11 fixed from Intrinsic Fault
Pipeline ARCO_3 fixed due to Source NODO_11 fixing from Intrinsic Fault
Pipeline ARCO_90 fixed due to Source NODO_11 fixing from Intrinsic Fault
Pipeline ARCO_91 fixed due to Source NODO_11 fixing from Intrinsic Fault
Pipeline ARCO_92 fixed due to Source NODO_11 fixing from Intrinsic Fault
Pipeline V_EDGE_53_9 fixed due to Source NODO_11 fixing from Intrinsic Fault
Pipeline ARCO_20 fixed due to Source NODO_11 fixing from Intrinsic Fault
Pipeline ARCO_21 fixed due to Source NODO_11 fixing from Intrinsic Fault
Pipeline ARCO_22 fixed due to Source NODO_11 fixing from Intrinsic Fault
Pipeline ARCO_73 fixed due to Source NODO_11 fixing from Intrinsic Fault
Update Fixed Elements from Heavy Faults
Update Fixed Elements from Attack
Propagate Intrinsic Fault
Node NODO_19 has still failing due to Intrinsic Fault
pipeline ARCO_35 still has reduced capacity: 0.0 due to Intrinsic Fault
pipeline ARCO_109 still has reduced capacity: 0.0 due to Intrinsic Fault
pipeline ARCO_110 still has reduced capacity: 0.0 due to Intrinsic Fault
pipeline V_EDGE_53_17 still has reduced capacity: 0.0 due to Intrinsic Fault
pipeline ARCO_39 still has reduced capacity: 0.0 due to Intrinsic Fault
pipeline ARCO_40 still has reduced capacity: 0.0 due to Intrinsic Fault
pipeline ARCO_105 still has reduced capacity: 0.0 due to Intrinsic Fault
Propagate Heavy Faults
Propagate Attacks
Inject Intrinsic Failure To Source
Source NODO_11 is failing for an Intrinsic Fault in day: 174
pipeline ARCO_3 has reduced capacity due to NODO_11 Intrinsic fault
pipeline ARCO_90 has reduced capacity due to NODO_11 Intrinsic fault
pipeline ARCO_91 has reduced capacity due to NODO_11 Intrinsic fault
pipeline ARCO_92 has reduced capacity due to NODO_11 Intrinsic fault
pipeline V_EDGE_53_9 has reduced capacity due to NODO_11 Intrinsic fault
pipeline ARCO_20 has reduced capacity due to NODO_11 Intrinsic fault
pipeline ARCO_21 has reduced capacity due to NODO_11 Intrinsic fault
pipeline ARCO_22 has reduced capacity due to NODO_11 Intrinsic fault
pipeline ARCO_73 has reduced capacity due to NODO_11 Intrinsic fault
Inject Heavy Fault To Sources
Inject Attack Multiple To Source
Inject Intrinsic Fault To Pipeline
Inject Heavy Fault To Pipeline
Inject Attack To Pipeline
----------- Statistics ------------
	Sources Under Attack: 0
	Sources with Heavy Fault: 0
	Sources with Intrinsic Fault: 2
	Arcs with reduce capacity due to Attack: 0
	Arcs with reduce capacity due to Heavy Fault: 0
	Arcs with reduce capacity due to Intrinsic Fault: 16
	Arcs with Attacks: 0
	Arcs with Heavy Fault: 0
	Arcs with Intrinsic Fault: 0
--------- SOURCES STATISTICS ---------------
Demand del real Source[0]: -31.0, flusso erogato: 10.049999999999997, flusso entrante: 0.0, efficienza: 32.419354838709666 %
Demand del real Source[8]: -10.5, flusso erogato: 7.85, flusso entrante: 0.0, efficienza: 74.76190476190476 %
Demand del real Source[9]: -7.1, flusso erogato: 14.729999999999999, flusso entrante: 9.050000000000004, efficienza: 207.46478873239437 %
Demand del real Source[17]: -25.0, flusso erogato: 0.0, flusso entrante: 0.0, efficienza: 0.0 %
Flusso totale entrante nei Real Source: 9.050000000000004
Flusso totale uscente dai Real Source: 32.63
Flusso netto sui real Source: -23.58
--- SINKS STATISTICS ---
Sink 3 SODDISFATTO. Flusso netto: 3.4299999999999997, Demand: 3.43, percentage: 99.99999999999999
Sink 4 SODDISFATTO. Flusso netto: 0.5700000000000003, Demand: 0.57, percentage: 100.00000000000007
Sink 5 SODDISFATTO. Flusso netto: 0.6600000000000001, Demand: 0.66, percentage: 100.00000000000003
Sink 11 SODDISFATTO. Flusso netto: 1.0299999999999978, Demand: 1.03, percentage: 99.99999999999979
Sink 15 SODDISFATTO. Flusso netto: 0.46000000000000263, Demand: 0.46, percentage: 100.00000000000058
Sink 16 non è soddisfatto. Flusso netto: 2.83, Demand: 8.4, percentage: 33.69047619047619
Sink 19 non è soddisfatto. Flusso netto: 0.0, Demand: 0.54, percentage: 0.0
Sink 23 non è soddisfatto. Flusso netto: 0.0, Demand: 0.6, percentage: 0.0
Sink 24 non è soddisfatto. Flusso netto: 0.0, Demand: 0.8, percentage: 0.0
Sink 25 non è soddisfatto. Flusso netto: 0.0, Demand: 3.5, percentage: 0.0
Sink 26 non è soddisfatto. Flusso netto: 0.0, Demand: 6.0, percentage: 0.0
Sink 28 non è soddisfatto. Flusso netto: 0.0, Demand: 0.4, percentage: 0.0
Sink 30 non è soddisfatto. Flusso netto: 0.0, Demand: 0.98, percentage: 0.0
Sink 31 non è soddisfatto. Flusso netto: 0.0, Demand: 0.4, percentage: 0.0
Sink 32 SODDISFATTO. Flusso netto: 1.0000000000000009, Demand: 1.0, percentage: 100.00000000000009
Sink 34 SODDISFATTO. Flusso netto: 1.7400000000000002, Demand: 1.74, percentage: 100.00000000000003
Sink 35 SODDISFATTO. Flusso netto: 1.3, Demand: 1.3, percentage: 100.0
Sink 37 SODDISFATTO. Flusso netto: 1.0, Demand: 1.0, percentage: 100.0
Sink 39 non è soddisfatto. Flusso netto: 0.0, Demand: 0.4, percentage: 0.0
Sink 40 non è soddisfatto. Flusso netto: 0.0, Demand: 0.5, percentage: 0.0
Sink 41 SODDISFATTO. Flusso netto: 1.0600000000000005, Demand: 1.06, percentage: 100.00000000000004
Sink 42 SODDISFATTO. Flusso netto: 2.819999999999999, Demand: 2.82, percentage: 99.99999999999997
Sink 45 SODDISFATTO. Flusso netto: 0.6800000000000002, Demand: 0.68, percentage: 100.00000000000003
Sink 46 SODDISFATTO. Flusso netto: 1.17, Demand: 1.17, percentage: 100.0
Sink 49 non è soddisfatto. Flusso netto: 3.83, Demand: 7.0, percentage: 54.714285714285715
Flusso totale entrante nei SINK: 42.402
Flusso totale uscente nei SINK: 18.822000000000003
Flusso totale netto nei SINK: 23.58
Total DEMAND dei SINK: 46.44
Percentual di flusso ai SINK: 0.5077519379844961
Numero di Sink soddisfatti: 13.0, numero totale di sink: 25.0
Percentuale di Sink soddisfatti: 0.52

---------------------------------- DAY 175

Update Fixed Elements from Intrinsic Faults
Update Fixed Elements from Heavy Faults
Update Fixed Elements from Attack
Propagate Intrinsic Fault
Node NODO_19 has still failing due to Intrinsic Fault
Node NODO_11 has still failing due to Intrinsic Fault
pipeline ARCO_35 still has reduced capacity: 0.0 due to Intrinsic Fault
pipeline ARCO_109 still has reduced capacity: 0.0 due to Intrinsic Fault
pipeline ARCO_110 still has reduced capacity: 0.0 due to Intrinsic Fault
pipeline V_EDGE_53_17 still has reduced capacity: 0.0 due to Intrinsic Fault
pipeline ARCO_39 still has reduced capacity: 0.0 due to Intrinsic Fault
pipeline ARCO_40 still has reduced capacity: 0.0 due to Intrinsic Fault
pipeline ARCO_105 still has reduced capacity: 0.0 due to Intrinsic Fault
pipeline ARCO_3 still has reduced capacity: 9.688 due to Intrinsic Fault
pipeline ARCO_90 still has reduced capacity: 1.6 due to Intrinsic Fault
pipeline ARCO_91 still has reduced capacity: 9.688 due to Intrinsic Fault
pipeline ARCO_92 still has reduced capacity: 39.328 due to Intrinsic Fault
pipeline V_EDGE_53_9 still has reduced capacity: 5.68 due to Intrinsic Fault
pipeline ARCO_20 still has reduced capacity: 1.6 due to Intrinsic Fault
pipeline ARCO_21 still has reduced capacity: 9.688 due to Intrinsic Fault
pipeline ARCO_22 still has reduced capacity: 39.328 due to Intrinsic Fault
pipeline ARCO_73 still has reduced capacity: 9.688 due to Intrinsic Fault
Propagate Heavy Faults
Propagate Attacks
Inject Intrinsic Failure To Source
Source NODO_10 is failing for an Intrinsic Fault in day: 175
pipeline ARCO_17 has reduced capacity due to NODO_10 Intrinsic fault
pipeline ARCO_88 has reduced capacity due to NODO_10 Intrinsic fault
pipeline ARCO_89 has reduced capacity due to NODO_10 Intrinsic fault
pipeline V_EDGE_53_8 has reduced capacity due to NODO_10 Intrinsic fault
pipeline ARCO_18 has reduced capacity due to NODO_10 Intrinsic fault
pipeline ARCO_19 has reduced capacity due to NODO_10 Intrinsic fault
pipeline ARCO_87 has reduced capacity due to NODO_10 Intrinsic fault
Inject Heavy Fault To Sources
Inject Attack Multiple To Source
Inject Intrinsic Fault To Pipeline
Inject Heavy Fault To Pipeline
Inject Attack To Pipeline
----------- Statistics ------------
	Sources Under Attack: 0
	Sources with Heavy Fault: 0
	Sources with Intrinsic Fault: 3
	Arcs with reduce capacity due to Attack: 0
	Arcs with reduce capacity due to Heavy Fault: 0
	Arcs with reduce capacity due to Intrinsic Fault: 23
	Arcs with Attacks: 0
	Arcs with Heavy Fault: 0
	Arcs with Intrinsic Fault: 0
--------- SOURCES STATISTICS ---------------
Demand del real Source[0]: -31.0, flusso erogato: 16.296000000000003, flusso entrante: 0.0, efficienza: 52.56774193548388 %
Demand del real Source[8]: -10.5, flusso erogato: 0.0, flusso entrante: 0.0, efficienza: 0.0 %
Demand del real Source[9]: -7.1, flusso erogato: 20.976, flusso entrante: 15.29600000000001, efficienza: 295.4366197183099 %
Demand del real Source[17]: -25.0, flusso erogato: 0.0, flusso entrante: 0.0, efficienza: 0.0 %
Flusso totale entrante nei Real Source: 15.29600000000001
Flusso totale uscente dai Real Source: 37.272000000000006
Flusso netto sui real Source: -21.975999999999996
--- SINKS STATISTICS ---
Sink 3 SODDISFATTO. Flusso netto: 3.4299999999999997, Demand: 3.43, percentage: 99.99999999999999
Sink 4 SODDISFATTO. Flusso netto: 0.5700000000000003, Demand: 0.57, percentage: 100.00000000000007
Sink 5 SODDISFATTO. Flusso netto: 0.660000000000001, Demand: 0.66, percentage: 100.00000000000016
Sink 11 SODDISFATTO. Flusso netto: 1.0300000000000011, Demand: 1.03, percentage: 100.00000000000011
Sink 15 SODDISFATTO. Flusso netto: 0.46000000000000085, Demand: 0.46, percentage: 100.00000000000017
Sink 16 non è soddisfatto. Flusso netto: 2.83, Demand: 8.4, percentage: 33.69047619047619
Sink 19 non è soddisfatto. Flusso netto: 0.0, Demand: 0.54, percentage: 0.0
Sink 23 non è soddisfatto. Flusso netto: 0.0, Demand: 0.6, percentage: 0.0
Sink 24 non è soddisfatto. Flusso netto: 0.0, Demand: 0.8, percentage: 0.0
Sink 25 non è soddisfatto. Flusso netto: 0.0, Demand: 3.5, percentage: 0.0
Sink 26 non è soddisfatto. Flusso netto: 0.0, Demand: 6.0, percentage: 0.0
Sink 28 non è soddisfatto. Flusso netto: 0.0, Demand: 0.4, percentage: 0.0
Sink 30 non è soddisfatto. Flusso netto: 0.0, Demand: 0.98, percentage: 0.0
Sink 31 non è soddisfatto. Flusso netto: 0.0, Demand: 0.4, percentage: 0.0
Sink 32 SODDISFATTO. Flusso netto: 0.9999999999999991, Demand: 1.0, percentage: 99.99999999999991
Sink 34 SODDISFATTO. Flusso netto: 1.7400000000000002, Demand: 1.74, percentage: 100.00000000000003
Sink 35 non è soddisfatto. Flusso netto: 0.0, Demand: 1.3, percentage: 0.0
Sink 37 SODDISFATTO. Flusso netto: 1.0, Demand: 1.0, percentage: 100.0
Sink 39 non è soddisfatto. Flusso netto: 0.0, Demand: 0.4, percentage: 0.0
Sink 40 non è soddisfatto. Flusso netto: 0.0, Demand: 0.5, percentage: 0.0
Sink 41 SODDISFATTO. Flusso netto: 1.0600000000000005, Demand: 1.06, percentage: 100.00000000000004
Sink 42 SODDISFATTO. Flusso netto: 2.8199999999999994, Demand: 2.82, percentage: 99.99999999999999
Sink 45 SODDISFATTO. Flusso netto: 0.6800000000000002, Demand: 0.68, percentage: 100.00000000000003
Sink 46 SODDISFATTO. Flusso netto: 1.17, Demand: 1.17, percentage: 100.0
Sink 49 non è soddisfatto. Flusso netto: 3.526, Demand: 7.0, percentage: 50.37142857142857
Flusso totale entrante nei SINK: 47.49000000000001
Flusso totale uscente nei SINK: 25.514000000000003
Flusso totale netto nei SINK: 21.976000000000006
Total DEMAND dei SINK: 46.44
Percentual di flusso ai SINK: 0.47321274763135246
Numero di Sink soddisfatti: 12.0, numero totale di sink: 25.0
Percentuale di Sink soddisfatti: 0.48

---------------------------------- DAY 176

Update Fixed Elements from Intrinsic Faults
Update Fixed Elements from Heavy Faults
Update Fixed Elements from Attack
Propagate Intrinsic Fault
Node NODO_19 has still failing due to Intrinsic Fault
Node NODO_11 has still failing due to Intrinsic Fault
Node NODO_10 has still failing due to Intrinsic Fault
pipeline ARCO_35 still has reduced capacity: 0.0 due to Intrinsic Fault
pipeline ARCO_109 still has reduced capacity: 0.0 due to Intrinsic Fault
pipeline ARCO_110 still has reduced capacity: 0.0 due to Intrinsic Fault
pipeline V_EDGE_53_17 still has reduced capacity: 0.0 due to Intrinsic Fault
pipeline ARCO_39 still has reduced capacity: 0.0 due to Intrinsic Fault
pipeline ARCO_40 still has reduced capacity: 0.0 due to Intrinsic Fault
pipeline ARCO_105 still has reduced capacity: 0.0 due to Intrinsic Fault
pipeline ARCO_3 still has reduced capacity: 9.688 due to Intrinsic Fault
pipeline ARCO_90 still has reduced capacity: 1.6 due to Intrinsic Fault
pipeline ARCO_91 still has reduced capacity: 9.688 due to Intrinsic Fault
pipeline ARCO_92 still has reduced capacity: 39.328 due to Intrinsic Fault
pipeline V_EDGE_53_9 still has reduced capacity: 5.68 due to Intrinsic Fault
pipeline ARCO_20 still has reduced capacity: 1.6 due to Intrinsic Fault
pipeline ARCO_21 still has reduced capacity: 9.688 due to Intrinsic Fault
pipeline ARCO_22 still has reduced capacity: 39.328 due to Intrinsic Fault
pipeline ARCO_73 still has reduced capacity: 9.688 due to Intrinsic Fault
pipeline ARCO_17 still has reduced capacity: 0.0 due to Intrinsic Fault
pipeline ARCO_88 still has reduced capacity: 0.0 due to Intrinsic Fault
pipeline ARCO_89 still has reduced capacity: 0.0 due to Intrinsic Fault
pipeline V_EDGE_53_8 still has reduced capacity: 0.0 due to Intrinsic Fault
pipeline ARCO_18 still has reduced capacity: 0.0 due to Intrinsic Fault
pipeline ARCO_19 still has reduced capacity: 0.0 due to Intrinsic Fault
pipeline ARCO_87 still has reduced capacity: 0.0 due to Intrinsic Fault
Propagate Heavy Faults
Propagate Attacks
Inject Intrinsic Failure To Source
Inject Heavy Fault To Sources
Inject Attack Multiple To Source
Inject Intrinsic Fault To Pipeline
Inject Heavy Fault To Pipeline
Inject Attack To Pipeline
----------- Statistics ------------
	Sources Under Attack: 0
	Sources with Heavy Fault: 0
	Sources with Intrinsic Fault: 3
	Arcs with reduce capacity due to Attack: 0
	Arcs with reduce capacity due to Heavy Fault: 0
	Arcs with reduce capacity due to Intrinsic Fault: 23
	Arcs with Attacks: 0
	Arcs with Heavy Fault: 0
	Arcs with Intrinsic Fault: 0
--------- SOURCES STATISTICS ---------------
Demand del real Source[0]: -31.0, flusso erogato: 16.296000000000003, flusso entrante: 0.0, efficienza: 52.56774193548388 %
Demand del real Source[8]: -10.5, flusso erogato: 0.0, flusso entrante: 0.0, efficienza: 0.0 %
Demand del real Source[9]: -7.1, flusso erogato: 20.976, flusso entrante: 15.29600000000001, efficienza: 295.4366197183099 %
Demand del real Source[17]: -25.0, flusso erogato: 0.0, flusso entrante: 0.0, efficienza: 0.0 %
Flusso totale entrante nei Real Source: 15.29600000000001
Flusso totale uscente dai Real Source: 37.272000000000006
Flusso netto sui real Source: -21.975999999999996
--- SINKS STATISTICS ---
Sink 3 SODDISFATTO. Flusso netto: 3.4299999999999997, Demand: 3.43, percentage: 99.99999999999999
Sink 4 SODDISFATTO. Flusso netto: 0.5700000000000003, Demand: 0.57, percentage: 100.00000000000007
Sink 5 SODDISFATTO. Flusso netto: 0.660000000000001, Demand: 0.66, percentage: 100.00000000000016
Sink 11 SODDISFATTO. Flusso netto: 1.0300000000000011, Demand: 1.03, percentage: 100.00000000000011
Sink 15 SODDISFATTO. Flusso netto: 0.46000000000000085, Demand: 0.46, percentage: 100.00000000000017
Sink 16 non è soddisfatto. Flusso netto: 2.83, Demand: 8.4, percentage: 33.69047619047619
Sink 19 non è soddisfatto. Flusso netto: 0.0, Demand: 0.54, percentage: 0.0
Sink 23 non è soddisfatto. Flusso netto: 0.0, Demand: 0.6, percentage: 0.0
Sink 24 non è soddisfatto. Flusso netto: 0.0, Demand: 0.8, percentage: 0.0
Sink 25 non è soddisfatto. Flusso netto: 0.0, Demand: 3.5, percentage: 0.0
Sink 26 non è soddisfatto. Flusso netto: 0.0, Demand: 6.0, percentage: 0.0
Sink 28 non è soddisfatto. Flusso netto: 0.0, Demand: 0.4, percentage: 0.0
Sink 30 non è soddisfatto. Flusso netto: 0.0, Demand: 0.98, percentage: 0.0
Sink 31 non è soddisfatto. Flusso netto: 0.0, Demand: 0.4, percentage: 0.0
Sink 32 SODDISFATTO. Flusso netto: 0.9999999999999991, Demand: 1.0, percentage: 99.99999999999991
Sink 34 SODDISFATTO. Flusso netto: 1.7400000000000002, Demand: 1.74, percentage: 100.00000000000003
Sink 35 non è soddisfatto. Flusso netto: 0.0, Demand: 1.3, percentage: 0.0
Sink 37 SODDISFATTO. Flusso netto: 1.0, Demand: 1.0, percentage: 100.0
Sink 39 non è soddisfatto. Flusso netto: 0.0, Demand: 0.4, percentage: 0.0
Sink 40 non è soddisfatto. Flusso netto: 0.0, Demand: 0.5, percentage: 0.0
Sink 41 SODDISFATTO. Flusso netto: 1.0600000000000005, Demand: 1.06, percentage: 100.00000000000004
Sink 42 SODDISFATTO. Flusso netto: 2.8199999999999994, Demand: 2.82, percentage: 99.99999999999999
Sink 45 SODDISFATTO. Flusso netto: 0.6800000000000002, Demand: 0.68, percentage: 100.00000000000003
Sink 46 SODDISFATTO. Flusso netto: 1.17, Demand: 1.17, percentage: 100.0
Sink 49 non è soddisfatto. Flusso netto: 3.526, Demand: 7.0, percentage: 50.37142857142857
Flusso totale entrante nei SINK: 47.49000000000001
Flusso totale uscente nei SINK: 25.514000000000003
Flusso totale netto nei SINK: 21.976000000000006
Total DEMAND dei SINK: 46.44
Percentual di flusso ai SINK: 0.47321274763135246
Numero di Sink soddisfatti: 12.0, numero totale di sink: 25.0
Percentuale di Sink soddisfatti: 0.48

---------------------------------- DAY 177

Update Fixed Elements from Intrinsic Faults
Source NODO_19 fixed from Intrinsic Fault
Pipeline ARCO_35 fixed due to Source NODO_19 fixing from Intrinsic Fault
Pipeline ARCO_109 fixed due to Source NODO_19 fixing from Intrinsic Fault
Pipeline ARCO_110 fixed due to Source NODO_19 fixing from Intrinsic Fault
Pipeline V_EDGE_53_17 fixed due to Source NODO_19 fixing from Intrinsic Fault
Pipeline ARCO_39 fixed due to Source NODO_19 fixing from Intrinsic Fault
Pipeline ARCO_40 fixed due to Source NODO_19 fixing from Intrinsic Fault
Pipeline ARCO_105 fixed due to Source NODO_19 fixing from Intrinsic Fault
Source NODO_11 fixed from Intrinsic Fault
Pipeline ARCO_3 fixed due to Source NODO_11 fixing from Intrinsic Fault
Pipeline ARCO_90 fixed due to Source NODO_11 fixing from Intrinsic Fault
Pipeline ARCO_91 fixed due to Source NODO_11 fixing from Intrinsic Fault
Pipeline ARCO_92 fixed due to Source NODO_11 fixing from Intrinsic Fault
Pipeline V_EDGE_53_9 fixed due to Source NODO_11 fixing from Intrinsic Fault
Pipeline ARCO_20 fixed due to Source NODO_11 fixing from Intrinsic Fault
Pipeline ARCO_21 fixed due to Source NODO_11 fixing from Intrinsic Fault
Pipeline ARCO_22 fixed due to Source NODO_11 fixing from Intrinsic Fault
Pipeline ARCO_73 fixed due to Source NODO_11 fixing from Intrinsic Fault
Update Fixed Elements from Heavy Faults
Update Fixed Elements from Attack
Propagate Intrinsic Fault
Node NODO_10 has still failing due to Intrinsic Fault
pipeline ARCO_17 still has reduced capacity: 0.0 due to Intrinsic Fault
pipeline ARCO_88 still has reduced capacity: 0.0 due to Intrinsic Fault
pipeline ARCO_89 still has reduced capacity: 0.0 due to Intrinsic Fault
pipeline V_EDGE_53_8 still has reduced capacity: 0.0 due to Intrinsic Fault
pipeline ARCO_18 still has reduced capacity: 0.0 due to Intrinsic Fault
pipeline ARCO_19 still has reduced capacity: 0.0 due to Intrinsic Fault
pipeline ARCO_87 still has reduced capacity: 0.0 due to Intrinsic Fault
Propagate Heavy Faults
Propagate Attacks
Inject Intrinsic Failure To Source
Inject Heavy Fault To Sources
Inject Attack Multiple To Source
Inject Intrinsic Fault To Pipeline
Inject Heavy Fault To Pipeline
Inject Attack To Pipeline
----------- Statistics ------------
	Sources Under Attack: 0
	Sources with Heavy Fault: 0
	Sources with Intrinsic Fault: 1
	Arcs with reduce capacity due to Attack: 0
	Arcs with reduce capacity due to Heavy Fault: 0
	Arcs with reduce capacity due to Intrinsic Fault: 7
	Arcs with Attacks: 0
	Arcs with Heavy Fault: 0
	Arcs with Intrinsic Fault: 0
--------- SOURCES STATISTICS ---------------
Demand del real Source[0]: -31.0, flusso erogato: 11.159999999999997, flusso entrante: 0.0, efficienza: 35.999999999999986 %
Demand del real Source[8]: -10.5, flusso erogato: 0.0, flusso entrante: 0.0, efficienza: 0.0 %
Demand del real Source[9]: -7.1, flusso erogato: 17.259999999999998, flusso entrante: 10.159999999999997, efficienza: 243.09859154929575 %
Demand del real Source[17]: -25.0, flusso erogato: 25.000000000000007, flusso entrante: 0.0, efficienza: 100.00000000000003 %
Flusso totale entrante nei Real Source: 10.159999999999997
Flusso totale uscente dai Real Source: 53.42
Flusso netto sui real Source: -43.260000000000005
--- SINKS STATISTICS ---
Sink 3 SODDISFATTO. Flusso netto: 3.429999999999999, Demand: 3.43, percentage: 99.99999999999997
Sink 4 SODDISFATTO. Flusso netto: 0.5700000000000003, Demand: 0.57, percentage: 100.00000000000007
Sink 5 SODDISFATTO. Flusso netto: 0.6599999999999993, Demand: 0.66, percentage: 99.99999999999987
Sink 11 SODDISFATTO. Flusso netto: 1.0300000000000011, Demand: 1.03, percentage: 100.00000000000011
Sink 15 SODDISFATTO. Flusso netto: 0.4600000000000044, Demand: 0.46, percentage: 100.00000000000095
Sink 16 SODDISFATTO. Flusso netto: 8.399999999999993, Demand: 8.4, percentage: 99.99999999999991
Sink 19 SODDISFATTO. Flusso netto: 0.5399999999999938, Demand: 0.54, percentage: 99.99999999999885
Sink 23 SODDISFATTO. Flusso netto: 0.5999999999999996, Demand: 0.6, percentage: 99.99999999999994
Sink 24 SODDISFATTO. Flusso netto: 0.8000000000000007, Demand: 0.8, percentage: 100.00000000000009
Sink 25 SODDISFATTO. Flusso netto: 3.5, Demand: 3.5, percentage: 100.0
Sink 26 SODDISFATTO. Flusso netto: 6.000000000000007, Demand: 6.0, percentage: 100.00000000000011
Sink 28 SODDISFATTO. Flusso netto: 0.4, Demand: 0.4, percentage: 100.0
Sink 30 SODDISFATTO. Flusso netto: 0.9799999999999933, Demand: 0.98, percentage: 99.99999999999932
Sink 31 SODDISFATTO. Flusso netto: 0.3999999999999999, Demand: 0.4, percentage: 99.99999999999997
Sink 32 SODDISFATTO. Flusso netto: 0.9999999999999989, Demand: 1.0, percentage: 99.99999999999989
Sink 34 SODDISFATTO. Flusso netto: 1.7400000000000002, Demand: 1.74, percentage: 100.00000000000003
Sink 35 SODDISFATTO. Flusso netto: 1.3, Demand: 1.3, percentage: 100.0
Sink 37 SODDISFATTO. Flusso netto: 1.0, Demand: 1.0, percentage: 100.0
Sink 39 SODDISFATTO. Flusso netto: 0.40000000000000036, Demand: 0.4, percentage: 100.00000000000009
Sink 40 SODDISFATTO. Flusso netto: 0.5, Demand: 0.5, percentage: 100.0
Sink 41 SODDISFATTO. Flusso netto: 1.0599999999999996, Demand: 1.06, percentage: 99.99999999999996
Sink 42 SODDISFATTO. Flusso netto: 2.820000000000001, Demand: 2.82, percentage: 100.00000000000004
Sink 45 SODDISFATTO. Flusso netto: 0.6800000000000002, Demand: 0.68, percentage: 100.00000000000003
Sink 46 SODDISFATTO. Flusso netto: 1.17, Demand: 1.17, percentage: 100.0
Sink 49 non è soddisfatto. Flusso netto: 3.8200000000000003, Demand: 7.0, percentage: 54.57142857142857
Flusso totale entrante nei SINK: 88.47
Flusso totale uscente nei SINK: 45.21000000000001
Flusso totale netto nei SINK: 43.25999999999999
Total DEMAND dei SINK: 46.44
Percentual di flusso ai SINK: 0.9315245478036174
Numero di Sink soddisfatti: 24.0, numero totale di sink: 25.0
Percentuale di Sink soddisfatti: 0.96

---------------------------------- DAY 178

Update Fixed Elements from Intrinsic Faults
Update Fixed Elements from Heavy Faults
Update Fixed Elements from Attack
Propagate Intrinsic Fault
Node NODO_10 has still failing due to Intrinsic Fault
pipeline ARCO_17 still has reduced capacity: 0.0 due to Intrinsic Fault
pipeline ARCO_88 still has reduced capacity: 0.0 due to Intrinsic Fault
pipeline ARCO_89 still has reduced capacity: 0.0 due to Intrinsic Fault
pipeline V_EDGE_53_8 still has reduced capacity: 0.0 due to Intrinsic Fault
pipeline ARCO_18 still has reduced capacity: 0.0 due to Intrinsic Fault
pipeline ARCO_19 still has reduced capacity: 0.0 due to Intrinsic Fault
pipeline ARCO_87 still has reduced capacity: 0.0 due to Intrinsic Fault
Propagate Heavy Faults
Propagate Attacks
Inject Intrinsic Failure To Source
Source NODO_19 is failing for an Intrinsic Fault in day: 178
pipeline ARCO_35 has reduced capacity due to NODO_19 Intrinsic fault
pipeline ARCO_109 has reduced capacity due to NODO_19 Intrinsic fault
pipeline ARCO_110 has reduced capacity due to NODO_19 Intrinsic fault
pipeline V_EDGE_53_17 has reduced capacity due to NODO_19 Intrinsic fault
pipeline ARCO_39 has reduced capacity due to NODO_19 Intrinsic fault
pipeline ARCO_40 has reduced capacity due to NODO_19 Intrinsic fault
pipeline ARCO_105 has reduced capacity due to NODO_19 Intrinsic fault
Inject Heavy Fault To Sources
Inject Attack Multiple To Source
Inject Intrinsic Fault To Pipeline
Inject Heavy Fault To Pipeline
Inject Attack To Pipeline
----------- Statistics ------------
	Sources Under Attack: 0
	Sources with Heavy Fault: 0
	Sources with Intrinsic Fault: 2
	Arcs with reduce capacity due to Attack: 0
	Arcs with reduce capacity due to Heavy Fault: 0
	Arcs with reduce capacity due to Intrinsic Fault: 14
	Arcs with Attacks: 0
	Arcs with Heavy Fault: 0
	Arcs with Intrinsic Fault: 0
--------- SOURCES STATISTICS ---------------
Demand del real Source[0]: -31.0, flusso erogato: 16.470000000000002, flusso entrante: 0.0, efficienza: 53.12903225806453 %
Demand del real Source[8]: -10.5, flusso erogato: 0.0, flusso entrante: 0.0, efficienza: 0.0 %
Demand del real Source[9]: -7.1, flusso erogato: 22.57, flusso entrante: 15.469999999999999, efficienza: 317.88732394366195 %
Demand del real Source[17]: -25.0, flusso erogato: 0.0, flusso entrante: 0.0, efficienza: 0.0 %
Flusso totale entrante nei Real Source: 15.469999999999999
Flusso totale uscente dai Real Source: 39.040000000000006
Flusso netto sui real Source: -23.570000000000007
--- SINKS STATISTICS ---
Sink 3 SODDISFATTO. Flusso netto: 3.429999999999999, Demand: 3.43, percentage: 99.99999999999997
Sink 4 SODDISFATTO. Flusso netto: 0.5700000000000003, Demand: 0.57, percentage: 100.00000000000007
Sink 5 SODDISFATTO. Flusso netto: 0.6599999999999993, Demand: 0.66, percentage: 99.99999999999987
Sink 11 SODDISFATTO. Flusso netto: 1.0300000000000011, Demand: 1.03, percentage: 100.00000000000011
Sink 15 SODDISFATTO. Flusso netto: 0.4599999999999991, Demand: 0.46, percentage: 99.9999999999998
Sink 16 non è soddisfatto. Flusso netto: 2.83, Demand: 8.4, percentage: 33.69047619047619
Sink 19 non è soddisfatto. Flusso netto: 0.0, Demand: 0.54, percentage: 0.0
Sink 23 non è soddisfatto. Flusso netto: 0.0, Demand: 0.6, percentage: 0.0
Sink 24 non è soddisfatto. Flusso netto: 0.0, Demand: 0.8, percentage: 0.0
Sink 25 non è soddisfatto. Flusso netto: 0.0, Demand: 3.5, percentage: 0.0
Sink 26 non è soddisfatto. Flusso netto: 0.0, Demand: 6.0, percentage: 0.0
Sink 28 non è soddisfatto. Flusso netto: 0.0, Demand: 0.4, percentage: 0.0
Sink 30 non è soddisfatto. Flusso netto: 0.0, Demand: 0.98, percentage: 0.0
Sink 31 non è soddisfatto. Flusso netto: 0.0, Demand: 0.4, percentage: 0.0
Sink 32 SODDISFATTO. Flusso netto: 1.0000000000000009, Demand: 1.0, percentage: 100.00000000000009
Sink 34 SODDISFATTO. Flusso netto: 1.7400000000000002, Demand: 1.74, percentage: 100.00000000000003
Sink 35 SODDISFATTO. Flusso netto: 1.3, Demand: 1.3, percentage: 100.0
Sink 37 SODDISFATTO. Flusso netto: 1.0, Demand: 1.0, percentage: 100.0
Sink 39 non è soddisfatto. Flusso netto: 0.0, Demand: 0.4, percentage: 0.0
Sink 40 non è soddisfatto. Flusso netto: 0.0, Demand: 0.5, percentage: 0.0
Sink 41 SODDISFATTO. Flusso netto: 1.0600000000000005, Demand: 1.06, percentage: 100.00000000000004
Sink 42 SODDISFATTO. Flusso netto: 2.820000000000001, Demand: 2.82, percentage: 100.00000000000004
Sink 45 SODDISFATTO. Flusso netto: 0.6800000000000002, Demand: 0.68, percentage: 100.00000000000003
Sink 46 SODDISFATTO. Flusso netto: 1.17, Demand: 1.17, percentage: 100.0
Sink 49 non è soddisfatto. Flusso netto: 3.8200000000000003, Demand: 7.0, percentage: 54.57142857142857
Flusso totale entrante nei SINK: 49.58000000000001
Flusso totale uscente nei SINK: 26.01
Flusso totale netto nei SINK: 23.57000000000001
Total DEMAND dei SINK: 46.44
Percentual di flusso ai SINK: 0.5075366063738159
Numero di Sink soddisfatti: 13.0, numero totale di sink: 25.0
Percentuale di Sink soddisfatti: 0.52

---------------------------------- DAY 179

Update Fixed Elements from Intrinsic Faults
Update Fixed Elements from Heavy Faults
Update Fixed Elements from Attack
Propagate Intrinsic Fault
Node NODO_10 has still failing due to Intrinsic Fault
Node NODO_19 has still failing due to Intrinsic Fault
pipeline ARCO_17 still has reduced capacity: 0.0 due to Intrinsic Fault
pipeline ARCO_88 still has reduced capacity: 0.0 due to Intrinsic Fault
pipeline ARCO_89 still has reduced capacity: 0.0 due to Intrinsic Fault
pipeline V_EDGE_53_8 still has reduced capacity: 0.0 due to Intrinsic Fault
pipeline ARCO_18 still has reduced capacity: 0.0 due to Intrinsic Fault
pipeline ARCO_19 still has reduced capacity: 0.0 due to Intrinsic Fault
pipeline ARCO_87 still has reduced capacity: 0.0 due to Intrinsic Fault
pipeline ARCO_35 still has reduced capacity: 0.0 due to Intrinsic Fault
pipeline ARCO_109 still has reduced capacity: 0.0 due to Intrinsic Fault
pipeline ARCO_110 still has reduced capacity: 0.0 due to Intrinsic Fault
pipeline V_EDGE_53_17 still has reduced capacity: 0.0 due to Intrinsic Fault
pipeline ARCO_39 still has reduced capacity: 0.0 due to Intrinsic Fault
pipeline ARCO_40 still has reduced capacity: 0.0 due to Intrinsic Fault
pipeline ARCO_105 still has reduced capacity: 0.0 due to Intrinsic Fault
Propagate Heavy Faults
Propagate Attacks
Inject Intrinsic Failure To Source
Source NODO_19 is failing for an Intrinsic Fault in day: 179
pipeline ARCO_35 has reduced capacity due to NODO_19 Intrinsic fault
pipeline ARCO_109 has reduced capacity due to NODO_19 Intrinsic fault
pipeline ARCO_110 has reduced capacity due to NODO_19 Intrinsic fault
pipeline V_EDGE_53_17 has reduced capacity due to NODO_19 Intrinsic fault
pipeline ARCO_39 has reduced capacity due to NODO_19 Intrinsic fault
pipeline ARCO_40 has reduced capacity due to NODO_19 Intrinsic fault
pipeline ARCO_105 has reduced capacity due to NODO_19 Intrinsic fault
Inject Heavy Fault To Sources
Inject Attack Multiple To Source
Inject Intrinsic Fault To Pipeline
Inject Heavy Fault To Pipeline
Inject Attack To Pipeline
----------- Statistics ------------
	Sources Under Attack: 0
	Sources with Heavy Fault: 0
	Sources with Intrinsic Fault: 2
	Arcs with reduce capacity due to Attack: 0
	Arcs with reduce capacity due to Heavy Fault: 0
	Arcs with reduce capacity due to Intrinsic Fault: 14
	Arcs with Attacks: 0
	Arcs with Heavy Fault: 0
	Arcs with Intrinsic Fault: 0
--------- SOURCES STATISTICS ---------------
Demand del real Source[0]: -31.0, flusso erogato: 16.470000000000002, flusso entrante: 0.0, efficienza: 53.12903225806453 %
Demand del real Source[8]: -10.5, flusso erogato: 0.0, flusso entrante: 0.0, efficienza: 0.0 %
Demand del real Source[9]: -7.1, flusso erogato: 22.57, flusso entrante: 15.469999999999999, efficienza: 317.88732394366195 %
Demand del real Source[17]: -25.0, flusso erogato: 0.0, flusso entrante: 0.0, efficienza: 0.0 %
Flusso totale entrante nei Real Source: 15.469999999999999
Flusso totale uscente dai Real Source: 39.040000000000006
Flusso netto sui real Source: -23.570000000000007
--- SINKS STATISTICS ---
Sink 3 SODDISFATTO. Flusso netto: 3.429999999999999, Demand: 3.43, percentage: 99.99999999999997
Sink 4 SODDISFATTO. Flusso netto: 0.5700000000000003, Demand: 0.57, percentage: 100.00000000000007
Sink 5 SODDISFATTO. Flusso netto: 0.6599999999999993, Demand: 0.66, percentage: 99.99999999999987
Sink 11 SODDISFATTO. Flusso netto: 1.0300000000000011, Demand: 1.03, percentage: 100.00000000000011
Sink 15 SODDISFATTO. Flusso netto: 0.4599999999999991, Demand: 0.46, percentage: 99.9999999999998
Sink 16 non è soddisfatto. Flusso netto: 2.83, Demand: 8.4, percentage: 33.69047619047619
Sink 19 non è soddisfatto. Flusso netto: 0.0, Demand: 0.54, percentage: 0.0
Sink 23 non è soddisfatto. Flusso netto: 0.0, Demand: 0.6, percentage: 0.0
Sink 24 non è soddisfatto. Flusso netto: 0.0, Demand: 0.8, percentage: 0.0
Sink 25 non è soddisfatto. Flusso netto: 0.0, Demand: 3.5, percentage: 0.0
Sink 26 non è soddisfatto. Flusso netto: 0.0, Demand: 6.0, percentage: 0.0
Sink 28 non è soddisfatto. Flusso netto: 0.0, Demand: 0.4, percentage: 0.0
Sink 30 non è soddisfatto. Flusso netto: 0.0, Demand: 0.98, percentage: 0.0
Sink 31 non è soddisfatto. Flusso netto: 0.0, Demand: 0.4, percentage: 0.0
Sink 32 SODDISFATTO. Flusso netto: 1.0000000000000009, Demand: 1.0, percentage: 100.00000000000009
Sink 34 SODDISFATTO. Flusso netto: 1.7400000000000002, Demand: 1.74, percentage: 100.00000000000003
Sink 35 SODDISFATTO. Flusso netto: 1.3, Demand: 1.3, percentage: 100.0
Sink 37 SODDISFATTO. Flusso netto: 1.0, Demand: 1.0, percentage: 100.0
Sink 39 non è soddisfatto. Flusso netto: 0.0, Demand: 0.4, percentage: 0.0
Sink 40 non è soddisfatto. Flusso netto: 0.0, Demand: 0.5, percentage: 0.0
Sink 41 SODDISFATTO. Flusso netto: 1.0600000000000005, Demand: 1.06, percentage: 100.00000000000004
Sink 42 SODDISFATTO. Flusso netto: 2.820000000000001, Demand: 2.82, percentage: 100.00000000000004
Sink 45 SODDISFATTO. Flusso netto: 0.6800000000000002, Demand: 0.68, percentage: 100.00000000000003
Sink 46 SODDISFATTO. Flusso netto: 1.17, Demand: 1.17, percentage: 100.0
Sink 49 non è soddisfatto. Flusso netto: 3.8200000000000003, Demand: 7.0, percentage: 54.57142857142857
Flusso totale entrante nei SINK: 49.58000000000001
Flusso totale uscente nei SINK: 26.01
Flusso totale netto nei SINK: 23.57000000000001
Total DEMAND dei SINK: 46.44
Percentual di flusso ai SINK: 0.5075366063738159
Numero di Sink soddisfatti: 13.0, numero totale di sink: 25.0
Percentuale di Sink soddisfatti: 0.52

---------------------------------- DAY 180

Update Fixed Elements from Intrinsic Faults
Source NODO_10 fixed from Intrinsic Fault
Pipeline ARCO_17 fixed due to Source NODO_10 fixing from Intrinsic Fault
Pipeline ARCO_88 fixed due to Source NODO_10 fixing from Intrinsic Fault
Pipeline ARCO_89 fixed due to Source NODO_10 fixing from Intrinsic Fault
Pipeline V_EDGE_53_8 fixed due to Source NODO_10 fixing from Intrinsic Fault
Pipeline ARCO_18 fixed due to Source NODO_10 fixing from Intrinsic Fault
Pipeline ARCO_19 fixed due to Source NODO_10 fixing from Intrinsic Fault
Pipeline ARCO_87 fixed due to Source NODO_10 fixing from Intrinsic Fault
Update Fixed Elements from Heavy Faults
Update Fixed Elements from Attack
Propagate Intrinsic Fault
Node NODO_19 has still failing due to Intrinsic Fault
pipeline ARCO_35 still has reduced capacity: 0.0 due to Intrinsic Fault
pipeline ARCO_109 still has reduced capacity: 0.0 due to Intrinsic Fault
pipeline ARCO_110 still has reduced capacity: 0.0 due to Intrinsic Fault
pipeline V_EDGE_53_17 still has reduced capacity: 0.0 due to Intrinsic Fault
pipeline ARCO_39 still has reduced capacity: 0.0 due to Intrinsic Fault
pipeline ARCO_40 still has reduced capacity: 0.0 due to Intrinsic Fault
pipeline ARCO_105 still has reduced capacity: 0.0 due to Intrinsic Fault
Propagate Heavy Faults
Propagate Attacks
Inject Intrinsic Failure To Source
Source NODO_10 is failing for an Intrinsic Fault in day: 180
pipeline ARCO_17 has reduced capacity due to NODO_10 Intrinsic fault
pipeline ARCO_88 has reduced capacity due to NODO_10 Intrinsic fault
pipeline ARCO_89 has reduced capacity due to NODO_10 Intrinsic fault
pipeline V_EDGE_53_8 has reduced capacity due to NODO_10 Intrinsic fault
pipeline ARCO_18 has reduced capacity due to NODO_10 Intrinsic fault
pipeline ARCO_19 has reduced capacity due to NODO_10 Intrinsic fault
pipeline ARCO_87 has reduced capacity due to NODO_10 Intrinsic fault
Inject Heavy Fault To Sources
Inject Attack Multiple To Source
Inject Intrinsic Fault To Pipeline
Inject Heavy Fault To Pipeline
Inject Attack To Pipeline
----------- Statistics ------------
	Sources Under Attack: 0
	Sources with Heavy Fault: 0
	Sources with Intrinsic Fault: 2
	Arcs with reduce capacity due to Attack: 0
	Arcs with reduce capacity due to Heavy Fault: 0
	Arcs with reduce capacity due to Intrinsic Fault: 14
	Arcs with Attacks: 0
	Arcs with Heavy Fault: 0
	Arcs with Intrinsic Fault: 0
--------- SOURCES STATISTICS ---------------
Demand del real Source[0]: -31.0, flusso erogato: 16.470000000000002, flusso entrante: 0.0, efficienza: 53.12903225806453 %
Demand del real Source[8]: -10.5, flusso erogato: 0.0, flusso entrante: 0.0, efficienza: 0.0 %
Demand del real Source[9]: -7.1, flusso erogato: 22.57, flusso entrante: 15.469999999999999, efficienza: 317.88732394366195 %
Demand del real Source[17]: -25.0, flusso erogato: 0.0, flusso entrante: 0.0, efficienza: 0.0 %
Flusso totale entrante nei Real Source: 15.469999999999999
Flusso totale uscente dai Real Source: 39.040000000000006
Flusso netto sui real Source: -23.570000000000007
--- SINKS STATISTICS ---
Sink 3 SODDISFATTO. Flusso netto: 3.429999999999999, Demand: 3.43, percentage: 99.99999999999997
Sink 4 SODDISFATTO. Flusso netto: 0.5700000000000003, Demand: 0.57, percentage: 100.00000000000007
Sink 5 SODDISFATTO. Flusso netto: 0.6599999999999993, Demand: 0.66, percentage: 99.99999999999987
Sink 11 SODDISFATTO. Flusso netto: 1.0300000000000011, Demand: 1.03, percentage: 100.00000000000011
Sink 15 SODDISFATTO. Flusso netto: 0.4599999999999991, Demand: 0.46, percentage: 99.9999999999998
Sink 16 non è soddisfatto. Flusso netto: 2.83, Demand: 8.4, percentage: 33.69047619047619
Sink 19 non è soddisfatto. Flusso netto: 0.0, Demand: 0.54, percentage: 0.0
Sink 23 non è soddisfatto. Flusso netto: 0.0, Demand: 0.6, percentage: 0.0
Sink 24 non è soddisfatto. Flusso netto: 0.0, Demand: 0.8, percentage: 0.0
Sink 25 non è soddisfatto. Flusso netto: 0.0, Demand: 3.5, percentage: 0.0
Sink 26 non è soddisfatto. Flusso netto: 0.0, Demand: 6.0, percentage: 0.0
Sink 28 non è soddisfatto. Flusso netto: 0.0, Demand: 0.4, percentage: 0.0
Sink 30 non è soddisfatto. Flusso netto: 0.0, Demand: 0.98, percentage: 0.0
Sink 31 non è soddisfatto. Flusso netto: 0.0, Demand: 0.4, percentage: 0.0
Sink 32 SODDISFATTO. Flusso netto: 1.0000000000000009, Demand: 1.0, percentage: 100.00000000000009
Sink 34 SODDISFATTO. Flusso netto: 1.7400000000000002, Demand: 1.74, percentage: 100.00000000000003
Sink 35 SODDISFATTO. Flusso netto: 1.3, Demand: 1.3, percentage: 100.0
Sink 37 SODDISFATTO. Flusso netto: 1.0, Demand: 1.0, percentage: 100.0
Sink 39 non è soddisfatto. Flusso netto: 0.0, Demand: 0.4, percentage: 0.0
Sink 40 non è soddisfatto. Flusso netto: 0.0, Demand: 0.5, percentage: 0.0
Sink 41 SODDISFATTO. Flusso netto: 1.0600000000000005, Demand: 1.06, percentage: 100.00000000000004
Sink 42 SODDISFATTO. Flusso netto: 2.820000000000001, Demand: 2.82, percentage: 100.00000000000004
Sink 45 SODDISFATTO. Flusso netto: 0.6800000000000002, Demand: 0.68, percentage: 100.00000000000003
Sink 46 SODDISFATTO. Flusso netto: 1.17, Demand: 1.17, percentage: 100.0
Sink 49 non è soddisfatto. Flusso netto: 3.8200000000000003, Demand: 7.0, percentage: 54.57142857142857
Flusso totale entrante nei SINK: 49.58000000000001
Flusso totale uscente nei SINK: 26.01
Flusso totale netto nei SINK: 23.57000000000001
Total DEMAND dei SINK: 46.44
Percentual di flusso ai SINK: 0.5075366063738159
Numero di Sink soddisfatti: 13.0, numero totale di sink: 25.0
Percentuale di Sink soddisfatti: 0.52

---------------------------------- DAY 181

Update Fixed Elements from Intrinsic Faults
Update Fixed Elements from Heavy Faults
Update Fixed Elements from Attack
Propagate Intrinsic Fault
Node NODO_19 has still failing due to Intrinsic Fault
Node NODO_10 has still failing due to Intrinsic Fault
pipeline ARCO_35 still has reduced capacity: 0.0 due to Intrinsic Fault
pipeline ARCO_109 still has reduced capacity: 0.0 due to Intrinsic Fault
pipeline ARCO_110 still has reduced capacity: 0.0 due to Intrinsic Fault
pipeline V_EDGE_53_17 still has reduced capacity: 0.0 due to Intrinsic Fault
pipeline ARCO_39 still has reduced capacity: 0.0 due to Intrinsic Fault
pipeline ARCO_40 still has reduced capacity: 0.0 due to Intrinsic Fault
pipeline ARCO_105 still has reduced capacity: 0.0 due to Intrinsic Fault
pipeline ARCO_17 still has reduced capacity: 0.0 due to Intrinsic Fault
pipeline ARCO_88 still has reduced capacity: 0.0 due to Intrinsic Fault
pipeline ARCO_89 still has reduced capacity: 0.0 due to Intrinsic Fault
pipeline V_EDGE_53_8 still has reduced capacity: 0.0 due to Intrinsic Fault
pipeline ARCO_18 still has reduced capacity: 0.0 due to Intrinsic Fault
pipeline ARCO_19 still has reduced capacity: 0.0 due to Intrinsic Fault
pipeline ARCO_87 still has reduced capacity: 0.0 due to Intrinsic Fault
Propagate Heavy Faults
Propagate Attacks
Inject Intrinsic Failure To Source
Source NODO_10 is failing for an Intrinsic Fault in day: 181
pipeline ARCO_17 has reduced capacity due to NODO_10 Intrinsic fault
pipeline ARCO_88 has reduced capacity due to NODO_10 Intrinsic fault
pipeline ARCO_89 has reduced capacity due to NODO_10 Intrinsic fault
pipeline V_EDGE_53_8 has reduced capacity due to NODO_10 Intrinsic fault
pipeline ARCO_18 has reduced capacity due to NODO_10 Intrinsic fault
pipeline ARCO_19 has reduced capacity due to NODO_10 Intrinsic fault
pipeline ARCO_87 has reduced capacity due to NODO_10 Intrinsic fault
Inject Heavy Fault To Sources
Inject Attack Multiple To Source
Inject Intrinsic Fault To Pipeline
Inject Heavy Fault To Pipeline
Inject Attack To Pipeline
----------- Statistics ------------
	Sources Under Attack: 0
	Sources with Heavy Fault: 0
	Sources with Intrinsic Fault: 2
	Arcs with reduce capacity due to Attack: 0
	Arcs with reduce capacity due to Heavy Fault: 0
	Arcs with reduce capacity due to Intrinsic Fault: 14
	Arcs with Attacks: 0
	Arcs with Heavy Fault: 0
	Arcs with Intrinsic Fault: 0
--------- SOURCES STATISTICS ---------------
Demand del real Source[0]: -31.0, flusso erogato: 16.470000000000002, flusso entrante: 0.0, efficienza: 53.12903225806453 %
Demand del real Source[8]: -10.5, flusso erogato: 0.0, flusso entrante: 0.0, efficienza: 0.0 %
Demand del real Source[9]: -7.1, flusso erogato: 22.57, flusso entrante: 15.469999999999999, efficienza: 317.88732394366195 %
Demand del real Source[17]: -25.0, flusso erogato: 0.0, flusso entrante: 0.0, efficienza: 0.0 %
Flusso totale entrante nei Real Source: 15.469999999999999
Flusso totale uscente dai Real Source: 39.040000000000006
Flusso netto sui real Source: -23.570000000000007
--- SINKS STATISTICS ---
Sink 3 SODDISFATTO. Flusso netto: 3.429999999999999, Demand: 3.43, percentage: 99.99999999999997
Sink 4 SODDISFATTO. Flusso netto: 0.5700000000000003, Demand: 0.57, percentage: 100.00000000000007
Sink 5 SODDISFATTO. Flusso netto: 0.6599999999999993, Demand: 0.66, percentage: 99.99999999999987
Sink 11 SODDISFATTO. Flusso netto: 1.0300000000000011, Demand: 1.03, percentage: 100.00000000000011
Sink 15 SODDISFATTO. Flusso netto: 0.4599999999999991, Demand: 0.46, percentage: 99.9999999999998
Sink 16 non è soddisfatto. Flusso netto: 2.83, Demand: 8.4, percentage: 33.69047619047619
Sink 19 non è soddisfatto. Flusso netto: 0.0, Demand: 0.54, percentage: 0.0
Sink 23 non è soddisfatto. Flusso netto: 0.0, Demand: 0.6, percentage: 0.0
Sink 24 non è soddisfatto. Flusso netto: 0.0, Demand: 0.8, percentage: 0.0
Sink 25 non è soddisfatto. Flusso netto: 0.0, Demand: 3.5, percentage: 0.0
Sink 26 non è soddisfatto. Flusso netto: 0.0, Demand: 6.0, percentage: 0.0
Sink 28 non è soddisfatto. Flusso netto: 0.0, Demand: 0.4, percentage: 0.0
Sink 30 non è soddisfatto. Flusso netto: 0.0, Demand: 0.98, percentage: 0.0
Sink 31 non è soddisfatto. Flusso netto: 0.0, Demand: 0.4, percentage: 0.0
Sink 32 SODDISFATTO. Flusso netto: 1.0000000000000009, Demand: 1.0, percentage: 100.00000000000009
Sink 34 SODDISFATTO. Flusso netto: 1.7400000000000002, Demand: 1.74, percentage: 100.00000000000003
Sink 35 SODDISFATTO. Flusso netto: 1.3, Demand: 1.3, percentage: 100.0
Sink 37 SODDISFATTO. Flusso netto: 1.0, Demand: 1.0, percentage: 100.0
Sink 39 non è soddisfatto. Flusso netto: 0.0, Demand: 0.4, percentage: 0.0
Sink 40 non è soddisfatto. Flusso netto: 0.0, Demand: 0.5, percentage: 0.0
Sink 41 SODDISFATTO. Flusso netto: 1.0600000000000005, Demand: 1.06, percentage: 100.00000000000004
Sink 42 SODDISFATTO. Flusso netto: 2.820000000000001, Demand: 2.82, percentage: 100.00000000000004
Sink 45 SODDISFATTO. Flusso netto: 0.6800000000000002, Demand: 0.68, percentage: 100.00000000000003
Sink 46 SODDISFATTO. Flusso netto: 1.17, Demand: 1.17, percentage: 100.0
Sink 49 non è soddisfatto. Flusso netto: 3.8200000000000003, Demand: 7.0, percentage: 54.57142857142857
Flusso totale entrante nei SINK: 49.58000000000001
Flusso totale uscente nei SINK: 26.01
Flusso totale netto nei SINK: 23.57000000000001
Total DEMAND dei SINK: 46.44
Percentual di flusso ai SINK: 0.5075366063738159
Numero di Sink soddisfatti: 13.0, numero totale di sink: 25.0
Percentuale di Sink soddisfatti: 0.52

---------------------------------- DAY 182

Update Fixed Elements from Intrinsic Faults
Source NODO_19 fixed from Intrinsic Fault
Pipeline ARCO_35 fixed due to Source NODO_19 fixing from Intrinsic Fault
Pipeline ARCO_109 fixed due to Source NODO_19 fixing from Intrinsic Fault
Pipeline ARCO_110 fixed due to Source NODO_19 fixing from Intrinsic Fault
Pipeline V_EDGE_53_17 fixed due to Source NODO_19 fixing from Intrinsic Fault
Pipeline ARCO_39 fixed due to Source NODO_19 fixing from Intrinsic Fault
Pipeline ARCO_40 fixed due to Source NODO_19 fixing from Intrinsic Fault
Pipeline ARCO_105 fixed due to Source NODO_19 fixing from Intrinsic Fault
Update Fixed Elements from Heavy Faults
Update Fixed Elements from Attack
Propagate Intrinsic Fault
Node NODO_10 has still failing due to Intrinsic Fault
pipeline ARCO_17 still has reduced capacity: 0.0 due to Intrinsic Fault
pipeline ARCO_88 still has reduced capacity: 0.0 due to Intrinsic Fault
pipeline ARCO_89 still has reduced capacity: 0.0 due to Intrinsic Fault
pipeline V_EDGE_53_8 still has reduced capacity: 0.0 due to Intrinsic Fault
pipeline ARCO_18 still has reduced capacity: 0.0 due to Intrinsic Fault
pipeline ARCO_19 still has reduced capacity: 0.0 due to Intrinsic Fault
pipeline ARCO_87 still has reduced capacity: 0.0 due to Intrinsic Fault
Propagate Heavy Faults
Propagate Attacks
Inject Intrinsic Failure To Source
Inject Heavy Fault To Sources
Inject Attack Multiple To Source
Inject Intrinsic Fault To Pipeline
Inject Heavy Fault To Pipeline
Inject Attack To Pipeline
----------- Statistics ------------
	Sources Under Attack: 0
	Sources with Heavy Fault: 0
	Sources with Intrinsic Fault: 1
	Arcs with reduce capacity due to Attack: 0
	Arcs with reduce capacity due to Heavy Fault: 0
	Arcs with reduce capacity due to Intrinsic Fault: 7
	Arcs with Attacks: 0
	Arcs with Heavy Fault: 0
	Arcs with Intrinsic Fault: 0
--------- SOURCES STATISTICS ---------------
Demand del real Source[0]: -31.0, flusso erogato: 11.159999999999997, flusso entrante: 0.0, efficienza: 35.999999999999986 %
Demand del real Source[8]: -10.5, flusso erogato: 0.0, flusso entrante: 0.0, efficienza: 0.0 %
Demand del real Source[9]: -7.1, flusso erogato: 17.259999999999998, flusso entrante: 10.159999999999997, efficienza: 243.09859154929575 %
Demand del real Source[17]: -25.0, flusso erogato: 25.000000000000007, flusso entrante: 0.0, efficienza: 100.00000000000003 %
Flusso totale entrante nei Real Source: 10.159999999999997
Flusso totale uscente dai Real Source: 53.42
Flusso netto sui real Source: -43.260000000000005
--- SINKS STATISTICS ---
Sink 3 SODDISFATTO. Flusso netto: 3.429999999999999, Demand: 3.43, percentage: 99.99999999999997
Sink 4 SODDISFATTO. Flusso netto: 0.5700000000000003, Demand: 0.57, percentage: 100.00000000000007
Sink 5 SODDISFATTO. Flusso netto: 0.6599999999999993, Demand: 0.66, percentage: 99.99999999999987
Sink 11 SODDISFATTO. Flusso netto: 1.0300000000000011, Demand: 1.03, percentage: 100.00000000000011
Sink 15 SODDISFATTO. Flusso netto: 0.4600000000000044, Demand: 0.46, percentage: 100.00000000000095
Sink 16 SODDISFATTO. Flusso netto: 8.399999999999993, Demand: 8.4, percentage: 99.99999999999991
Sink 19 SODDISFATTO. Flusso netto: 0.5399999999999938, Demand: 0.54, percentage: 99.99999999999885
Sink 23 SODDISFATTO. Flusso netto: 0.5999999999999996, Demand: 0.6, percentage: 99.99999999999994
Sink 24 SODDISFATTO. Flusso netto: 0.8000000000000007, Demand: 0.8, percentage: 100.00000000000009
Sink 25 SODDISFATTO. Flusso netto: 3.5, Demand: 3.5, percentage: 100.0
Sink 26 SODDISFATTO. Flusso netto: 6.000000000000007, Demand: 6.0, percentage: 100.00000000000011
Sink 28 SODDISFATTO. Flusso netto: 0.4, Demand: 0.4, percentage: 100.0
Sink 30 SODDISFATTO. Flusso netto: 0.9799999999999933, Demand: 0.98, percentage: 99.99999999999932
Sink 31 SODDISFATTO. Flusso netto: 0.3999999999999999, Demand: 0.4, percentage: 99.99999999999997
Sink 32 SODDISFATTO. Flusso netto: 0.9999999999999989, Demand: 1.0, percentage: 99.99999999999989
Sink 34 SODDISFATTO. Flusso netto: 1.7400000000000002, Demand: 1.74, percentage: 100.00000000000003
Sink 35 SODDISFATTO. Flusso netto: 1.3, Demand: 1.3, percentage: 100.0
Sink 37 SODDISFATTO. Flusso netto: 1.0, Demand: 1.0, percentage: 100.0
Sink 39 SODDISFATTO. Flusso netto: 0.40000000000000036, Demand: 0.4, percentage: 100.00000000000009
Sink 40 SODDISFATTO. Flusso netto: 0.5, Demand: 0.5, percentage: 100.0
Sink 41 SODDISFATTO. Flusso netto: 1.0599999999999996, Demand: 1.06, percentage: 99.99999999999996
Sink 42 SODDISFATTO. Flusso netto: 2.820000000000001, Demand: 2.82, percentage: 100.00000000000004
Sink 45 SODDISFATTO. Flusso netto: 0.6800000000000002, Demand: 0.68, percentage: 100.00000000000003
Sink 46 SODDISFATTO. Flusso netto: 1.17, Demand: 1.17, percentage: 100.0
Sink 49 non è soddisfatto. Flusso netto: 3.8200000000000003, Demand: 7.0, percentage: 54.57142857142857
Flusso totale entrante nei SINK: 88.47
Flusso totale uscente nei SINK: 45.21000000000001
Flusso totale netto nei SINK: 43.25999999999999
Total DEMAND dei SINK: 46.44
Percentual di flusso ai SINK: 0.9315245478036174
Numero di Sink soddisfatti: 24.0, numero totale di sink: 25.0
Percentuale di Sink soddisfatti: 0.96

---------------------------------- DAY 183

Update Fixed Elements from Intrinsic Faults
Update Fixed Elements from Heavy Faults
Update Fixed Elements from Attack
Propagate Intrinsic Fault
Node NODO_10 has still failing due to Intrinsic Fault
pipeline ARCO_17 still has reduced capacity: 0.0 due to Intrinsic Fault
pipeline ARCO_88 still has reduced capacity: 0.0 due to Intrinsic Fault
pipeline ARCO_89 still has reduced capacity: 0.0 due to Intrinsic Fault
pipeline V_EDGE_53_8 still has reduced capacity: 0.0 due to Intrinsic Fault
pipeline ARCO_18 still has reduced capacity: 0.0 due to Intrinsic Fault
pipeline ARCO_19 still has reduced capacity: 0.0 due to Intrinsic Fault
pipeline ARCO_87 still has reduced capacity: 0.0 due to Intrinsic Fault
Propagate Heavy Faults
Propagate Attacks
Inject Intrinsic Failure To Source
Inject Heavy Fault To Sources
Inject Attack Multiple To Source
Inject Intrinsic Fault To Pipeline
Inject Heavy Fault To Pipeline
Inject Attack To Pipeline
----------- Statistics ------------
	Sources Under Attack: 0
	Sources with Heavy Fault: 0
	Sources with Intrinsic Fault: 1
	Arcs with reduce capacity due to Attack: 0
	Arcs with reduce capacity due to Heavy Fault: 0
	Arcs with reduce capacity due to Intrinsic Fault: 7
	Arcs with Attacks: 0
	Arcs with Heavy Fault: 0
	Arcs with Intrinsic Fault: 0
--------- SOURCES STATISTICS ---------------
Demand del real Source[0]: -31.0, flusso erogato: 11.159999999999997, flusso entrante: 0.0, efficienza: 35.999999999999986 %
Demand del real Source[8]: -10.5, flusso erogato: 0.0, flusso entrante: 0.0, efficienza: 0.0 %
Demand del real Source[9]: -7.1, flusso erogato: 17.259999999999998, flusso entrante: 10.159999999999997, efficienza: 243.09859154929575 %
Demand del real Source[17]: -25.0, flusso erogato: 25.000000000000007, flusso entrante: 0.0, efficienza: 100.00000000000003 %
Flusso totale entrante nei Real Source: 10.159999999999997
Flusso totale uscente dai Real Source: 53.42
Flusso netto sui real Source: -43.260000000000005
--- SINKS STATISTICS ---
Sink 3 SODDISFATTO. Flusso netto: 3.429999999999999, Demand: 3.43, percentage: 99.99999999999997
Sink 4 SODDISFATTO. Flusso netto: 0.5700000000000003, Demand: 0.57, percentage: 100.00000000000007
Sink 5 SODDISFATTO. Flusso netto: 0.6599999999999993, Demand: 0.66, percentage: 99.99999999999987
Sink 11 SODDISFATTO. Flusso netto: 1.0300000000000011, Demand: 1.03, percentage: 100.00000000000011
Sink 15 SODDISFATTO. Flusso netto: 0.4600000000000044, Demand: 0.46, percentage: 100.00000000000095
Sink 16 SODDISFATTO. Flusso netto: 8.399999999999993, Demand: 8.4, percentage: 99.99999999999991
Sink 19 SODDISFATTO. Flusso netto: 0.5399999999999938, Demand: 0.54, percentage: 99.99999999999885
Sink 23 SODDISFATTO. Flusso netto: 0.5999999999999996, Demand: 0.6, percentage: 99.99999999999994
Sink 24 SODDISFATTO. Flusso netto: 0.8000000000000007, Demand: 0.8, percentage: 100.00000000000009
Sink 25 SODDISFATTO. Flusso netto: 3.5, Demand: 3.5, percentage: 100.0
Sink 26 SODDISFATTO. Flusso netto: 6.000000000000007, Demand: 6.0, percentage: 100.00000000000011
Sink 28 SODDISFATTO. Flusso netto: 0.4, Demand: 0.4, percentage: 100.0
Sink 30 SODDISFATTO. Flusso netto: 0.9799999999999933, Demand: 0.98, percentage: 99.99999999999932
Sink 31 SODDISFATTO. Flusso netto: 0.3999999999999999, Demand: 0.4, percentage: 99.99999999999997
Sink 32 SODDISFATTO. Flusso netto: 0.9999999999999989, Demand: 1.0, percentage: 99.99999999999989
Sink 34 SODDISFATTO. Flusso netto: 1.7400000000000002, Demand: 1.74, percentage: 100.00000000000003
Sink 35 SODDISFATTO. Flusso netto: 1.3, Demand: 1.3, percentage: 100.0
Sink 37 SODDISFATTO. Flusso netto: 1.0, Demand: 1.0, percentage: 100.0
Sink 39 SODDISFATTO. Flusso netto: 0.40000000000000036, Demand: 0.4, percentage: 100.00000000000009
Sink 40 SODDISFATTO. Flusso netto: 0.5, Demand: 0.5, percentage: 100.0
Sink 41 SODDISFATTO. Flusso netto: 1.0599999999999996, Demand: 1.06, percentage: 99.99999999999996
Sink 42 SODDISFATTO. Flusso netto: 2.820000000000001, Demand: 2.82, percentage: 100.00000000000004
Sink 45 SODDISFATTO. Flusso netto: 0.6800000000000002, Demand: 0.68, percentage: 100.00000000000003
Sink 46 SODDISFATTO. Flusso netto: 1.17, Demand: 1.17, percentage: 100.0
Sink 49 non è soddisfatto. Flusso netto: 3.8200000000000003, Demand: 7.0, percentage: 54.57142857142857
Flusso totale entrante nei SINK: 88.47
Flusso totale uscente nei SINK: 45.21000000000001
Flusso totale netto nei SINK: 43.25999999999999
Total DEMAND dei SINK: 46.44
Percentual di flusso ai SINK: 0.9315245478036174
Numero di Sink soddisfatti: 24.0, numero totale di sink: 25.0
Percentuale di Sink soddisfatti: 0.96

---------------------------------- DAY 184

Update Fixed Elements from Intrinsic Faults
Update Fixed Elements from Heavy Faults
Update Fixed Elements from Attack
Propagate Intrinsic Fault
Node NODO_10 has still failing due to Intrinsic Fault
pipeline ARCO_17 still has reduced capacity: 0.0 due to Intrinsic Fault
pipeline ARCO_88 still has reduced capacity: 0.0 due to Intrinsic Fault
pipeline ARCO_89 still has reduced capacity: 0.0 due to Intrinsic Fault
pipeline V_EDGE_53_8 still has reduced capacity: 0.0 due to Intrinsic Fault
pipeline ARCO_18 still has reduced capacity: 0.0 due to Intrinsic Fault
pipeline ARCO_19 still has reduced capacity: 0.0 due to Intrinsic Fault
pipeline ARCO_87 still has reduced capacity: 0.0 due to Intrinsic Fault
Propagate Heavy Faults
Propagate Attacks
Inject Intrinsic Failure To Source
Inject Heavy Fault To Sources
Inject Attack Multiple To Source
Inject Intrinsic Fault To Pipeline
Inject Heavy Fault To Pipeline
Inject Attack To Pipeline
----------- Statistics ------------
	Sources Under Attack: 0
	Sources with Heavy Fault: 0
	Sources with Intrinsic Fault: 1
	Arcs with reduce capacity due to Attack: 0
	Arcs with reduce capacity due to Heavy Fault: 0
	Arcs with reduce capacity due to Intrinsic Fault: 7
	Arcs with Attacks: 0
	Arcs with Heavy Fault: 0
	Arcs with Intrinsic Fault: 0
--------- SOURCES STATISTICS ---------------
Demand del real Source[0]: -31.0, flusso erogato: 11.159999999999997, flusso entrante: 0.0, efficienza: 35.999999999999986 %
Demand del real Source[8]: -10.5, flusso erogato: 0.0, flusso entrante: 0.0, efficienza: 0.0 %
Demand del real Source[9]: -7.1, flusso erogato: 17.259999999999998, flusso entrante: 10.159999999999997, efficienza: 243.09859154929575 %
Demand del real Source[17]: -25.0, flusso erogato: 25.000000000000007, flusso entrante: 0.0, efficienza: 100.00000000000003 %
Flusso totale entrante nei Real Source: 10.159999999999997
Flusso totale uscente dai Real Source: 53.42
Flusso netto sui real Source: -43.260000000000005
--- SINKS STATISTICS ---
Sink 3 SODDISFATTO. Flusso netto: 3.429999999999999, Demand: 3.43, percentage: 99.99999999999997
Sink 4 SODDISFATTO. Flusso netto: 0.5700000000000003, Demand: 0.57, percentage: 100.00000000000007
Sink 5 SODDISFATTO. Flusso netto: 0.6599999999999993, Demand: 0.66, percentage: 99.99999999999987
Sink 11 SODDISFATTO. Flusso netto: 1.0300000000000011, Demand: 1.03, percentage: 100.00000000000011
Sink 15 SODDISFATTO. Flusso netto: 0.4600000000000044, Demand: 0.46, percentage: 100.00000000000095
Sink 16 SODDISFATTO. Flusso netto: 8.399999999999993, Demand: 8.4, percentage: 99.99999999999991
Sink 19 SODDISFATTO. Flusso netto: 0.5399999999999938, Demand: 0.54, percentage: 99.99999999999885
Sink 23 SODDISFATTO. Flusso netto: 0.5999999999999996, Demand: 0.6, percentage: 99.99999999999994
Sink 24 SODDISFATTO. Flusso netto: 0.8000000000000007, Demand: 0.8, percentage: 100.00000000000009
Sink 25 SODDISFATTO. Flusso netto: 3.5, Demand: 3.5, percentage: 100.0
Sink 26 SODDISFATTO. Flusso netto: 6.000000000000007, Demand: 6.0, percentage: 100.00000000000011
Sink 28 SODDISFATTO. Flusso netto: 0.4, Demand: 0.4, percentage: 100.0
Sink 30 SODDISFATTO. Flusso netto: 0.9799999999999933, Demand: 0.98, percentage: 99.99999999999932
Sink 31 SODDISFATTO. Flusso netto: 0.3999999999999999, Demand: 0.4, percentage: 99.99999999999997
Sink 32 SODDISFATTO. Flusso netto: 0.9999999999999989, Demand: 1.0, percentage: 99.99999999999989
Sink 34 SODDISFATTO. Flusso netto: 1.7400000000000002, Demand: 1.74, percentage: 100.00000000000003
Sink 35 SODDISFATTO. Flusso netto: 1.3, Demand: 1.3, percentage: 100.0
Sink 37 SODDISFATTO. Flusso netto: 1.0, Demand: 1.0, percentage: 100.0
Sink 39 SODDISFATTO. Flusso netto: 0.40000000000000036, Demand: 0.4, percentage: 100.00000000000009
Sink 40 SODDISFATTO. Flusso netto: 0.5, Demand: 0.5, percentage: 100.0
Sink 41 SODDISFATTO. Flusso netto: 1.0599999999999996, Demand: 1.06, percentage: 99.99999999999996
Sink 42 SODDISFATTO. Flusso netto: 2.820000000000001, Demand: 2.82, percentage: 100.00000000000004
Sink 45 SODDISFATTO. Flusso netto: 0.6800000000000002, Demand: 0.68, percentage: 100.00000000000003
Sink 46 SODDISFATTO. Flusso netto: 1.17, Demand: 1.17, percentage: 100.0
Sink 49 non è soddisfatto. Flusso netto: 3.8200000000000003, Demand: 7.0, percentage: 54.57142857142857
Flusso totale entrante nei SINK: 88.47
Flusso totale uscente nei SINK: 45.21000000000001
Flusso totale netto nei SINK: 43.25999999999999
Total DEMAND dei SINK: 46.44
Percentual di flusso ai SINK: 0.9315245478036174
Numero di Sink soddisfatti: 24.0, numero totale di sink: 25.0
Percentuale di Sink soddisfatti: 0.96

---------------------------------- DAY 185

Update Fixed Elements from Intrinsic Faults
Source NODO_10 fixed from Intrinsic Fault
Pipeline ARCO_17 fixed due to Source NODO_10 fixing from Intrinsic Fault
Pipeline ARCO_88 fixed due to Source NODO_10 fixing from Intrinsic Fault
Pipeline ARCO_89 fixed due to Source NODO_10 fixing from Intrinsic Fault
Pipeline V_EDGE_53_8 fixed due to Source NODO_10 fixing from Intrinsic Fault
Pipeline ARCO_18 fixed due to Source NODO_10 fixing from Intrinsic Fault
Pipeline ARCO_19 fixed due to Source NODO_10 fixing from Intrinsic Fault
Pipeline ARCO_87 fixed due to Source NODO_10 fixing from Intrinsic Fault
Update Fixed Elements from Heavy Faults
Update Fixed Elements from Attack
Propagate Intrinsic Fault
Propagate Heavy Faults
Propagate Attacks
Inject Intrinsic Failure To Source
Source NODO_2 is failing for an Intrinsic Fault in day: 185
pipeline ARCO_70 has reduced capacity due to NODO_2 Intrinsic fault
pipeline V_EDGE_53_0 has reduced capacity due to NODO_2 Intrinsic fault
pipeline ARCO_0 has reduced capacity due to NODO_2 Intrinsic fault
Inject Heavy Fault To Sources
Inject Attack Multiple To Source
Inject Intrinsic Fault To Pipeline
Inject Heavy Fault To Pipeline
Inject Attack To Pipeline
----------- Statistics ------------
	Sources Under Attack: 0
	Sources with Heavy Fault: 0
	Sources with Intrinsic Fault: 1
	Arcs with reduce capacity due to Attack: 0
	Arcs with reduce capacity due to Heavy Fault: 0
	Arcs with reduce capacity due to Intrinsic Fault: 3
	Arcs with Attacks: 0
	Arcs with Heavy Fault: 0
	Arcs with Intrinsic Fault: 0
--------- SOURCES STATISTICS ---------------
Demand del real Source[0]: -31.0, flusso erogato: 8.069999999999997, flusso entrante: 0.0, efficienza: 26.032258064516117 %
Demand del real Source[8]: -10.5, flusso erogato: 3.8600000000000003, flusso entrante: 0.0, efficienza: 36.76190476190476 %
Demand del real Source[9]: -7.1, flusso erogato: 14.169999999999996, flusso entrante: 7.070000000000007, efficienza: 199.57746478873236 %
Demand del real Source[17]: -25.0, flusso erogato: 25.000000000000007, flusso entrante: 0.0, efficienza: 100.00000000000003 %
Flusso totale entrante nei Real Source: 7.070000000000007
Flusso totale uscente dai Real Source: 51.1
Flusso netto sui real Source: -44.029999999999994
--- SINKS STATISTICS ---
Sink 3 SODDISFATTO. Flusso netto: 3.4299999999999997, Demand: 3.43, percentage: 99.99999999999999
Sink 4 SODDISFATTO. Flusso netto: 0.5700000000000003, Demand: 0.57, percentage: 100.00000000000007
Sink 5 SODDISFATTO. Flusso netto: 0.6600000000000019, Demand: 0.66, percentage: 100.00000000000028
Sink 11 SODDISFATTO. Flusso netto: 1.03, Demand: 1.03, percentage: 100.0
Sink 15 SODDISFATTO. Flusso netto: 0.4600000000000044, Demand: 0.46, percentage: 100.00000000000095
Sink 16 SODDISFATTO. Flusso netto: 8.399999999999993, Demand: 8.4, percentage: 99.99999999999991
Sink 19 SODDISFATTO. Flusso netto: 0.5399999999999938, Demand: 0.54, percentage: 99.99999999999885
Sink 23 SODDISFATTO. Flusso netto: 0.5999999999999996, Demand: 0.6, percentage: 99.99999999999994
Sink 24 SODDISFATTO. Flusso netto: 0.8000000000000007, Demand: 0.8, percentage: 100.00000000000009
Sink 25 SODDISFATTO. Flusso netto: 3.5, Demand: 3.5, percentage: 100.0
Sink 26 SODDISFATTO. Flusso netto: 6.000000000000007, Demand: 6.0, percentage: 100.00000000000011
Sink 28 SODDISFATTO. Flusso netto: 0.4, Demand: 0.4, percentage: 100.0
Sink 30 SODDISFATTO. Flusso netto: 0.9799999999999933, Demand: 0.98, percentage: 99.99999999999932
Sink 31 SODDISFATTO. Flusso netto: 0.3999999999999999, Demand: 0.4, percentage: 99.99999999999997
Sink 32 SODDISFATTO. Flusso netto: 0.9999999999999989, Demand: 1.0, percentage: 99.99999999999989
Sink 34 SODDISFATTO. Flusso netto: 1.7400000000000002, Demand: 1.74, percentage: 100.00000000000003
Sink 35 SODDISFATTO. Flusso netto: 1.3, Demand: 1.3, percentage: 100.0
Sink 37 SODDISFATTO. Flusso netto: 1.0, Demand: 1.0, percentage: 100.0
Sink 39 SODDISFATTO. Flusso netto: 0.40000000000000036, Demand: 0.4, percentage: 100.00000000000009
Sink 40 SODDISFATTO. Flusso netto: 0.5, Demand: 0.5, percentage: 100.0
Sink 41 SODDISFATTO. Flusso netto: 1.0600000000000005, Demand: 1.06, percentage: 100.00000000000004
Sink 42 SODDISFATTO. Flusso netto: 2.8200000000000007, Demand: 2.82, percentage: 100.00000000000003
Sink 45 SODDISFATTO. Flusso netto: 0.6800000000000002, Demand: 0.68, percentage: 100.00000000000003
Sink 46 SODDISFATTO. Flusso netto: 1.17, Demand: 1.17, percentage: 100.0
Sink 49 non è soddisfatto. Flusso netto: 4.59, Demand: 7.0, percentage: 65.57142857142857
Flusso totale entrante nei SINK: 86.46000000000001
Flusso totale uscente nei SINK: 42.430000000000014
Flusso totale netto nei SINK: 44.029999999999994
Total DEMAND dei SINK: 46.44
Percentual di flusso ai SINK: 0.9481050818260119
Numero di Sink soddisfatti: 24.0, numero totale di sink: 25.0
Percentuale di Sink soddisfatti: 0.96

---------------------------------- DAY 186

Update Fixed Elements from Intrinsic Faults
Update Fixed Elements from Heavy Faults
Update Fixed Elements from Attack
Propagate Intrinsic Fault
Node NODO_2 has still failing due to Intrinsic Fault
pipeline ARCO_70 still has reduced capacity: 24.8 due to Intrinsic Fault
pipeline V_EDGE_53_0 still has reduced capacity: 24.8 due to Intrinsic Fault
pipeline ARCO_0 still has reduced capacity: 24.8 due to Intrinsic Fault
Propagate Heavy Faults
Propagate Attacks
Inject Intrinsic Failure To Source
Inject Heavy Fault To Sources
Inject Attack Multiple To Source
Inject Intrinsic Fault To Pipeline
Inject Heavy Fault To Pipeline
Inject Attack To Pipeline
----------- Statistics ------------
	Sources Under Attack: 0
	Sources with Heavy Fault: 0
	Sources with Intrinsic Fault: 1
	Arcs with reduce capacity due to Attack: 0
	Arcs with reduce capacity due to Heavy Fault: 0
	Arcs with reduce capacity due to Intrinsic Fault: 3
	Arcs with Attacks: 0
	Arcs with Heavy Fault: 0
	Arcs with Intrinsic Fault: 0
--------- SOURCES STATISTICS ---------------
Demand del real Source[0]: -31.0, flusso erogato: 8.069999999999997, flusso entrante: 0.0, efficienza: 26.032258064516117 %
Demand del real Source[8]: -10.5, flusso erogato: 3.8600000000000003, flusso entrante: 0.0, efficienza: 36.76190476190476 %
Demand del real Source[9]: -7.1, flusso erogato: 14.169999999999996, flusso entrante: 7.070000000000007, efficienza: 199.57746478873236 %
Demand del real Source[17]: -25.0, flusso erogato: 25.000000000000007, flusso entrante: 0.0, efficienza: 100.00000000000003 %
Flusso totale entrante nei Real Source: 7.070000000000007
Flusso totale uscente dai Real Source: 51.1
Flusso netto sui real Source: -44.029999999999994
--- SINKS STATISTICS ---
Sink 3 SODDISFATTO. Flusso netto: 3.4299999999999997, Demand: 3.43, percentage: 99.99999999999999
Sink 4 SODDISFATTO. Flusso netto: 0.5700000000000003, Demand: 0.57, percentage: 100.00000000000007
Sink 5 SODDISFATTO. Flusso netto: 0.6600000000000019, Demand: 0.66, percentage: 100.00000000000028
Sink 11 SODDISFATTO. Flusso netto: 1.03, Demand: 1.03, percentage: 100.0
Sink 15 SODDISFATTO. Flusso netto: 0.4600000000000044, Demand: 0.46, percentage: 100.00000000000095
Sink 16 SODDISFATTO. Flusso netto: 8.399999999999993, Demand: 8.4, percentage: 99.99999999999991
Sink 19 SODDISFATTO. Flusso netto: 0.5399999999999938, Demand: 0.54, percentage: 99.99999999999885
Sink 23 SODDISFATTO. Flusso netto: 0.5999999999999996, Demand: 0.6, percentage: 99.99999999999994
Sink 24 SODDISFATTO. Flusso netto: 0.8000000000000007, Demand: 0.8, percentage: 100.00000000000009
Sink 25 SODDISFATTO. Flusso netto: 3.5, Demand: 3.5, percentage: 100.0
Sink 26 SODDISFATTO. Flusso netto: 6.000000000000007, Demand: 6.0, percentage: 100.00000000000011
Sink 28 SODDISFATTO. Flusso netto: 0.4, Demand: 0.4, percentage: 100.0
Sink 30 SODDISFATTO. Flusso netto: 0.9799999999999933, Demand: 0.98, percentage: 99.99999999999932
Sink 31 SODDISFATTO. Flusso netto: 0.3999999999999999, Demand: 0.4, percentage: 99.99999999999997
Sink 32 SODDISFATTO. Flusso netto: 0.9999999999999989, Demand: 1.0, percentage: 99.99999999999989
Sink 34 SODDISFATTO. Flusso netto: 1.7400000000000002, Demand: 1.74, percentage: 100.00000000000003
Sink 35 SODDISFATTO. Flusso netto: 1.3, Demand: 1.3, percentage: 100.0
Sink 37 SODDISFATTO. Flusso netto: 1.0, Demand: 1.0, percentage: 100.0
Sink 39 SODDISFATTO. Flusso netto: 0.40000000000000036, Demand: 0.4, percentage: 100.00000000000009
Sink 40 SODDISFATTO. Flusso netto: 0.5, Demand: 0.5, percentage: 100.0
Sink 41 SODDISFATTO. Flusso netto: 1.0600000000000005, Demand: 1.06, percentage: 100.00000000000004
Sink 42 SODDISFATTO. Flusso netto: 2.8200000000000007, Demand: 2.82, percentage: 100.00000000000003
Sink 45 SODDISFATTO. Flusso netto: 0.6800000000000002, Demand: 0.68, percentage: 100.00000000000003
Sink 46 SODDISFATTO. Flusso netto: 1.17, Demand: 1.17, percentage: 100.0
Sink 49 non è soddisfatto. Flusso netto: 4.59, Demand: 7.0, percentage: 65.57142857142857
Flusso totale entrante nei SINK: 86.46000000000001
Flusso totale uscente nei SINK: 42.430000000000014
Flusso totale netto nei SINK: 44.029999999999994
Total DEMAND dei SINK: 46.44
Percentual di flusso ai SINK: 0.9481050818260119
Numero di Sink soddisfatti: 24.0, numero totale di sink: 25.0
Percentuale di Sink soddisfatti: 0.96

---------------------------------- DAY 187

Update Fixed Elements from Intrinsic Faults
Update Fixed Elements from Heavy Faults
Update Fixed Elements from Attack
Propagate Intrinsic Fault
Node NODO_2 has still failing due to Intrinsic Fault
pipeline ARCO_70 still has reduced capacity: 24.8 due to Intrinsic Fault
pipeline V_EDGE_53_0 still has reduced capacity: 24.8 due to Intrinsic Fault
pipeline ARCO_0 still has reduced capacity: 24.8 due to Intrinsic Fault
Propagate Heavy Faults
Propagate Attacks
Inject Intrinsic Failure To Source
Inject Heavy Fault To Sources
Inject Attack Multiple To Source
Inject Intrinsic Fault To Pipeline
Inject Heavy Fault To Pipeline
Inject Attack To Pipeline
----------- Statistics ------------
	Sources Under Attack: 0
	Sources with Heavy Fault: 0
	Sources with Intrinsic Fault: 1
	Arcs with reduce capacity due to Attack: 0
	Arcs with reduce capacity due to Heavy Fault: 0
	Arcs with reduce capacity due to Intrinsic Fault: 3
	Arcs with Attacks: 0
	Arcs with Heavy Fault: 0
	Arcs with Intrinsic Fault: 0
--------- SOURCES STATISTICS ---------------
Demand del real Source[0]: -31.0, flusso erogato: 8.069999999999997, flusso entrante: 0.0, efficienza: 26.032258064516117 %
Demand del real Source[8]: -10.5, flusso erogato: 3.8600000000000003, flusso entrante: 0.0, efficienza: 36.76190476190476 %
Demand del real Source[9]: -7.1, flusso erogato: 14.169999999999996, flusso entrante: 7.070000000000007, efficienza: 199.57746478873236 %
Demand del real Source[17]: -25.0, flusso erogato: 25.000000000000007, flusso entrante: 0.0, efficienza: 100.00000000000003 %
Flusso totale entrante nei Real Source: 7.070000000000007
Flusso totale uscente dai Real Source: 51.1
Flusso netto sui real Source: -44.029999999999994
--- SINKS STATISTICS ---
Sink 3 SODDISFATTO. Flusso netto: 3.4299999999999997, Demand: 3.43, percentage: 99.99999999999999
Sink 4 SODDISFATTO. Flusso netto: 0.5700000000000003, Demand: 0.57, percentage: 100.00000000000007
Sink 5 SODDISFATTO. Flusso netto: 0.6600000000000019, Demand: 0.66, percentage: 100.00000000000028
Sink 11 SODDISFATTO. Flusso netto: 1.03, Demand: 1.03, percentage: 100.0
Sink 15 SODDISFATTO. Flusso netto: 0.4600000000000044, Demand: 0.46, percentage: 100.00000000000095
Sink 16 SODDISFATTO. Flusso netto: 8.399999999999993, Demand: 8.4, percentage: 99.99999999999991
Sink 19 SODDISFATTO. Flusso netto: 0.5399999999999938, Demand: 0.54, percentage: 99.99999999999885
Sink 23 SODDISFATTO. Flusso netto: 0.5999999999999996, Demand: 0.6, percentage: 99.99999999999994
Sink 24 SODDISFATTO. Flusso netto: 0.8000000000000007, Demand: 0.8, percentage: 100.00000000000009
Sink 25 SODDISFATTO. Flusso netto: 3.5, Demand: 3.5, percentage: 100.0
Sink 26 SODDISFATTO. Flusso netto: 6.000000000000007, Demand: 6.0, percentage: 100.00000000000011
Sink 28 SODDISFATTO. Flusso netto: 0.4, Demand: 0.4, percentage: 100.0
Sink 30 SODDISFATTO. Flusso netto: 0.9799999999999933, Demand: 0.98, percentage: 99.99999999999932
Sink 31 SODDISFATTO. Flusso netto: 0.3999999999999999, Demand: 0.4, percentage: 99.99999999999997
Sink 32 SODDISFATTO. Flusso netto: 0.9999999999999989, Demand: 1.0, percentage: 99.99999999999989
Sink 34 SODDISFATTO. Flusso netto: 1.7400000000000002, Demand: 1.74, percentage: 100.00000000000003
Sink 35 SODDISFATTO. Flusso netto: 1.3, Demand: 1.3, percentage: 100.0
Sink 37 SODDISFATTO. Flusso netto: 1.0, Demand: 1.0, percentage: 100.0
Sink 39 SODDISFATTO. Flusso netto: 0.40000000000000036, Demand: 0.4, percentage: 100.00000000000009
Sink 40 SODDISFATTO. Flusso netto: 0.5, Demand: 0.5, percentage: 100.0
Sink 41 SODDISFATTO. Flusso netto: 1.0600000000000005, Demand: 1.06, percentage: 100.00000000000004
Sink 42 SODDISFATTO. Flusso netto: 2.8200000000000007, Demand: 2.82, percentage: 100.00000000000003
Sink 45 SODDISFATTO. Flusso netto: 0.6800000000000002, Demand: 0.68, percentage: 100.00000000000003
Sink 46 SODDISFATTO. Flusso netto: 1.17, Demand: 1.17, percentage: 100.0
Sink 49 non è soddisfatto. Flusso netto: 4.59, Demand: 7.0, percentage: 65.57142857142857
Flusso totale entrante nei SINK: 86.46000000000001
Flusso totale uscente nei SINK: 42.430000000000014
Flusso totale netto nei SINK: 44.029999999999994
Total DEMAND dei SINK: 46.44
Percentual di flusso ai SINK: 0.9481050818260119
Numero di Sink soddisfatti: 24.0, numero totale di sink: 25.0
Percentuale di Sink soddisfatti: 0.96

---------------------------------- DAY 188

Update Fixed Elements from Intrinsic Faults
Source NODO_2 fixed from Intrinsic Fault
Pipeline ARCO_70 fixed due to Source NODO_2 fixing from Intrinsic Fault
Pipeline V_EDGE_53_0 fixed due to Source NODO_2 fixing from Intrinsic Fault
Pipeline ARCO_0 fixed due to Source NODO_2 fixing from Intrinsic Fault
Update Fixed Elements from Heavy Faults
Update Fixed Elements from Attack
Propagate Intrinsic Fault
Propagate Heavy Faults
Propagate Attacks
Inject Intrinsic Failure To Source
Inject Heavy Fault To Sources
Inject Attack Multiple To Source
Inject Intrinsic Fault To Pipeline
Inject Heavy Fault To Pipeline
Inject Attack To Pipeline
----------- Statistics ------------
	Sources Under Attack: 0
	Sources with Heavy Fault: 0
	Sources with Intrinsic Fault: 0
	Arcs with reduce capacity due to Attack: 0
	Arcs with reduce capacity due to Heavy Fault: 0
	Arcs with reduce capacity due to Intrinsic Fault: 0
	Arcs with Attacks: 0
	Arcs with Heavy Fault: 0
	Arcs with Intrinsic Fault: 0
--------- SOURCES STATISTICS ---------------
Demand del real Source[0]: -31.0, flusso erogato: 8.069999999999997, flusso entrante: 0.0, efficienza: 26.032258064516117 %
Demand del real Source[8]: -10.5, flusso erogato: 3.8600000000000003, flusso entrante: 0.0, efficienza: 36.76190476190476 %
Demand del real Source[9]: -7.1, flusso erogato: 14.169999999999996, flusso entrante: 7.070000000000007, efficienza: 199.57746478873236 %
Demand del real Source[17]: -25.0, flusso erogato: 25.000000000000007, flusso entrante: 0.0, efficienza: 100.00000000000003 %
Flusso totale entrante nei Real Source: 7.070000000000007
Flusso totale uscente dai Real Source: 51.1
Flusso netto sui real Source: -44.029999999999994
--- SINKS STATISTICS ---
Sink 3 SODDISFATTO. Flusso netto: 3.4299999999999997, Demand: 3.43, percentage: 99.99999999999999
Sink 4 SODDISFATTO. Flusso netto: 0.5700000000000003, Demand: 0.57, percentage: 100.00000000000007
Sink 5 SODDISFATTO. Flusso netto: 0.6600000000000019, Demand: 0.66, percentage: 100.00000000000028
Sink 11 SODDISFATTO. Flusso netto: 1.03, Demand: 1.03, percentage: 100.0
Sink 15 SODDISFATTO. Flusso netto: 0.4600000000000044, Demand: 0.46, percentage: 100.00000000000095
Sink 16 SODDISFATTO. Flusso netto: 8.399999999999993, Demand: 8.4, percentage: 99.99999999999991
Sink 19 SODDISFATTO. Flusso netto: 0.5399999999999938, Demand: 0.54, percentage: 99.99999999999885
Sink 23 SODDISFATTO. Flusso netto: 0.5999999999999996, Demand: 0.6, percentage: 99.99999999999994
Sink 24 SODDISFATTO. Flusso netto: 0.8000000000000007, Demand: 0.8, percentage: 100.00000000000009
Sink 25 SODDISFATTO. Flusso netto: 3.5, Demand: 3.5, percentage: 100.0
Sink 26 SODDISFATTO. Flusso netto: 6.000000000000007, Demand: 6.0, percentage: 100.00000000000011
Sink 28 SODDISFATTO. Flusso netto: 0.4, Demand: 0.4, percentage: 100.0
Sink 30 SODDISFATTO. Flusso netto: 0.9799999999999933, Demand: 0.98, percentage: 99.99999999999932
Sink 31 SODDISFATTO. Flusso netto: 0.3999999999999999, Demand: 0.4, percentage: 99.99999999999997
Sink 32 SODDISFATTO. Flusso netto: 0.9999999999999989, Demand: 1.0, percentage: 99.99999999999989
Sink 34 SODDISFATTO. Flusso netto: 1.7400000000000002, Demand: 1.74, percentage: 100.00000000000003
Sink 35 SODDISFATTO. Flusso netto: 1.3, Demand: 1.3, percentage: 100.0
Sink 37 SODDISFATTO. Flusso netto: 1.0, Demand: 1.0, percentage: 100.0
Sink 39 SODDISFATTO. Flusso netto: 0.40000000000000036, Demand: 0.4, percentage: 100.00000000000009
Sink 40 SODDISFATTO. Flusso netto: 0.5, Demand: 0.5, percentage: 100.0
Sink 41 SODDISFATTO. Flusso netto: 1.0600000000000005, Demand: 1.06, percentage: 100.00000000000004
Sink 42 SODDISFATTO. Flusso netto: 2.8200000000000007, Demand: 2.82, percentage: 100.00000000000003
Sink 45 SODDISFATTO. Flusso netto: 0.6800000000000002, Demand: 0.68, percentage: 100.00000000000003
Sink 46 SODDISFATTO. Flusso netto: 1.17, Demand: 1.17, percentage: 100.0
Sink 49 non è soddisfatto. Flusso netto: 4.59, Demand: 7.0, percentage: 65.57142857142857
Flusso totale entrante nei SINK: 86.46000000000001
Flusso totale uscente nei SINK: 42.430000000000014
Flusso totale netto nei SINK: 44.029999999999994
Total DEMAND dei SINK: 46.44
Percentual di flusso ai SINK: 0.9481050818260119
Numero di Sink soddisfatti: 24.0, numero totale di sink: 25.0
Percentuale di Sink soddisfatti: 0.96

---------------------------------- DAY 189

Update Fixed Elements from Intrinsic Faults
Update Fixed Elements from Heavy Faults
Update Fixed Elements from Attack
Propagate Intrinsic Fault
Propagate Heavy Faults
Propagate Attacks
Inject Intrinsic Failure To Source
Inject Heavy Fault To Sources
Inject Attack Multiple To Source
Inject Intrinsic Fault To Pipeline
Inject Heavy Fault To Pipeline
Inject Attack To Pipeline
----------- Statistics ------------
	Sources Under Attack: 0
	Sources with Heavy Fault: 0
	Sources with Intrinsic Fault: 0
	Arcs with reduce capacity due to Attack: 0
	Arcs with reduce capacity due to Heavy Fault: 0
	Arcs with reduce capacity due to Intrinsic Fault: 0
	Arcs with Attacks: 0
	Arcs with Heavy Fault: 0
	Arcs with Intrinsic Fault: 0
--------- SOURCES STATISTICS ---------------
Demand del real Source[0]: -31.0, flusso erogato: 8.069999999999997, flusso entrante: 0.0, efficienza: 26.032258064516117 %
Demand del real Source[8]: -10.5, flusso erogato: 3.8600000000000003, flusso entrante: 0.0, efficienza: 36.76190476190476 %
Demand del real Source[9]: -7.1, flusso erogato: 14.169999999999996, flusso entrante: 7.070000000000007, efficienza: 199.57746478873236 %
Demand del real Source[17]: -25.0, flusso erogato: 25.000000000000007, flusso entrante: 0.0, efficienza: 100.00000000000003 %
Flusso totale entrante nei Real Source: 7.070000000000007
Flusso totale uscente dai Real Source: 51.1
Flusso netto sui real Source: -44.029999999999994
--- SINKS STATISTICS ---
Sink 3 SODDISFATTO. Flusso netto: 3.4299999999999997, Demand: 3.43, percentage: 99.99999999999999
Sink 4 SODDISFATTO. Flusso netto: 0.5700000000000003, Demand: 0.57, percentage: 100.00000000000007
Sink 5 SODDISFATTO. Flusso netto: 0.6600000000000019, Demand: 0.66, percentage: 100.00000000000028
Sink 11 SODDISFATTO. Flusso netto: 1.03, Demand: 1.03, percentage: 100.0
Sink 15 SODDISFATTO. Flusso netto: 0.4600000000000044, Demand: 0.46, percentage: 100.00000000000095
Sink 16 SODDISFATTO. Flusso netto: 8.399999999999993, Demand: 8.4, percentage: 99.99999999999991
Sink 19 SODDISFATTO. Flusso netto: 0.5399999999999938, Demand: 0.54, percentage: 99.99999999999885
Sink 23 SODDISFATTO. Flusso netto: 0.5999999999999996, Demand: 0.6, percentage: 99.99999999999994
Sink 24 SODDISFATTO. Flusso netto: 0.8000000000000007, Demand: 0.8, percentage: 100.00000000000009
Sink 25 SODDISFATTO. Flusso netto: 3.5, Demand: 3.5, percentage: 100.0
Sink 26 SODDISFATTO. Flusso netto: 6.000000000000007, Demand: 6.0, percentage: 100.00000000000011
Sink 28 SODDISFATTO. Flusso netto: 0.4, Demand: 0.4, percentage: 100.0
Sink 30 SODDISFATTO. Flusso netto: 0.9799999999999933, Demand: 0.98, percentage: 99.99999999999932
Sink 31 SODDISFATTO. Flusso netto: 0.3999999999999999, Demand: 0.4, percentage: 99.99999999999997
Sink 32 SODDISFATTO. Flusso netto: 0.9999999999999989, Demand: 1.0, percentage: 99.99999999999989
Sink 34 SODDISFATTO. Flusso netto: 1.7400000000000002, Demand: 1.74, percentage: 100.00000000000003
Sink 35 SODDISFATTO. Flusso netto: 1.3, Demand: 1.3, percentage: 100.0
Sink 37 SODDISFATTO. Flusso netto: 1.0, Demand: 1.0, percentage: 100.0
Sink 39 SODDISFATTO. Flusso netto: 0.40000000000000036, Demand: 0.4, percentage: 100.00000000000009
Sink 40 SODDISFATTO. Flusso netto: 0.5, Demand: 0.5, percentage: 100.0
Sink 41 SODDISFATTO. Flusso netto: 1.0600000000000005, Demand: 1.06, percentage: 100.00000000000004
Sink 42 SODDISFATTO. Flusso netto: 2.8200000000000007, Demand: 2.82, percentage: 100.00000000000003
Sink 45 SODDISFATTO. Flusso netto: 0.6800000000000002, Demand: 0.68, percentage: 100.00000000000003
Sink 46 SODDISFATTO. Flusso netto: 1.17, Demand: 1.17, percentage: 100.0
Sink 49 non è soddisfatto. Flusso netto: 4.59, Demand: 7.0, percentage: 65.57142857142857
Flusso totale entrante nei SINK: 86.46000000000001
Flusso totale uscente nei SINK: 42.430000000000014
Flusso totale netto nei SINK: 44.029999999999994
Total DEMAND dei SINK: 46.44
Percentual di flusso ai SINK: 0.9481050818260119
Numero di Sink soddisfatti: 24.0, numero totale di sink: 25.0
Percentuale di Sink soddisfatti: 0.96

---------------------------------- DAY 190

Update Fixed Elements from Intrinsic Faults
Update Fixed Elements from Heavy Faults
Update Fixed Elements from Attack
Propagate Intrinsic Fault
Propagate Heavy Faults
Propagate Attacks
Inject Intrinsic Failure To Source
Inject Heavy Fault To Sources
Inject Attack Multiple To Source
Inject Intrinsic Fault To Pipeline
Inject Heavy Fault To Pipeline
Inject Attack To Pipeline
----------- Statistics ------------
	Sources Under Attack: 0
	Sources with Heavy Fault: 0
	Sources with Intrinsic Fault: 0
	Arcs with reduce capacity due to Attack: 0
	Arcs with reduce capacity due to Heavy Fault: 0
	Arcs with reduce capacity due to Intrinsic Fault: 0
	Arcs with Attacks: 0
	Arcs with Heavy Fault: 0
	Arcs with Intrinsic Fault: 0
--------- SOURCES STATISTICS ---------------
Demand del real Source[0]: -31.0, flusso erogato: 8.069999999999997, flusso entrante: 0.0, efficienza: 26.032258064516117 %
Demand del real Source[8]: -10.5, flusso erogato: 3.8600000000000003, flusso entrante: 0.0, efficienza: 36.76190476190476 %
Demand del real Source[9]: -7.1, flusso erogato: 14.169999999999996, flusso entrante: 7.070000000000007, efficienza: 199.57746478873236 %
Demand del real Source[17]: -25.0, flusso erogato: 25.000000000000007, flusso entrante: 0.0, efficienza: 100.00000000000003 %
Flusso totale entrante nei Real Source: 7.070000000000007
Flusso totale uscente dai Real Source: 51.1
Flusso netto sui real Source: -44.029999999999994
--- SINKS STATISTICS ---
Sink 3 SODDISFATTO. Flusso netto: 3.4299999999999997, Demand: 3.43, percentage: 99.99999999999999
Sink 4 SODDISFATTO. Flusso netto: 0.5700000000000003, Demand: 0.57, percentage: 100.00000000000007
Sink 5 SODDISFATTO. Flusso netto: 0.6600000000000019, Demand: 0.66, percentage: 100.00000000000028
Sink 11 SODDISFATTO. Flusso netto: 1.03, Demand: 1.03, percentage: 100.0
Sink 15 SODDISFATTO. Flusso netto: 0.4600000000000044, Demand: 0.46, percentage: 100.00000000000095
Sink 16 SODDISFATTO. Flusso netto: 8.399999999999993, Demand: 8.4, percentage: 99.99999999999991
Sink 19 SODDISFATTO. Flusso netto: 0.5399999999999938, Demand: 0.54, percentage: 99.99999999999885
Sink 23 SODDISFATTO. Flusso netto: 0.5999999999999996, Demand: 0.6, percentage: 99.99999999999994
Sink 24 SODDISFATTO. Flusso netto: 0.8000000000000007, Demand: 0.8, percentage: 100.00000000000009
Sink 25 SODDISFATTO. Flusso netto: 3.5, Demand: 3.5, percentage: 100.0
Sink 26 SODDISFATTO. Flusso netto: 6.000000000000007, Demand: 6.0, percentage: 100.00000000000011
Sink 28 SODDISFATTO. Flusso netto: 0.4, Demand: 0.4, percentage: 100.0
Sink 30 SODDISFATTO. Flusso netto: 0.9799999999999933, Demand: 0.98, percentage: 99.99999999999932
Sink 31 SODDISFATTO. Flusso netto: 0.3999999999999999, Demand: 0.4, percentage: 99.99999999999997
Sink 32 SODDISFATTO. Flusso netto: 0.9999999999999989, Demand: 1.0, percentage: 99.99999999999989
Sink 34 SODDISFATTO. Flusso netto: 1.7400000000000002, Demand: 1.74, percentage: 100.00000000000003
Sink 35 SODDISFATTO. Flusso netto: 1.3, Demand: 1.3, percentage: 100.0
Sink 37 SODDISFATTO. Flusso netto: 1.0, Demand: 1.0, percentage: 100.0
Sink 39 SODDISFATTO. Flusso netto: 0.40000000000000036, Demand: 0.4, percentage: 100.00000000000009
Sink 40 SODDISFATTO. Flusso netto: 0.5, Demand: 0.5, percentage: 100.0
Sink 41 SODDISFATTO. Flusso netto: 1.0600000000000005, Demand: 1.06, percentage: 100.00000000000004
Sink 42 SODDISFATTO. Flusso netto: 2.8200000000000007, Demand: 2.82, percentage: 100.00000000000003
Sink 45 SODDISFATTO. Flusso netto: 0.6800000000000002, Demand: 0.68, percentage: 100.00000000000003
Sink 46 SODDISFATTO. Flusso netto: 1.17, Demand: 1.17, percentage: 100.0
Sink 49 non è soddisfatto. Flusso netto: 4.59, Demand: 7.0, percentage: 65.57142857142857
Flusso totale entrante nei SINK: 86.46000000000001
Flusso totale uscente nei SINK: 42.430000000000014
Flusso totale netto nei SINK: 44.029999999999994
Total DEMAND dei SINK: 46.44
Percentual di flusso ai SINK: 0.9481050818260119
Numero di Sink soddisfatti: 24.0, numero totale di sink: 25.0
Percentuale di Sink soddisfatti: 0.96

---------------------------------- DAY 191

Update Fixed Elements from Intrinsic Faults
Update Fixed Elements from Heavy Faults
Update Fixed Elements from Attack
Propagate Intrinsic Fault
Propagate Heavy Faults
Propagate Attacks
Inject Intrinsic Failure To Source
Inject Heavy Fault To Sources
Inject Attack Multiple To Source
Inject Intrinsic Fault To Pipeline
Inject Heavy Fault To Pipeline
Inject Attack To Pipeline
----------- Statistics ------------
	Sources Under Attack: 0
	Sources with Heavy Fault: 0
	Sources with Intrinsic Fault: 0
	Arcs with reduce capacity due to Attack: 0
	Arcs with reduce capacity due to Heavy Fault: 0
	Arcs with reduce capacity due to Intrinsic Fault: 0
	Arcs with Attacks: 0
	Arcs with Heavy Fault: 0
	Arcs with Intrinsic Fault: 0
--------- SOURCES STATISTICS ---------------
Demand del real Source[0]: -31.0, flusso erogato: 8.069999999999997, flusso entrante: 0.0, efficienza: 26.032258064516117 %
Demand del real Source[8]: -10.5, flusso erogato: 3.8600000000000003, flusso entrante: 0.0, efficienza: 36.76190476190476 %
Demand del real Source[9]: -7.1, flusso erogato: 14.169999999999996, flusso entrante: 7.070000000000007, efficienza: 199.57746478873236 %
Demand del real Source[17]: -25.0, flusso erogato: 25.000000000000007, flusso entrante: 0.0, efficienza: 100.00000000000003 %
Flusso totale entrante nei Real Source: 7.070000000000007
Flusso totale uscente dai Real Source: 51.1
Flusso netto sui real Source: -44.029999999999994
--- SINKS STATISTICS ---
Sink 3 SODDISFATTO. Flusso netto: 3.4299999999999997, Demand: 3.43, percentage: 99.99999999999999
Sink 4 SODDISFATTO. Flusso netto: 0.5700000000000003, Demand: 0.57, percentage: 100.00000000000007
Sink 5 SODDISFATTO. Flusso netto: 0.6600000000000019, Demand: 0.66, percentage: 100.00000000000028
Sink 11 SODDISFATTO. Flusso netto: 1.03, Demand: 1.03, percentage: 100.0
Sink 15 SODDISFATTO. Flusso netto: 0.4600000000000044, Demand: 0.46, percentage: 100.00000000000095
Sink 16 SODDISFATTO. Flusso netto: 8.399999999999993, Demand: 8.4, percentage: 99.99999999999991
Sink 19 SODDISFATTO. Flusso netto: 0.5399999999999938, Demand: 0.54, percentage: 99.99999999999885
Sink 23 SODDISFATTO. Flusso netto: 0.5999999999999996, Demand: 0.6, percentage: 99.99999999999994
Sink 24 SODDISFATTO. Flusso netto: 0.8000000000000007, Demand: 0.8, percentage: 100.00000000000009
Sink 25 SODDISFATTO. Flusso netto: 3.5, Demand: 3.5, percentage: 100.0
Sink 26 SODDISFATTO. Flusso netto: 6.000000000000007, Demand: 6.0, percentage: 100.00000000000011
Sink 28 SODDISFATTO. Flusso netto: 0.4, Demand: 0.4, percentage: 100.0
Sink 30 SODDISFATTO. Flusso netto: 0.9799999999999933, Demand: 0.98, percentage: 99.99999999999932
Sink 31 SODDISFATTO. Flusso netto: 0.3999999999999999, Demand: 0.4, percentage: 99.99999999999997
Sink 32 SODDISFATTO. Flusso netto: 0.9999999999999989, Demand: 1.0, percentage: 99.99999999999989
Sink 34 SODDISFATTO. Flusso netto: 1.7400000000000002, Demand: 1.74, percentage: 100.00000000000003
Sink 35 SODDISFATTO. Flusso netto: 1.3, Demand: 1.3, percentage: 100.0
Sink 37 SODDISFATTO. Flusso netto: 1.0, Demand: 1.0, percentage: 100.0
Sink 39 SODDISFATTO. Flusso netto: 0.40000000000000036, Demand: 0.4, percentage: 100.00000000000009
Sink 40 SODDISFATTO. Flusso netto: 0.5, Demand: 0.5, percentage: 100.0
Sink 41 SODDISFATTO. Flusso netto: 1.0600000000000005, Demand: 1.06, percentage: 100.00000000000004
Sink 42 SODDISFATTO. Flusso netto: 2.8200000000000007, Demand: 2.82, percentage: 100.00000000000003
Sink 45 SODDISFATTO. Flusso netto: 0.6800000000000002, Demand: 0.68, percentage: 100.00000000000003
Sink 46 SODDISFATTO. Flusso netto: 1.17, Demand: 1.17, percentage: 100.0
Sink 49 non è soddisfatto. Flusso netto: 4.59, Demand: 7.0, percentage: 65.57142857142857
Flusso totale entrante nei SINK: 86.46000000000001
Flusso totale uscente nei SINK: 42.430000000000014
Flusso totale netto nei SINK: 44.029999999999994
Total DEMAND dei SINK: 46.44
Percentual di flusso ai SINK: 0.9481050818260119
Numero di Sink soddisfatti: 24.0, numero totale di sink: 25.0
Percentuale di Sink soddisfatti: 0.96

---------------------------------- DAY 192

Update Fixed Elements from Intrinsic Faults
Update Fixed Elements from Heavy Faults
Update Fixed Elements from Attack
Propagate Intrinsic Fault
Propagate Heavy Faults
Propagate Attacks
Inject Intrinsic Failure To Source
Inject Heavy Fault To Sources
Inject Attack Multiple To Source
Inject Intrinsic Fault To Pipeline
Inject Heavy Fault To Pipeline
Inject Attack To Pipeline
----------- Statistics ------------
	Sources Under Attack: 0
	Sources with Heavy Fault: 0
	Sources with Intrinsic Fault: 0
	Arcs with reduce capacity due to Attack: 0
	Arcs with reduce capacity due to Heavy Fault: 0
	Arcs with reduce capacity due to Intrinsic Fault: 0
	Arcs with Attacks: 0
	Arcs with Heavy Fault: 0
	Arcs with Intrinsic Fault: 0
--------- SOURCES STATISTICS ---------------
Demand del real Source[0]: -31.0, flusso erogato: 8.069999999999997, flusso entrante: 0.0, efficienza: 26.032258064516117 %
Demand del real Source[8]: -10.5, flusso erogato: 3.8600000000000003, flusso entrante: 0.0, efficienza: 36.76190476190476 %
Demand del real Source[9]: -7.1, flusso erogato: 14.169999999999996, flusso entrante: 7.070000000000007, efficienza: 199.57746478873236 %
Demand del real Source[17]: -25.0, flusso erogato: 25.000000000000007, flusso entrante: 0.0, efficienza: 100.00000000000003 %
Flusso totale entrante nei Real Source: 7.070000000000007
Flusso totale uscente dai Real Source: 51.1
Flusso netto sui real Source: -44.029999999999994
--- SINKS STATISTICS ---
Sink 3 SODDISFATTO. Flusso netto: 3.4299999999999997, Demand: 3.43, percentage: 99.99999999999999
Sink 4 SODDISFATTO. Flusso netto: 0.5700000000000003, Demand: 0.57, percentage: 100.00000000000007
Sink 5 SODDISFATTO. Flusso netto: 0.6600000000000019, Demand: 0.66, percentage: 100.00000000000028
Sink 11 SODDISFATTO. Flusso netto: 1.03, Demand: 1.03, percentage: 100.0
Sink 15 SODDISFATTO. Flusso netto: 0.4600000000000044, Demand: 0.46, percentage: 100.00000000000095
Sink 16 SODDISFATTO. Flusso netto: 8.399999999999993, Demand: 8.4, percentage: 99.99999999999991
Sink 19 SODDISFATTO. Flusso netto: 0.5399999999999938, Demand: 0.54, percentage: 99.99999999999885
Sink 23 SODDISFATTO. Flusso netto: 0.5999999999999996, Demand: 0.6, percentage: 99.99999999999994
Sink 24 SODDISFATTO. Flusso netto: 0.8000000000000007, Demand: 0.8, percentage: 100.00000000000009
Sink 25 SODDISFATTO. Flusso netto: 3.5, Demand: 3.5, percentage: 100.0
Sink 26 SODDISFATTO. Flusso netto: 6.000000000000007, Demand: 6.0, percentage: 100.00000000000011
Sink 28 SODDISFATTO. Flusso netto: 0.4, Demand: 0.4, percentage: 100.0
Sink 30 SODDISFATTO. Flusso netto: 0.9799999999999933, Demand: 0.98, percentage: 99.99999999999932
Sink 31 SODDISFATTO. Flusso netto: 0.3999999999999999, Demand: 0.4, percentage: 99.99999999999997
Sink 32 SODDISFATTO. Flusso netto: 0.9999999999999989, Demand: 1.0, percentage: 99.99999999999989
Sink 34 SODDISFATTO. Flusso netto: 1.7400000000000002, Demand: 1.74, percentage: 100.00000000000003
Sink 35 SODDISFATTO. Flusso netto: 1.3, Demand: 1.3, percentage: 100.0
Sink 37 SODDISFATTO. Flusso netto: 1.0, Demand: 1.0, percentage: 100.0
Sink 39 SODDISFATTO. Flusso netto: 0.40000000000000036, Demand: 0.4, percentage: 100.00000000000009
Sink 40 SODDISFATTO. Flusso netto: 0.5, Demand: 0.5, percentage: 100.0
Sink 41 SODDISFATTO. Flusso netto: 1.0600000000000005, Demand: 1.06, percentage: 100.00000000000004
Sink 42 SODDISFATTO. Flusso netto: 2.8200000000000007, Demand: 2.82, percentage: 100.00000000000003
Sink 45 SODDISFATTO. Flusso netto: 0.6800000000000002, Demand: 0.68, percentage: 100.00000000000003
Sink 46 SODDISFATTO. Flusso netto: 1.17, Demand: 1.17, percentage: 100.0
Sink 49 non è soddisfatto. Flusso netto: 4.59, Demand: 7.0, percentage: 65.57142857142857
Flusso totale entrante nei SINK: 86.46000000000001
Flusso totale uscente nei SINK: 42.430000000000014
Flusso totale netto nei SINK: 44.029999999999994
Total DEMAND dei SINK: 46.44
Percentual di flusso ai SINK: 0.9481050818260119
Numero di Sink soddisfatti: 24.0, numero totale di sink: 25.0
Percentuale di Sink soddisfatti: 0.96

---------------------------------- DAY 193

Update Fixed Elements from Intrinsic Faults
Update Fixed Elements from Heavy Faults
Update Fixed Elements from Attack
Propagate Intrinsic Fault
Propagate Heavy Faults
Propagate Attacks
Inject Intrinsic Failure To Source
Inject Heavy Fault To Sources
Inject Attack Multiple To Source
Inject Intrinsic Fault To Pipeline
Inject Heavy Fault To Pipeline
Inject Attack To Pipeline
----------- Statistics ------------
	Sources Under Attack: 0
	Sources with Heavy Fault: 0
	Sources with Intrinsic Fault: 0
	Arcs with reduce capacity due to Attack: 0
	Arcs with reduce capacity due to Heavy Fault: 0
	Arcs with reduce capacity due to Intrinsic Fault: 0
	Arcs with Attacks: 0
	Arcs with Heavy Fault: 0
	Arcs with Intrinsic Fault: 0
--------- SOURCES STATISTICS ---------------
Demand del real Source[0]: -31.0, flusso erogato: 8.069999999999997, flusso entrante: 0.0, efficienza: 26.032258064516117 %
Demand del real Source[8]: -10.5, flusso erogato: 3.8600000000000003, flusso entrante: 0.0, efficienza: 36.76190476190476 %
Demand del real Source[9]: -7.1, flusso erogato: 14.169999999999996, flusso entrante: 7.070000000000007, efficienza: 199.57746478873236 %
Demand del real Source[17]: -25.0, flusso erogato: 25.000000000000007, flusso entrante: 0.0, efficienza: 100.00000000000003 %
Flusso totale entrante nei Real Source: 7.070000000000007
Flusso totale uscente dai Real Source: 51.1
Flusso netto sui real Source: -44.029999999999994
--- SINKS STATISTICS ---
Sink 3 SODDISFATTO. Flusso netto: 3.4299999999999997, Demand: 3.43, percentage: 99.99999999999999
Sink 4 SODDISFATTO. Flusso netto: 0.5700000000000003, Demand: 0.57, percentage: 100.00000000000007
Sink 5 SODDISFATTO. Flusso netto: 0.6600000000000019, Demand: 0.66, percentage: 100.00000000000028
Sink 11 SODDISFATTO. Flusso netto: 1.03, Demand: 1.03, percentage: 100.0
Sink 15 SODDISFATTO. Flusso netto: 0.4600000000000044, Demand: 0.46, percentage: 100.00000000000095
Sink 16 SODDISFATTO. Flusso netto: 8.399999999999993, Demand: 8.4, percentage: 99.99999999999991
Sink 19 SODDISFATTO. Flusso netto: 0.5399999999999938, Demand: 0.54, percentage: 99.99999999999885
Sink 23 SODDISFATTO. Flusso netto: 0.5999999999999996, Demand: 0.6, percentage: 99.99999999999994
Sink 24 SODDISFATTO. Flusso netto: 0.8000000000000007, Demand: 0.8, percentage: 100.00000000000009
Sink 25 SODDISFATTO. Flusso netto: 3.5, Demand: 3.5, percentage: 100.0
Sink 26 SODDISFATTO. Flusso netto: 6.000000000000007, Demand: 6.0, percentage: 100.00000000000011
Sink 28 SODDISFATTO. Flusso netto: 0.4, Demand: 0.4, percentage: 100.0
Sink 30 SODDISFATTO. Flusso netto: 0.9799999999999933, Demand: 0.98, percentage: 99.99999999999932
Sink 31 SODDISFATTO. Flusso netto: 0.3999999999999999, Demand: 0.4, percentage: 99.99999999999997
Sink 32 SODDISFATTO. Flusso netto: 0.9999999999999989, Demand: 1.0, percentage: 99.99999999999989
Sink 34 SODDISFATTO. Flusso netto: 1.7400000000000002, Demand: 1.74, percentage: 100.00000000000003
Sink 35 SODDISFATTO. Flusso netto: 1.3, Demand: 1.3, percentage: 100.0
Sink 37 SODDISFATTO. Flusso netto: 1.0, Demand: 1.0, percentage: 100.0
Sink 39 SODDISFATTO. Flusso netto: 0.40000000000000036, Demand: 0.4, percentage: 100.00000000000009
Sink 40 SODDISFATTO. Flusso netto: 0.5, Demand: 0.5, percentage: 100.0
Sink 41 SODDISFATTO. Flusso netto: 1.0600000000000005, Demand: 1.06, percentage: 100.00000000000004
Sink 42 SODDISFATTO. Flusso netto: 2.8200000000000007, Demand: 2.82, percentage: 100.00000000000003
Sink 45 SODDISFATTO. Flusso netto: 0.6800000000000002, Demand: 0.68, percentage: 100.00000000000003
Sink 46 SODDISFATTO. Flusso netto: 1.17, Demand: 1.17, percentage: 100.0
Sink 49 non è soddisfatto. Flusso netto: 4.59, Demand: 7.0, percentage: 65.57142857142857
Flusso totale entrante nei SINK: 86.46000000000001
Flusso totale uscente nei SINK: 42.430000000000014
Flusso totale netto nei SINK: 44.029999999999994
Total DEMAND dei SINK: 46.44
Percentual di flusso ai SINK: 0.9481050818260119
Numero di Sink soddisfatti: 24.0, numero totale di sink: 25.0
Percentuale di Sink soddisfatti: 0.96

---------------------------------- DAY 194

Update Fixed Elements from Intrinsic Faults
Update Fixed Elements from Heavy Faults
Update Fixed Elements from Attack
Propagate Intrinsic Fault
Propagate Heavy Faults
Propagate Attacks
Inject Intrinsic Failure To Source
Inject Heavy Fault To Sources
Inject Attack Multiple To Source
Inject Intrinsic Fault To Pipeline
Inject Heavy Fault To Pipeline
Inject Attack To Pipeline
----------- Statistics ------------
	Sources Under Attack: 0
	Sources with Heavy Fault: 0
	Sources with Intrinsic Fault: 0
	Arcs with reduce capacity due to Attack: 0
	Arcs with reduce capacity due to Heavy Fault: 0
	Arcs with reduce capacity due to Intrinsic Fault: 0
	Arcs with Attacks: 0
	Arcs with Heavy Fault: 0
	Arcs with Intrinsic Fault: 0
--------- SOURCES STATISTICS ---------------
Demand del real Source[0]: -31.0, flusso erogato: 8.069999999999997, flusso entrante: 0.0, efficienza: 26.032258064516117 %
Demand del real Source[8]: -10.5, flusso erogato: 3.8600000000000003, flusso entrante: 0.0, efficienza: 36.76190476190476 %
Demand del real Source[9]: -7.1, flusso erogato: 14.169999999999996, flusso entrante: 7.070000000000007, efficienza: 199.57746478873236 %
Demand del real Source[17]: -25.0, flusso erogato: 25.000000000000007, flusso entrante: 0.0, efficienza: 100.00000000000003 %
Flusso totale entrante nei Real Source: 7.070000000000007
Flusso totale uscente dai Real Source: 51.1
Flusso netto sui real Source: -44.029999999999994
--- SINKS STATISTICS ---
Sink 3 SODDISFATTO. Flusso netto: 3.4299999999999997, Demand: 3.43, percentage: 99.99999999999999
Sink 4 SODDISFATTO. Flusso netto: 0.5700000000000003, Demand: 0.57, percentage: 100.00000000000007
Sink 5 SODDISFATTO. Flusso netto: 0.6600000000000019, Demand: 0.66, percentage: 100.00000000000028
Sink 11 SODDISFATTO. Flusso netto: 1.03, Demand: 1.03, percentage: 100.0
Sink 15 SODDISFATTO. Flusso netto: 0.4600000000000044, Demand: 0.46, percentage: 100.00000000000095
Sink 16 SODDISFATTO. Flusso netto: 8.399999999999993, Demand: 8.4, percentage: 99.99999999999991
Sink 19 SODDISFATTO. Flusso netto: 0.5399999999999938, Demand: 0.54, percentage: 99.99999999999885
Sink 23 SODDISFATTO. Flusso netto: 0.5999999999999996, Demand: 0.6, percentage: 99.99999999999994
Sink 24 SODDISFATTO. Flusso netto: 0.8000000000000007, Demand: 0.8, percentage: 100.00000000000009
Sink 25 SODDISFATTO. Flusso netto: 3.5, Demand: 3.5, percentage: 100.0
Sink 26 SODDISFATTO. Flusso netto: 6.000000000000007, Demand: 6.0, percentage: 100.00000000000011
Sink 28 SODDISFATTO. Flusso netto: 0.4, Demand: 0.4, percentage: 100.0
Sink 30 SODDISFATTO. Flusso netto: 0.9799999999999933, Demand: 0.98, percentage: 99.99999999999932
Sink 31 SODDISFATTO. Flusso netto: 0.3999999999999999, Demand: 0.4, percentage: 99.99999999999997
Sink 32 SODDISFATTO. Flusso netto: 0.9999999999999989, Demand: 1.0, percentage: 99.99999999999989
Sink 34 SODDISFATTO. Flusso netto: 1.7400000000000002, Demand: 1.74, percentage: 100.00000000000003
Sink 35 SODDISFATTO. Flusso netto: 1.3, Demand: 1.3, percentage: 100.0
Sink 37 SODDISFATTO. Flusso netto: 1.0, Demand: 1.0, percentage: 100.0
Sink 39 SODDISFATTO. Flusso netto: 0.40000000000000036, Demand: 0.4, percentage: 100.00000000000009
Sink 40 SODDISFATTO. Flusso netto: 0.5, Demand: 0.5, percentage: 100.0
Sink 41 SODDISFATTO. Flusso netto: 1.0600000000000005, Demand: 1.06, percentage: 100.00000000000004
Sink 42 SODDISFATTO. Flusso netto: 2.8200000000000007, Demand: 2.82, percentage: 100.00000000000003
Sink 45 SODDISFATTO. Flusso netto: 0.6800000000000002, Demand: 0.68, percentage: 100.00000000000003
Sink 46 SODDISFATTO. Flusso netto: 1.17, Demand: 1.17, percentage: 100.0
Sink 49 non è soddisfatto. Flusso netto: 4.59, Demand: 7.0, percentage: 65.57142857142857
Flusso totale entrante nei SINK: 86.46000000000001
Flusso totale uscente nei SINK: 42.430000000000014
Flusso totale netto nei SINK: 44.029999999999994
Total DEMAND dei SINK: 46.44
Percentual di flusso ai SINK: 0.9481050818260119
Numero di Sink soddisfatti: 24.0, numero totale di sink: 25.0
Percentuale di Sink soddisfatti: 0.96

---------------------------------- DAY 195

Update Fixed Elements from Intrinsic Faults
Update Fixed Elements from Heavy Faults
Update Fixed Elements from Attack
Propagate Intrinsic Fault
Propagate Heavy Faults
Propagate Attacks
Inject Intrinsic Failure To Source
Inject Heavy Fault To Sources
Inject Attack Multiple To Source
Inject Intrinsic Fault To Pipeline
Inject Heavy Fault To Pipeline
Inject Attack To Pipeline
----------- Statistics ------------
	Sources Under Attack: 0
	Sources with Heavy Fault: 0
	Sources with Intrinsic Fault: 0
	Arcs with reduce capacity due to Attack: 0
	Arcs with reduce capacity due to Heavy Fault: 0
	Arcs with reduce capacity due to Intrinsic Fault: 0
	Arcs with Attacks: 0
	Arcs with Heavy Fault: 0
	Arcs with Intrinsic Fault: 0
--------- SOURCES STATISTICS ---------------
Demand del real Source[0]: -31.0, flusso erogato: 8.069999999999997, flusso entrante: 0.0, efficienza: 26.032258064516117 %
Demand del real Source[8]: -10.5, flusso erogato: 3.8600000000000003, flusso entrante: 0.0, efficienza: 36.76190476190476 %
Demand del real Source[9]: -7.1, flusso erogato: 14.169999999999996, flusso entrante: 7.070000000000007, efficienza: 199.57746478873236 %
Demand del real Source[17]: -25.0, flusso erogato: 25.000000000000007, flusso entrante: 0.0, efficienza: 100.00000000000003 %
Flusso totale entrante nei Real Source: 7.070000000000007
Flusso totale uscente dai Real Source: 51.1
Flusso netto sui real Source: -44.029999999999994
--- SINKS STATISTICS ---
Sink 3 SODDISFATTO. Flusso netto: 3.4299999999999997, Demand: 3.43, percentage: 99.99999999999999
Sink 4 SODDISFATTO. Flusso netto: 0.5700000000000003, Demand: 0.57, percentage: 100.00000000000007
Sink 5 SODDISFATTO. Flusso netto: 0.6600000000000019, Demand: 0.66, percentage: 100.00000000000028
Sink 11 SODDISFATTO. Flusso netto: 1.03, Demand: 1.03, percentage: 100.0
Sink 15 SODDISFATTO. Flusso netto: 0.4600000000000044, Demand: 0.46, percentage: 100.00000000000095
Sink 16 SODDISFATTO. Flusso netto: 8.399999999999993, Demand: 8.4, percentage: 99.99999999999991
Sink 19 SODDISFATTO. Flusso netto: 0.5399999999999938, Demand: 0.54, percentage: 99.99999999999885
Sink 23 SODDISFATTO. Flusso netto: 0.5999999999999996, Demand: 0.6, percentage: 99.99999999999994
Sink 24 SODDISFATTO. Flusso netto: 0.8000000000000007, Demand: 0.8, percentage: 100.00000000000009
Sink 25 SODDISFATTO. Flusso netto: 3.5, Demand: 3.5, percentage: 100.0
Sink 26 SODDISFATTO. Flusso netto: 6.000000000000007, Demand: 6.0, percentage: 100.00000000000011
Sink 28 SODDISFATTO. Flusso netto: 0.4, Demand: 0.4, percentage: 100.0
Sink 30 SODDISFATTO. Flusso netto: 0.9799999999999933, Demand: 0.98, percentage: 99.99999999999932
Sink 31 SODDISFATTO. Flusso netto: 0.3999999999999999, Demand: 0.4, percentage: 99.99999999999997
Sink 32 SODDISFATTO. Flusso netto: 0.9999999999999989, Demand: 1.0, percentage: 99.99999999999989
Sink 34 SODDISFATTO. Flusso netto: 1.7400000000000002, Demand: 1.74, percentage: 100.00000000000003
Sink 35 SODDISFATTO. Flusso netto: 1.3, Demand: 1.3, percentage: 100.0
Sink 37 SODDISFATTO. Flusso netto: 1.0, Demand: 1.0, percentage: 100.0
Sink 39 SODDISFATTO. Flusso netto: 0.40000000000000036, Demand: 0.4, percentage: 100.00000000000009
Sink 40 SODDISFATTO. Flusso netto: 0.5, Demand: 0.5, percentage: 100.0
Sink 41 SODDISFATTO. Flusso netto: 1.0600000000000005, Demand: 1.06, percentage: 100.00000000000004
Sink 42 SODDISFATTO. Flusso netto: 2.8200000000000007, Demand: 2.82, percentage: 100.00000000000003
Sink 45 SODDISFATTO. Flusso netto: 0.6800000000000002, Demand: 0.68, percentage: 100.00000000000003
Sink 46 SODDISFATTO. Flusso netto: 1.17, Demand: 1.17, percentage: 100.0
Sink 49 non è soddisfatto. Flusso netto: 4.59, Demand: 7.0, percentage: 65.57142857142857
Flusso totale entrante nei SINK: 86.46000000000001
Flusso totale uscente nei SINK: 42.430000000000014
Flusso totale netto nei SINK: 44.029999999999994
Total DEMAND dei SINK: 46.44
Percentual di flusso ai SINK: 0.9481050818260119
Numero di Sink soddisfatti: 24.0, numero totale di sink: 25.0
Percentuale di Sink soddisfatti: 0.96

---------------------------------- DAY 196

Update Fixed Elements from Intrinsic Faults
Update Fixed Elements from Heavy Faults
Update Fixed Elements from Attack
Propagate Intrinsic Fault
Propagate Heavy Faults
Propagate Attacks
Inject Intrinsic Failure To Source
Inject Heavy Fault To Sources
Inject Attack Multiple To Source
Inject Intrinsic Fault To Pipeline
Inject Heavy Fault To Pipeline
Inject Attack To Pipeline
----------- Statistics ------------
	Sources Under Attack: 0
	Sources with Heavy Fault: 0
	Sources with Intrinsic Fault: 0
	Arcs with reduce capacity due to Attack: 0
	Arcs with reduce capacity due to Heavy Fault: 0
	Arcs with reduce capacity due to Intrinsic Fault: 0
	Arcs with Attacks: 0
	Arcs with Heavy Fault: 0
	Arcs with Intrinsic Fault: 0
--------- SOURCES STATISTICS ---------------
Demand del real Source[0]: -31.0, flusso erogato: 8.069999999999997, flusso entrante: 0.0, efficienza: 26.032258064516117 %
Demand del real Source[8]: -10.5, flusso erogato: 3.8600000000000003, flusso entrante: 0.0, efficienza: 36.76190476190476 %
Demand del real Source[9]: -7.1, flusso erogato: 14.169999999999996, flusso entrante: 7.070000000000007, efficienza: 199.57746478873236 %
Demand del real Source[17]: -25.0, flusso erogato: 25.000000000000007, flusso entrante: 0.0, efficienza: 100.00000000000003 %
Flusso totale entrante nei Real Source: 7.070000000000007
Flusso totale uscente dai Real Source: 51.1
Flusso netto sui real Source: -44.029999999999994
--- SINKS STATISTICS ---
Sink 3 SODDISFATTO. Flusso netto: 3.4299999999999997, Demand: 3.43, percentage: 99.99999999999999
Sink 4 SODDISFATTO. Flusso netto: 0.5700000000000003, Demand: 0.57, percentage: 100.00000000000007
Sink 5 SODDISFATTO. Flusso netto: 0.6600000000000019, Demand: 0.66, percentage: 100.00000000000028
Sink 11 SODDISFATTO. Flusso netto: 1.03, Demand: 1.03, percentage: 100.0
Sink 15 SODDISFATTO. Flusso netto: 0.4600000000000044, Demand: 0.46, percentage: 100.00000000000095
Sink 16 SODDISFATTO. Flusso netto: 8.399999999999993, Demand: 8.4, percentage: 99.99999999999991
Sink 19 SODDISFATTO. Flusso netto: 0.5399999999999938, Demand: 0.54, percentage: 99.99999999999885
Sink 23 SODDISFATTO. Flusso netto: 0.5999999999999996, Demand: 0.6, percentage: 99.99999999999994
Sink 24 SODDISFATTO. Flusso netto: 0.8000000000000007, Demand: 0.8, percentage: 100.00000000000009
Sink 25 SODDISFATTO. Flusso netto: 3.5, Demand: 3.5, percentage: 100.0
Sink 26 SODDISFATTO. Flusso netto: 6.000000000000007, Demand: 6.0, percentage: 100.00000000000011
Sink 28 SODDISFATTO. Flusso netto: 0.4, Demand: 0.4, percentage: 100.0
Sink 30 SODDISFATTO. Flusso netto: 0.9799999999999933, Demand: 0.98, percentage: 99.99999999999932
Sink 31 SODDISFATTO. Flusso netto: 0.3999999999999999, Demand: 0.4, percentage: 99.99999999999997
Sink 32 SODDISFATTO. Flusso netto: 0.9999999999999989, Demand: 1.0, percentage: 99.99999999999989
Sink 34 SODDISFATTO. Flusso netto: 1.7400000000000002, Demand: 1.74, percentage: 100.00000000000003
Sink 35 SODDISFATTO. Flusso netto: 1.3, Demand: 1.3, percentage: 100.0
Sink 37 SODDISFATTO. Flusso netto: 1.0, Demand: 1.0, percentage: 100.0
Sink 39 SODDISFATTO. Flusso netto: 0.40000000000000036, Demand: 0.4, percentage: 100.00000000000009
Sink 40 SODDISFATTO. Flusso netto: 0.5, Demand: 0.5, percentage: 100.0
Sink 41 SODDISFATTO. Flusso netto: 1.0600000000000005, Demand: 1.06, percentage: 100.00000000000004
Sink 42 SODDISFATTO. Flusso netto: 2.8200000000000007, Demand: 2.82, percentage: 100.00000000000003
Sink 45 SODDISFATTO. Flusso netto: 0.6800000000000002, Demand: 0.68, percentage: 100.00000000000003
Sink 46 SODDISFATTO. Flusso netto: 1.17, Demand: 1.17, percentage: 100.0
Sink 49 non è soddisfatto. Flusso netto: 4.59, Demand: 7.0, percentage: 65.57142857142857
Flusso totale entrante nei SINK: 86.46000000000001
Flusso totale uscente nei SINK: 42.430000000000014
Flusso totale netto nei SINK: 44.029999999999994
Total DEMAND dei SINK: 46.44
Percentual di flusso ai SINK: 0.9481050818260119
Numero di Sink soddisfatti: 24.0, numero totale di sink: 25.0
Percentuale di Sink soddisfatti: 0.96

---------------------------------- DAY 197

Update Fixed Elements from Intrinsic Faults
Update Fixed Elements from Heavy Faults
Update Fixed Elements from Attack
Propagate Intrinsic Fault
Propagate Heavy Faults
Propagate Attacks
Inject Intrinsic Failure To Source
Inject Heavy Fault To Sources
Inject Attack Multiple To Source
Inject Intrinsic Fault To Pipeline
Inject Heavy Fault To Pipeline
Inject Attack To Pipeline
----------- Statistics ------------
	Sources Under Attack: 0
	Sources with Heavy Fault: 0
	Sources with Intrinsic Fault: 0
	Arcs with reduce capacity due to Attack: 0
	Arcs with reduce capacity due to Heavy Fault: 0
	Arcs with reduce capacity due to Intrinsic Fault: 0
	Arcs with Attacks: 0
	Arcs with Heavy Fault: 0
	Arcs with Intrinsic Fault: 0
--------- SOURCES STATISTICS ---------------
Demand del real Source[0]: -31.0, flusso erogato: 8.069999999999997, flusso entrante: 0.0, efficienza: 26.032258064516117 %
Demand del real Source[8]: -10.5, flusso erogato: 3.8600000000000003, flusso entrante: 0.0, efficienza: 36.76190476190476 %
Demand del real Source[9]: -7.1, flusso erogato: 14.169999999999996, flusso entrante: 7.070000000000007, efficienza: 199.57746478873236 %
Demand del real Source[17]: -25.0, flusso erogato: 25.000000000000007, flusso entrante: 0.0, efficienza: 100.00000000000003 %
Flusso totale entrante nei Real Source: 7.070000000000007
Flusso totale uscente dai Real Source: 51.1
Flusso netto sui real Source: -44.029999999999994
--- SINKS STATISTICS ---
Sink 3 SODDISFATTO. Flusso netto: 3.4299999999999997, Demand: 3.43, percentage: 99.99999999999999
Sink 4 SODDISFATTO. Flusso netto: 0.5700000000000003, Demand: 0.57, percentage: 100.00000000000007
Sink 5 SODDISFATTO. Flusso netto: 0.6600000000000019, Demand: 0.66, percentage: 100.00000000000028
Sink 11 SODDISFATTO. Flusso netto: 1.03, Demand: 1.03, percentage: 100.0
Sink 15 SODDISFATTO. Flusso netto: 0.4600000000000044, Demand: 0.46, percentage: 100.00000000000095
Sink 16 SODDISFATTO. Flusso netto: 8.399999999999993, Demand: 8.4, percentage: 99.99999999999991
Sink 19 SODDISFATTO. Flusso netto: 0.5399999999999938, Demand: 0.54, percentage: 99.99999999999885
Sink 23 SODDISFATTO. Flusso netto: 0.5999999999999996, Demand: 0.6, percentage: 99.99999999999994
Sink 24 SODDISFATTO. Flusso netto: 0.8000000000000007, Demand: 0.8, percentage: 100.00000000000009
Sink 25 SODDISFATTO. Flusso netto: 3.5, Demand: 3.5, percentage: 100.0
Sink 26 SODDISFATTO. Flusso netto: 6.000000000000007, Demand: 6.0, percentage: 100.00000000000011
Sink 28 SODDISFATTO. Flusso netto: 0.4, Demand: 0.4, percentage: 100.0
Sink 30 SODDISFATTO. Flusso netto: 0.9799999999999933, Demand: 0.98, percentage: 99.99999999999932
Sink 31 SODDISFATTO. Flusso netto: 0.3999999999999999, Demand: 0.4, percentage: 99.99999999999997
Sink 32 SODDISFATTO. Flusso netto: 0.9999999999999989, Demand: 1.0, percentage: 99.99999999999989
Sink 34 SODDISFATTO. Flusso netto: 1.7400000000000002, Demand: 1.74, percentage: 100.00000000000003
Sink 35 SODDISFATTO. Flusso netto: 1.3, Demand: 1.3, percentage: 100.0
Sink 37 SODDISFATTO. Flusso netto: 1.0, Demand: 1.0, percentage: 100.0
Sink 39 SODDISFATTO. Flusso netto: 0.40000000000000036, Demand: 0.4, percentage: 100.00000000000009
Sink 40 SODDISFATTO. Flusso netto: 0.5, Demand: 0.5, percentage: 100.0
Sink 41 SODDISFATTO. Flusso netto: 1.0600000000000005, Demand: 1.06, percentage: 100.00000000000004
Sink 42 SODDISFATTO. Flusso netto: 2.8200000000000007, Demand: 2.82, percentage: 100.00000000000003
Sink 45 SODDISFATTO. Flusso netto: 0.6800000000000002, Demand: 0.68, percentage: 100.00000000000003
Sink 46 SODDISFATTO. Flusso netto: 1.17, Demand: 1.17, percentage: 100.0
Sink 49 non è soddisfatto. Flusso netto: 4.59, Demand: 7.0, percentage: 65.57142857142857
Flusso totale entrante nei SINK: 86.46000000000001
Flusso totale uscente nei SINK: 42.430000000000014
Flusso totale netto nei SINK: 44.029999999999994
Total DEMAND dei SINK: 46.44
Percentual di flusso ai SINK: 0.9481050818260119
Numero di Sink soddisfatti: 24.0, numero totale di sink: 25.0
Percentuale di Sink soddisfatti: 0.96

---------------------------------- DAY 198

Update Fixed Elements from Intrinsic Faults
Update Fixed Elements from Heavy Faults
Update Fixed Elements from Attack
Propagate Intrinsic Fault
Propagate Heavy Faults
Propagate Attacks
Inject Intrinsic Failure To Source
Source NODO_10 is failing for an Intrinsic Fault in day: 198
pipeline ARCO_17 has reduced capacity due to NODO_10 Intrinsic fault
pipeline ARCO_88 has reduced capacity due to NODO_10 Intrinsic fault
pipeline ARCO_89 has reduced capacity due to NODO_10 Intrinsic fault
pipeline V_EDGE_53_8 has reduced capacity due to NODO_10 Intrinsic fault
pipeline ARCO_18 has reduced capacity due to NODO_10 Intrinsic fault
pipeline ARCO_19 has reduced capacity due to NODO_10 Intrinsic fault
pipeline ARCO_87 has reduced capacity due to NODO_10 Intrinsic fault
Source NODO_11 is failing for an Intrinsic Fault in day: 198
pipeline ARCO_3 has reduced capacity due to NODO_11 Intrinsic fault
pipeline ARCO_90 has reduced capacity due to NODO_11 Intrinsic fault
pipeline ARCO_91 has reduced capacity due to NODO_11 Intrinsic fault
pipeline ARCO_92 has reduced capacity due to NODO_11 Intrinsic fault
pipeline V_EDGE_53_9 has reduced capacity due to NODO_11 Intrinsic fault
pipeline ARCO_20 has reduced capacity due to NODO_11 Intrinsic fault
pipeline ARCO_21 has reduced capacity due to NODO_11 Intrinsic fault
pipeline ARCO_22 has reduced capacity due to NODO_11 Intrinsic fault
pipeline ARCO_73 has reduced capacity due to NODO_11 Intrinsic fault
Inject Heavy Fault To Sources
Inject Attack Multiple To Source
Inject Intrinsic Fault To Pipeline
Inject Heavy Fault To Pipeline
Inject Attack To Pipeline
----------- Statistics ------------
	Sources Under Attack: 0
	Sources with Heavy Fault: 0
	Sources with Intrinsic Fault: 2
	Arcs with reduce capacity due to Attack: 0
	Arcs with reduce capacity due to Heavy Fault: 0
	Arcs with reduce capacity due to Intrinsic Fault: 16
	Arcs with Attacks: 0
	Arcs with Heavy Fault: 0
	Arcs with Intrinsic Fault: 0
--------- SOURCES STATISTICS ---------------
Demand del real Source[0]: -31.0, flusso erogato: 12.427999999999997, flusso entrante: 0.0, efficienza: 40.09032258064516 %
Demand del real Source[8]: -10.5, flusso erogato: 0.0, flusso entrante: 0.0, efficienza: 0.0 %
Demand del real Source[9]: -7.1, flusso erogato: 17.107999999999997, flusso entrante: 11.428000000000004, efficienza: 240.9577464788732 %
Demand del real Source[17]: -25.0, flusso erogato: 25.000000000000007, flusso entrante: 0.0, efficienza: 100.00000000000003 %
Flusso totale entrante nei Real Source: 11.428000000000004
Flusso totale uscente dai Real Source: 54.536
Flusso netto sui real Source: -43.108
--- SINKS STATISTICS ---
Sink 3 SODDISFATTO. Flusso netto: 3.4299999999999997, Demand: 3.43, percentage: 99.99999999999999
Sink 4 SODDISFATTO. Flusso netto: 0.5700000000000003, Demand: 0.57, percentage: 100.00000000000007
Sink 5 SODDISFATTO. Flusso netto: 0.660000000000001, Demand: 0.66, percentage: 100.00000000000016
Sink 11 SODDISFATTO. Flusso netto: 1.0300000000000011, Demand: 1.03, percentage: 100.00000000000011
Sink 15 SODDISFATTO. Flusso netto: 0.4600000000000044, Demand: 0.46, percentage: 100.00000000000095
Sink 16 SODDISFATTO. Flusso netto: 8.399999999999993, Demand: 8.4, percentage: 99.99999999999991
Sink 19 SODDISFATTO. Flusso netto: 0.5399999999999938, Demand: 0.54, percentage: 99.99999999999885
Sink 23 SODDISFATTO. Flusso netto: 0.5999999999999996, Demand: 0.6, percentage: 99.99999999999994
Sink 24 SODDISFATTO. Flusso netto: 0.8000000000000007, Demand: 0.8, percentage: 100.00000000000009
Sink 25 SODDISFATTO. Flusso netto: 3.5, Demand: 3.5, percentage: 100.0
Sink 26 SODDISFATTO. Flusso netto: 6.000000000000007, Demand: 6.0, percentage: 100.00000000000011
Sink 28 SODDISFATTO. Flusso netto: 0.4, Demand: 0.4, percentage: 100.0
Sink 30 SODDISFATTO. Flusso netto: 0.9799999999999933, Demand: 0.98, percentage: 99.99999999999932
Sink 31 SODDISFATTO. Flusso netto: 0.3999999999999999, Demand: 0.4, percentage: 99.99999999999997
Sink 32 SODDISFATTO. Flusso netto: 0.9999999999999989, Demand: 1.0, percentage: 99.99999999999989
Sink 34 SODDISFATTO. Flusso netto: 1.7400000000000002, Demand: 1.74, percentage: 100.00000000000003
Sink 35 SODDISFATTO. Flusso netto: 1.3, Demand: 1.3, percentage: 100.0
Sink 37 SODDISFATTO. Flusso netto: 1.0, Demand: 1.0, percentage: 100.0
Sink 39 SODDISFATTO. Flusso netto: 0.40000000000000036, Demand: 0.4, percentage: 100.00000000000009
Sink 40 SODDISFATTO. Flusso netto: 0.5, Demand: 0.5, percentage: 100.0
Sink 41 SODDISFATTO. Flusso netto: 1.0600000000000005, Demand: 1.06, percentage: 100.00000000000004
Sink 42 SODDISFATTO. Flusso netto: 2.8199999999999994, Demand: 2.82, percentage: 99.99999999999999
Sink 45 SODDISFATTO. Flusso netto: 0.6800000000000002, Demand: 0.68, percentage: 100.00000000000003
Sink 46 SODDISFATTO. Flusso netto: 1.17, Demand: 1.17, percentage: 100.0
Sink 49 non è soddisfatto. Flusso netto: 3.6679999999999993, Demand: 7.0, percentage: 52.39999999999999
Flusso totale entrante nei SINK: 91.75200000000001
Flusso totale uscente nei SINK: 48.64400000000001
Flusso totale netto nei SINK: 43.108
Total DEMAND dei SINK: 46.44
Percentual di flusso ai SINK: 0.9282515073212747
Numero di Sink soddisfatti: 24.0, numero totale di sink: 25.0
Percentuale di Sink soddisfatti: 0.96

---------------------------------- DAY 199

Update Fixed Elements from Intrinsic Faults
Update Fixed Elements from Heavy Faults
Update Fixed Elements from Attack
Propagate Intrinsic Fault
Node NODO_10 has still failing due to Intrinsic Fault
Node NODO_11 has still failing due to Intrinsic Fault
pipeline ARCO_17 still has reduced capacity: 0.0 due to Intrinsic Fault
pipeline ARCO_88 still has reduced capacity: 0.0 due to Intrinsic Fault
pipeline ARCO_89 still has reduced capacity: 0.0 due to Intrinsic Fault
pipeline V_EDGE_53_8 still has reduced capacity: 0.0 due to Intrinsic Fault
pipeline ARCO_18 still has reduced capacity: 0.0 due to Intrinsic Fault
pipeline ARCO_19 still has reduced capacity: 0.0 due to Intrinsic Fault
pipeline ARCO_87 still has reduced capacity: 0.0 due to Intrinsic Fault
pipeline ARCO_3 still has reduced capacity: 9.688 due to Intrinsic Fault
pipeline ARCO_90 still has reduced capacity: 1.6 due to Intrinsic Fault
pipeline ARCO_91 still has reduced capacity: 9.688 due to Intrinsic Fault
pipeline ARCO_92 still has reduced capacity: 39.328 due to Intrinsic Fault
pipeline V_EDGE_53_9 still has reduced capacity: 5.68 due to Intrinsic Fault
pipeline ARCO_20 still has reduced capacity: 1.6 due to Intrinsic Fault
pipeline ARCO_21 still has reduced capacity: 9.688 due to Intrinsic Fault
pipeline ARCO_22 still has reduced capacity: 39.328 due to Intrinsic Fault
pipeline ARCO_73 still has reduced capacity: 9.688 due to Intrinsic Fault
Propagate Heavy Faults
Propagate Attacks
Inject Intrinsic Failure To Source
Source NODO_2 is failing for an Intrinsic Fault in day: 199
pipeline ARCO_70 has reduced capacity due to NODO_2 Intrinsic fault
pipeline V_EDGE_53_0 has reduced capacity due to NODO_2 Intrinsic fault
pipeline ARCO_0 has reduced capacity due to NODO_2 Intrinsic fault
Inject Heavy Fault To Sources
Inject Attack Multiple To Source
Inject Intrinsic Fault To Pipeline
Inject Heavy Fault To Pipeline
Inject Attack To Pipeline
----------- Statistics ------------
	Sources Under Attack: 0
	Sources with Heavy Fault: 0
	Sources with Intrinsic Fault: 3
	Arcs with reduce capacity due to Attack: 0
	Arcs with reduce capacity due to Heavy Fault: 0
	Arcs with reduce capacity due to Intrinsic Fault: 19
	Arcs with Attacks: 0
	Arcs with Heavy Fault: 0
	Arcs with Intrinsic Fault: 0
--------- SOURCES STATISTICS ---------------
Demand del real Source[0]: -31.0, flusso erogato: 12.427999999999997, flusso entrante: 0.0, efficienza: 40.09032258064516 %
Demand del real Source[8]: -10.5, flusso erogato: 0.0, flusso entrante: 0.0, efficienza: 0.0 %
Demand del real Source[9]: -7.1, flusso erogato: 17.107999999999997, flusso entrante: 11.428000000000004, efficienza: 240.9577464788732 %
Demand del real Source[17]: -25.0, flusso erogato: 25.000000000000007, flusso entrante: 0.0, efficienza: 100.00000000000003 %
Flusso totale entrante nei Real Source: 11.428000000000004
Flusso totale uscente dai Real Source: 54.536
Flusso netto sui real Source: -43.108
--- SINKS STATISTICS ---
Sink 3 SODDISFATTO. Flusso netto: 3.4299999999999997, Demand: 3.43, percentage: 99.99999999999999
Sink 4 SODDISFATTO. Flusso netto: 0.5700000000000003, Demand: 0.57, percentage: 100.00000000000007
Sink 5 SODDISFATTO. Flusso netto: 0.660000000000001, Demand: 0.66, percentage: 100.00000000000016
Sink 11 SODDISFATTO. Flusso netto: 1.0300000000000011, Demand: 1.03, percentage: 100.00000000000011
Sink 15 SODDISFATTO. Flusso netto: 0.4600000000000044, Demand: 0.46, percentage: 100.00000000000095
Sink 16 SODDISFATTO. Flusso netto: 8.399999999999993, Demand: 8.4, percentage: 99.99999999999991
Sink 19 SODDISFATTO. Flusso netto: 0.5399999999999938, Demand: 0.54, percentage: 99.99999999999885
Sink 23 SODDISFATTO. Flusso netto: 0.5999999999999996, Demand: 0.6, percentage: 99.99999999999994
Sink 24 SODDISFATTO. Flusso netto: 0.8000000000000007, Demand: 0.8, percentage: 100.00000000000009
Sink 25 SODDISFATTO. Flusso netto: 3.5, Demand: 3.5, percentage: 100.0
Sink 26 SODDISFATTO. Flusso netto: 6.000000000000007, Demand: 6.0, percentage: 100.00000000000011
Sink 28 SODDISFATTO. Flusso netto: 0.4, Demand: 0.4, percentage: 100.0
Sink 30 SODDISFATTO. Flusso netto: 0.9799999999999933, Demand: 0.98, percentage: 99.99999999999932
Sink 31 SODDISFATTO. Flusso netto: 0.3999999999999999, Demand: 0.4, percentage: 99.99999999999997
Sink 32 SODDISFATTO. Flusso netto: 0.9999999999999989, Demand: 1.0, percentage: 99.99999999999989
Sink 34 SODDISFATTO. Flusso netto: 1.7400000000000002, Demand: 1.74, percentage: 100.00000000000003
Sink 35 SODDISFATTO. Flusso netto: 1.3, Demand: 1.3, percentage: 100.0
Sink 37 SODDISFATTO. Flusso netto: 1.0, Demand: 1.0, percentage: 100.0
Sink 39 SODDISFATTO. Flusso netto: 0.40000000000000036, Demand: 0.4, percentage: 100.00000000000009
Sink 40 SODDISFATTO. Flusso netto: 0.5, Demand: 0.5, percentage: 100.0
Sink 41 SODDISFATTO. Flusso netto: 1.0600000000000005, Demand: 1.06, percentage: 100.00000000000004
Sink 42 SODDISFATTO. Flusso netto: 2.8199999999999994, Demand: 2.82, percentage: 99.99999999999999
Sink 45 SODDISFATTO. Flusso netto: 0.6800000000000002, Demand: 0.68, percentage: 100.00000000000003
Sink 46 SODDISFATTO. Flusso netto: 1.17, Demand: 1.17, percentage: 100.0
Sink 49 non è soddisfatto. Flusso netto: 3.6679999999999993, Demand: 7.0, percentage: 52.39999999999999
Flusso totale entrante nei SINK: 91.75200000000001
Flusso totale uscente nei SINK: 48.64400000000001
Flusso totale netto nei SINK: 43.108
Total DEMAND dei SINK: 46.44
Percentual di flusso ai SINK: 0.9282515073212747
Numero di Sink soddisfatti: 24.0, numero totale di sink: 25.0
Percentuale di Sink soddisfatti: 0.96

---------------------------------- DAY 200

Update Fixed Elements from Intrinsic Faults
Update Fixed Elements from Heavy Faults
Update Fixed Elements from Attack
Propagate Intrinsic Fault
Node NODO_10 has still failing due to Intrinsic Fault
Node NODO_11 has still failing due to Intrinsic Fault
Node NODO_2 has still failing due to Intrinsic Fault
pipeline ARCO_17 still has reduced capacity: 0.0 due to Intrinsic Fault
pipeline ARCO_88 still has reduced capacity: 0.0 due to Intrinsic Fault
pipeline ARCO_89 still has reduced capacity: 0.0 due to Intrinsic Fault
pipeline V_EDGE_53_8 still has reduced capacity: 0.0 due to Intrinsic Fault
pipeline ARCO_18 still has reduced capacity: 0.0 due to Intrinsic Fault
pipeline ARCO_19 still has reduced capacity: 0.0 due to Intrinsic Fault
pipeline ARCO_87 still has reduced capacity: 0.0 due to Intrinsic Fault
pipeline ARCO_3 still has reduced capacity: 9.688 due to Intrinsic Fault
pipeline ARCO_90 still has reduced capacity: 1.6 due to Intrinsic Fault
pipeline ARCO_91 still has reduced capacity: 9.688 due to Intrinsic Fault
pipeline ARCO_92 still has reduced capacity: 39.328 due to Intrinsic Fault
pipeline V_EDGE_53_9 still has reduced capacity: 5.68 due to Intrinsic Fault
pipeline ARCO_20 still has reduced capacity: 1.6 due to Intrinsic Fault
pipeline ARCO_21 still has reduced capacity: 9.688 due to Intrinsic Fault
pipeline ARCO_22 still has reduced capacity: 39.328 due to Intrinsic Fault
pipeline ARCO_73 still has reduced capacity: 9.688 due to Intrinsic Fault
pipeline ARCO_70 still has reduced capacity: 24.8 due to Intrinsic Fault
pipeline V_EDGE_53_0 still has reduced capacity: 24.8 due to Intrinsic Fault
pipeline ARCO_0 still has reduced capacity: 24.8 due to Intrinsic Fault
Propagate Heavy Faults
Propagate Attacks
Inject Intrinsic Failure To Source
Source NODO_11 is failing for an Intrinsic Fault in day: 200
pipeline ARCO_3 has reduced capacity due to NODO_11 Intrinsic fault
pipeline ARCO_90 has reduced capacity due to NODO_11 Intrinsic fault
pipeline ARCO_91 has reduced capacity due to NODO_11 Intrinsic fault
pipeline ARCO_92 has reduced capacity due to NODO_11 Intrinsic fault
pipeline V_EDGE_53_9 has reduced capacity due to NODO_11 Intrinsic fault
pipeline ARCO_20 has reduced capacity due to NODO_11 Intrinsic fault
pipeline ARCO_21 has reduced capacity due to NODO_11 Intrinsic fault
pipeline ARCO_22 has reduced capacity due to NODO_11 Intrinsic fault
pipeline ARCO_73 has reduced capacity due to NODO_11 Intrinsic fault
Inject Heavy Fault To Sources
Inject Attack Multiple To Source
Inject Intrinsic Fault To Pipeline
Inject Heavy Fault To Pipeline
Inject Attack To Pipeline
----------- Statistics ------------
	Sources Under Attack: 0
	Sources with Heavy Fault: 0
	Sources with Intrinsic Fault: 3
	Arcs with reduce capacity due to Attack: 0
	Arcs with reduce capacity due to Heavy Fault: 0
	Arcs with reduce capacity due to Intrinsic Fault: 19
	Arcs with Attacks: 0
	Arcs with Heavy Fault: 0
	Arcs with Intrinsic Fault: 0
--------- SOURCES STATISTICS ---------------
Demand del real Source[0]: -31.0, flusso erogato: 11.626399999999995, flusso entrante: 0.0, efficienza: 37.50451612903224 %
Demand del real Source[8]: -10.5, flusso erogato: 0.0, flusso entrante: 0.0, efficienza: 0.0 %
Demand del real Source[9]: -7.1, flusso erogato: 15.1704, flusso entrante: 10.626399999999993, efficienza: 213.66760563380285 %
Demand del real Source[17]: -25.0, flusso erogato: 25.000000000000007, flusso entrante: 0.0, efficienza: 100.00000000000003 %
Flusso totale entrante nei Real Source: 10.626399999999993
Flusso totale uscente dai Real Source: 51.7968
Flusso netto sui real Source: -41.1704
--- SINKS STATISTICS ---
Sink 3 SODDISFATTO. Flusso netto: 3.429999999999999, Demand: 3.43, percentage: 99.99999999999997
Sink 4 SODDISFATTO. Flusso netto: 0.5700000000000007, Demand: 0.57, percentage: 100.00000000000013
Sink 5 SODDISFATTO. Flusso netto: 0.6600000000000001, Demand: 0.66, percentage: 100.00000000000003
Sink 11 SODDISFATTO. Flusso netto: 1.0300000000000011, Demand: 1.03, percentage: 100.00000000000011
Sink 15 SODDISFATTO. Flusso netto: 0.46000000000000085, Demand: 0.46, percentage: 100.00000000000017
Sink 16 SODDISFATTO. Flusso netto: 8.4, Demand: 8.4, percentage: 100.0
Sink 19 SODDISFATTO. Flusso netto: 0.5399999999999938, Demand: 0.54, percentage: 99.99999999999885
Sink 23 SODDISFATTO. Flusso netto: 0.5999999999999996, Demand: 0.6, percentage: 99.99999999999994
Sink 24 SODDISFATTO. Flusso netto: 0.8000000000000007, Demand: 0.8, percentage: 100.00000000000009
Sink 25 SODDISFATTO. Flusso netto: 3.5, Demand: 3.5, percentage: 100.0
Sink 26 SODDISFATTO. Flusso netto: 6.000000000000007, Demand: 6.0, percentage: 100.00000000000011
Sink 28 SODDISFATTO. Flusso netto: 0.4, Demand: 0.4, percentage: 100.0
Sink 30 SODDISFATTO. Flusso netto: 0.9799999999999933, Demand: 0.98, percentage: 99.99999999999932
Sink 31 SODDISFATTO. Flusso netto: 0.3999999999999999, Demand: 0.4, percentage: 99.99999999999997
Sink 32 SODDISFATTO. Flusso netto: 0.9999999999999989, Demand: 1.0, percentage: 99.99999999999989
Sink 34 SODDISFATTO. Flusso netto: 1.7400000000000002, Demand: 1.74, percentage: 100.00000000000003
Sink 35 SODDISFATTO. Flusso netto: 1.3, Demand: 1.3, percentage: 100.0
Sink 37 SODDISFATTO. Flusso netto: 1.0, Demand: 1.0, percentage: 100.0
Sink 39 SODDISFATTO. Flusso netto: 0.40000000000000036, Demand: 0.4, percentage: 100.00000000000009
Sink 40 SODDISFATTO. Flusso netto: 0.5, Demand: 0.5, percentage: 100.0
Sink 41 SODDISFATTO. Flusso netto: 1.0600000000000014, Demand: 1.06, percentage: 100.00000000000013
Sink 42 SODDISFATTO. Flusso netto: 2.82, Demand: 2.82, percentage: 100.0
Sink 45 SODDISFATTO. Flusso netto: 0.6800000000000002, Demand: 0.68, percentage: 100.00000000000003
Sink 46 SODDISFATTO. Flusso netto: 1.17, Demand: 1.17, percentage: 100.0
Sink 49 non è soddisfatto. Flusso netto: 1.7303999999999995, Demand: 7.0, percentage: 24.71999999999999
Flusso totale entrante nei SINK: 84.06160000000001
Flusso totale uscente nei SINK: 42.8912
Flusso totale netto nei SINK: 41.170400000000015
Total DEMAND dei SINK: 46.44
Percentual di flusso ai SINK: 0.8865288544358315
Numero di Sink soddisfatti: 24.0, numero totale di sink: 25.0
Percentuale di Sink soddisfatti: 0.96

---------------------------------- DAY 201

Update Fixed Elements from Intrinsic Faults
Source NODO_11 fixed from Intrinsic Fault
Pipeline ARCO_3 fixed due to Source NODO_11 fixing from Intrinsic Fault
Pipeline ARCO_90 fixed due to Source NODO_11 fixing from Intrinsic Fault
Pipeline ARCO_91 fixed due to Source NODO_11 fixing from Intrinsic Fault
Pipeline ARCO_92 fixed due to Source NODO_11 fixing from Intrinsic Fault
Pipeline V_EDGE_53_9 fixed due to Source NODO_11 fixing from Intrinsic Fault
Pipeline ARCO_20 fixed due to Source NODO_11 fixing from Intrinsic Fault
Pipeline ARCO_21 fixed due to Source NODO_11 fixing from Intrinsic Fault
Pipeline ARCO_22 fixed due to Source NODO_11 fixing from Intrinsic Fault
Pipeline ARCO_73 fixed due to Source NODO_11 fixing from Intrinsic Fault
Update Fixed Elements from Heavy Faults
Update Fixed Elements from Attack
Propagate Intrinsic Fault
Node NODO_10 has still failing due to Intrinsic Fault
Node NODO_2 has still failing due to Intrinsic Fault
pipeline ARCO_17 still has reduced capacity: 0.0 due to Intrinsic Fault
pipeline ARCO_88 still has reduced capacity: 0.0 due to Intrinsic Fault
pipeline ARCO_89 still has reduced capacity: 0.0 due to Intrinsic Fault
pipeline V_EDGE_53_8 still has reduced capacity: 0.0 due to Intrinsic Fault
pipeline ARCO_18 still has reduced capacity: 0.0 due to Intrinsic Fault
pipeline ARCO_19 still has reduced capacity: 0.0 due to Intrinsic Fault
pipeline ARCO_87 still has reduced capacity: 0.0 due to Intrinsic Fault
pipeline ARCO_70 still has reduced capacity: 24.8 due to Intrinsic Fault
pipeline V_EDGE_53_0 still has reduced capacity: 24.8 due to Intrinsic Fault
pipeline ARCO_0 still has reduced capacity: 24.8 due to Intrinsic Fault
Propagate Heavy Faults
Propagate Attacks
Inject Intrinsic Failure To Source
Source NODO_2 is failing for an Intrinsic Fault in day: 201
pipeline ARCO_70 has reduced capacity due to NODO_2 Intrinsic fault
pipeline V_EDGE_53_0 has reduced capacity due to NODO_2 Intrinsic fault
pipeline ARCO_0 has reduced capacity due to NODO_2 Intrinsic fault
Inject Heavy Fault To Sources
Inject Attack Multiple To Source
Inject Intrinsic Fault To Pipeline
Inject Heavy Fault To Pipeline
Inject Attack To Pipeline
----------- Statistics ------------
	Sources Under Attack: 0
	Sources with Heavy Fault: 0
	Sources with Intrinsic Fault: 2
	Arcs with reduce capacity due to Attack: 0
	Arcs with reduce capacity due to Heavy Fault: 0
	Arcs with reduce capacity due to Intrinsic Fault: 10
	Arcs with Attacks: 0
	Arcs with Heavy Fault: 0
	Arcs with Intrinsic Fault: 0
--------- SOURCES STATISTICS ---------------
Demand del real Source[0]: -31.0, flusso erogato: 11.159999999999993, flusso entrante: 0.0, efficienza: 35.99999999999998 %
Demand del real Source[8]: -10.5, flusso erogato: 0.0, flusso entrante: 0.0, efficienza: 0.0 %
Demand del real Source[9]: -7.1, flusso erogato: 17.259999999999998, flusso entrante: 10.159999999999997, efficienza: 243.09859154929575 %
Demand del real Source[17]: -25.0, flusso erogato: 25.000000000000007, flusso entrante: 0.0, efficienza: 100.00000000000003 %
Flusso totale entrante nei Real Source: 10.159999999999997
Flusso totale uscente dai Real Source: 53.419999999999995
Flusso netto sui real Source: -43.26
--- SINKS STATISTICS ---
Sink 3 SODDISFATTO. Flusso netto: 3.429999999999999, Demand: 3.43, percentage: 99.99999999999997
Sink 4 SODDISFATTO. Flusso netto: 0.5700000000000003, Demand: 0.57, percentage: 100.00000000000007
Sink 5 SODDISFATTO. Flusso netto: 0.6599999999999993, Demand: 0.66, percentage: 99.99999999999987
Sink 11 SODDISFATTO. Flusso netto: 1.0300000000000011, Demand: 1.03, percentage: 100.00000000000011
Sink 15 SODDISFATTO. Flusso netto: 0.4600000000000044, Demand: 0.46, percentage: 100.00000000000095
Sink 16 SODDISFATTO. Flusso netto: 8.399999999999993, Demand: 8.4, percentage: 99.99999999999991
Sink 19 SODDISFATTO. Flusso netto: 0.5399999999999938, Demand: 0.54, percentage: 99.99999999999885
Sink 23 SODDISFATTO. Flusso netto: 0.5999999999999996, Demand: 0.6, percentage: 99.99999999999994
Sink 24 SODDISFATTO. Flusso netto: 0.8000000000000007, Demand: 0.8, percentage: 100.00000000000009
Sink 25 SODDISFATTO. Flusso netto: 3.5, Demand: 3.5, percentage: 100.0
Sink 26 SODDISFATTO. Flusso netto: 6.000000000000007, Demand: 6.0, percentage: 100.00000000000011
Sink 28 SODDISFATTO. Flusso netto: 0.4, Demand: 0.4, percentage: 100.0
Sink 30 SODDISFATTO. Flusso netto: 0.9799999999999933, Demand: 0.98, percentage: 99.99999999999932
Sink 31 SODDISFATTO. Flusso netto: 0.3999999999999999, Demand: 0.4, percentage: 99.99999999999997
Sink 32 SODDISFATTO. Flusso netto: 0.9999999999999989, Demand: 1.0, percentage: 99.99999999999989
Sink 34 SODDISFATTO. Flusso netto: 1.7400000000000002, Demand: 1.74, percentage: 100.00000000000003
Sink 35 SODDISFATTO. Flusso netto: 1.3, Demand: 1.3, percentage: 100.0
Sink 37 SODDISFATTO. Flusso netto: 1.0, Demand: 1.0, percentage: 100.0
Sink 39 SODDISFATTO. Flusso netto: 0.40000000000000036, Demand: 0.4, percentage: 100.00000000000009
Sink 40 SODDISFATTO. Flusso netto: 0.5, Demand: 0.5, percentage: 100.0
Sink 41 SODDISFATTO. Flusso netto: 1.0599999999999996, Demand: 1.06, percentage: 99.99999999999996
Sink 42 SODDISFATTO. Flusso netto: 2.820000000000001, Demand: 2.82, percentage: 100.00000000000004
Sink 45 SODDISFATTO. Flusso netto: 0.6800000000000002, Demand: 0.68, percentage: 100.00000000000003
Sink 46 SODDISFATTO. Flusso netto: 1.17, Demand: 1.17, percentage: 100.0
Sink 49 non è soddisfatto. Flusso netto: 3.8200000000000003, Demand: 7.0, percentage: 54.57142857142857
Flusso totale entrante nei SINK: 88.47
Flusso totale uscente nei SINK: 45.21000000000001
Flusso totale netto nei SINK: 43.25999999999999
Total DEMAND dei SINK: 46.44
Percentual di flusso ai SINK: 0.9315245478036174
Numero di Sink soddisfatti: 24.0, numero totale di sink: 25.0
Percentuale di Sink soddisfatti: 0.96

---------------------------------- DAY 202

Update Fixed Elements from Intrinsic Faults
Source NODO_2 fixed from Intrinsic Fault
Pipeline ARCO_70 fixed due to Source NODO_2 fixing from Intrinsic Fault
Pipeline V_EDGE_53_0 fixed due to Source NODO_2 fixing from Intrinsic Fault
Pipeline ARCO_0 fixed due to Source NODO_2 fixing from Intrinsic Fault
Update Fixed Elements from Heavy Faults
Update Fixed Elements from Attack
Propagate Intrinsic Fault
Node NODO_10 has still failing due to Intrinsic Fault
pipeline ARCO_17 still has reduced capacity: 0.0 due to Intrinsic Fault
pipeline ARCO_88 still has reduced capacity: 0.0 due to Intrinsic Fault
pipeline ARCO_89 still has reduced capacity: 0.0 due to Intrinsic Fault
pipeline V_EDGE_53_8 still has reduced capacity: 0.0 due to Intrinsic Fault
pipeline ARCO_18 still has reduced capacity: 0.0 due to Intrinsic Fault
pipeline ARCO_19 still has reduced capacity: 0.0 due to Intrinsic Fault
pipeline ARCO_87 still has reduced capacity: 0.0 due to Intrinsic Fault
Propagate Heavy Faults
Propagate Attacks
Inject Intrinsic Failure To Source
Inject Heavy Fault To Sources
Inject Attack Multiple To Source
Inject Intrinsic Fault To Pipeline
Inject Heavy Fault To Pipeline
Inject Attack To Pipeline
----------- Statistics ------------
	Sources Under Attack: 0
	Sources with Heavy Fault: 0
	Sources with Intrinsic Fault: 1
	Arcs with reduce capacity due to Attack: 0
	Arcs with reduce capacity due to Heavy Fault: 0
	Arcs with reduce capacity due to Intrinsic Fault: 7
	Arcs with Attacks: 0
	Arcs with Heavy Fault: 0
	Arcs with Intrinsic Fault: 0
--------- SOURCES STATISTICS ---------------
Demand del real Source[0]: -31.0, flusso erogato: 11.159999999999997, flusso entrante: 0.0, efficienza: 35.999999999999986 %
Demand del real Source[8]: -10.5, flusso erogato: 0.0, flusso entrante: 0.0, efficienza: 0.0 %
Demand del real Source[9]: -7.1, flusso erogato: 17.259999999999998, flusso entrante: 10.159999999999997, efficienza: 243.09859154929575 %
Demand del real Source[17]: -25.0, flusso erogato: 25.000000000000007, flusso entrante: 0.0, efficienza: 100.00000000000003 %
Flusso totale entrante nei Real Source: 10.159999999999997
Flusso totale uscente dai Real Source: 53.42
Flusso netto sui real Source: -43.260000000000005
--- SINKS STATISTICS ---
Sink 3 SODDISFATTO. Flusso netto: 3.429999999999999, Demand: 3.43, percentage: 99.99999999999997
Sink 4 SODDISFATTO. Flusso netto: 0.5700000000000003, Demand: 0.57, percentage: 100.00000000000007
Sink 5 SODDISFATTO. Flusso netto: 0.6599999999999993, Demand: 0.66, percentage: 99.99999999999987
Sink 11 SODDISFATTO. Flusso netto: 1.0300000000000011, Demand: 1.03, percentage: 100.00000000000011
Sink 15 SODDISFATTO. Flusso netto: 0.4600000000000044, Demand: 0.46, percentage: 100.00000000000095
Sink 16 SODDISFATTO. Flusso netto: 8.399999999999993, Demand: 8.4, percentage: 99.99999999999991
Sink 19 SODDISFATTO. Flusso netto: 0.5399999999999938, Demand: 0.54, percentage: 99.99999999999885
Sink 23 SODDISFATTO. Flusso netto: 0.5999999999999996, Demand: 0.6, percentage: 99.99999999999994
Sink 24 SODDISFATTO. Flusso netto: 0.8000000000000007, Demand: 0.8, percentage: 100.00000000000009
Sink 25 SODDISFATTO. Flusso netto: 3.5, Demand: 3.5, percentage: 100.0
Sink 26 SODDISFATTO. Flusso netto: 6.000000000000007, Demand: 6.0, percentage: 100.00000000000011
Sink 28 SODDISFATTO. Flusso netto: 0.4, Demand: 0.4, percentage: 100.0
Sink 30 SODDISFATTO. Flusso netto: 0.9799999999999933, Demand: 0.98, percentage: 99.99999999999932
Sink 31 SODDISFATTO. Flusso netto: 0.3999999999999999, Demand: 0.4, percentage: 99.99999999999997
Sink 32 SODDISFATTO. Flusso netto: 0.9999999999999989, Demand: 1.0, percentage: 99.99999999999989
Sink 34 SODDISFATTO. Flusso netto: 1.7400000000000002, Demand: 1.74, percentage: 100.00000000000003
Sink 35 SODDISFATTO. Flusso netto: 1.3, Demand: 1.3, percentage: 100.0
Sink 37 SODDISFATTO. Flusso netto: 1.0, Demand: 1.0, percentage: 100.0
Sink 39 SODDISFATTO. Flusso netto: 0.40000000000000036, Demand: 0.4, percentage: 100.00000000000009
Sink 40 SODDISFATTO. Flusso netto: 0.5, Demand: 0.5, percentage: 100.0
Sink 41 SODDISFATTO. Flusso netto: 1.0599999999999996, Demand: 1.06, percentage: 99.99999999999996
Sink 42 SODDISFATTO. Flusso netto: 2.820000000000001, Demand: 2.82, percentage: 100.00000000000004
Sink 45 SODDISFATTO. Flusso netto: 0.6800000000000002, Demand: 0.68, percentage: 100.00000000000003
Sink 46 SODDISFATTO. Flusso netto: 1.17, Demand: 1.17, percentage: 100.0
Sink 49 non è soddisfatto. Flusso netto: 3.8200000000000003, Demand: 7.0, percentage: 54.57142857142857
Flusso totale entrante nei SINK: 88.47
Flusso totale uscente nei SINK: 45.21000000000001
Flusso totale netto nei SINK: 43.25999999999999
Total DEMAND dei SINK: 46.44
Percentual di flusso ai SINK: 0.9315245478036174
Numero di Sink soddisfatti: 24.0, numero totale di sink: 25.0
Percentuale di Sink soddisfatti: 0.96

---------------------------------- DAY 203

Update Fixed Elements from Intrinsic Faults
Source NODO_10 fixed from Intrinsic Fault
Pipeline ARCO_17 fixed due to Source NODO_10 fixing from Intrinsic Fault
Pipeline ARCO_88 fixed due to Source NODO_10 fixing from Intrinsic Fault
Pipeline ARCO_89 fixed due to Source NODO_10 fixing from Intrinsic Fault
Pipeline V_EDGE_53_8 fixed due to Source NODO_10 fixing from Intrinsic Fault
Pipeline ARCO_18 fixed due to Source NODO_10 fixing from Intrinsic Fault
Pipeline ARCO_19 fixed due to Source NODO_10 fixing from Intrinsic Fault
Pipeline ARCO_87 fixed due to Source NODO_10 fixing from Intrinsic Fault
Update Fixed Elements from Heavy Faults
Update Fixed Elements from Attack
Propagate Intrinsic Fault
Propagate Heavy Faults
Propagate Attacks
Inject Intrinsic Failure To Source
Inject Heavy Fault To Sources
Inject Attack Multiple To Source
Inject Intrinsic Fault To Pipeline
Inject Heavy Fault To Pipeline
Inject Attack To Pipeline
----------- Statistics ------------
	Sources Under Attack: 0
	Sources with Heavy Fault: 0
	Sources with Intrinsic Fault: 0
	Arcs with reduce capacity due to Attack: 0
	Arcs with reduce capacity due to Heavy Fault: 0
	Arcs with reduce capacity due to Intrinsic Fault: 0
	Arcs with Attacks: 0
	Arcs with Heavy Fault: 0
	Arcs with Intrinsic Fault: 0
--------- SOURCES STATISTICS ---------------
Demand del real Source[0]: -31.0, flusso erogato: 8.069999999999997, flusso entrante: 0.0, efficienza: 26.032258064516117 %
Demand del real Source[8]: -10.5, flusso erogato: 3.8600000000000003, flusso entrante: 0.0, efficienza: 36.76190476190476 %
Demand del real Source[9]: -7.1, flusso erogato: 14.169999999999996, flusso entrante: 7.070000000000007, efficienza: 199.57746478873236 %
Demand del real Source[17]: -25.0, flusso erogato: 25.000000000000007, flusso entrante: 0.0, efficienza: 100.00000000000003 %
Flusso totale entrante nei Real Source: 7.070000000000007
Flusso totale uscente dai Real Source: 51.1
Flusso netto sui real Source: -44.029999999999994
--- SINKS STATISTICS ---
Sink 3 SODDISFATTO. Flusso netto: 3.4299999999999997, Demand: 3.43, percentage: 99.99999999999999
Sink 4 SODDISFATTO. Flusso netto: 0.5700000000000003, Demand: 0.57, percentage: 100.00000000000007
Sink 5 SODDISFATTO. Flusso netto: 0.6600000000000019, Demand: 0.66, percentage: 100.00000000000028
Sink 11 SODDISFATTO. Flusso netto: 1.03, Demand: 1.03, percentage: 100.0
Sink 15 SODDISFATTO. Flusso netto: 0.4600000000000044, Demand: 0.46, percentage: 100.00000000000095
Sink 16 SODDISFATTO. Flusso netto: 8.399999999999993, Demand: 8.4, percentage: 99.99999999999991
Sink 19 SODDISFATTO. Flusso netto: 0.5399999999999938, Demand: 0.54, percentage: 99.99999999999885
Sink 23 SODDISFATTO. Flusso netto: 0.5999999999999996, Demand: 0.6, percentage: 99.99999999999994
Sink 24 SODDISFATTO. Flusso netto: 0.8000000000000007, Demand: 0.8, percentage: 100.00000000000009
Sink 25 SODDISFATTO. Flusso netto: 3.5, Demand: 3.5, percentage: 100.0
Sink 26 SODDISFATTO. Flusso netto: 6.000000000000007, Demand: 6.0, percentage: 100.00000000000011
Sink 28 SODDISFATTO. Flusso netto: 0.4, Demand: 0.4, percentage: 100.0
Sink 30 SODDISFATTO. Flusso netto: 0.9799999999999933, Demand: 0.98, percentage: 99.99999999999932
Sink 31 SODDISFATTO. Flusso netto: 0.3999999999999999, Demand: 0.4, percentage: 99.99999999999997
Sink 32 SODDISFATTO. Flusso netto: 0.9999999999999989, Demand: 1.0, percentage: 99.99999999999989
Sink 34 SODDISFATTO. Flusso netto: 1.7400000000000002, Demand: 1.74, percentage: 100.00000000000003
Sink 35 SODDISFATTO. Flusso netto: 1.3, Demand: 1.3, percentage: 100.0
Sink 37 SODDISFATTO. Flusso netto: 1.0, Demand: 1.0, percentage: 100.0
Sink 39 SODDISFATTO. Flusso netto: 0.40000000000000036, Demand: 0.4, percentage: 100.00000000000009
Sink 40 SODDISFATTO. Flusso netto: 0.5, Demand: 0.5, percentage: 100.0
Sink 41 SODDISFATTO. Flusso netto: 1.0600000000000005, Demand: 1.06, percentage: 100.00000000000004
Sink 42 SODDISFATTO. Flusso netto: 2.8200000000000007, Demand: 2.82, percentage: 100.00000000000003
Sink 45 SODDISFATTO. Flusso netto: 0.6800000000000002, Demand: 0.68, percentage: 100.00000000000003
Sink 46 SODDISFATTO. Flusso netto: 1.17, Demand: 1.17, percentage: 100.0
Sink 49 non è soddisfatto. Flusso netto: 4.59, Demand: 7.0, percentage: 65.57142857142857
Flusso totale entrante nei SINK: 86.46000000000001
Flusso totale uscente nei SINK: 42.430000000000014
Flusso totale netto nei SINK: 44.029999999999994
Total DEMAND dei SINK: 46.44
Percentual di flusso ai SINK: 0.9481050818260119
Numero di Sink soddisfatti: 24.0, numero totale di sink: 25.0
Percentuale di Sink soddisfatti: 0.96

---------------------------------- DAY 204

Update Fixed Elements from Intrinsic Faults
Update Fixed Elements from Heavy Faults
Update Fixed Elements from Attack
Propagate Intrinsic Fault
Propagate Heavy Faults
Propagate Attacks
Inject Intrinsic Failure To Source
Source NODO_19 is failing for an Intrinsic Fault in day: 204
pipeline ARCO_35 has reduced capacity due to NODO_19 Intrinsic fault
pipeline ARCO_109 has reduced capacity due to NODO_19 Intrinsic fault
pipeline ARCO_110 has reduced capacity due to NODO_19 Intrinsic fault
pipeline V_EDGE_53_17 has reduced capacity due to NODO_19 Intrinsic fault
pipeline ARCO_39 has reduced capacity due to NODO_19 Intrinsic fault
pipeline ARCO_40 has reduced capacity due to NODO_19 Intrinsic fault
pipeline ARCO_105 has reduced capacity due to NODO_19 Intrinsic fault
Inject Heavy Fault To Sources
Inject Attack Multiple To Source
Inject Intrinsic Fault To Pipeline
Inject Heavy Fault To Pipeline
Inject Attack To Pipeline
----------- Statistics ------------
	Sources Under Attack: 0
	Sources with Heavy Fault: 0
	Sources with Intrinsic Fault: 1
	Arcs with reduce capacity due to Attack: 0
	Arcs with reduce capacity due to Heavy Fault: 0
	Arcs with reduce capacity due to Intrinsic Fault: 7
	Arcs with Attacks: 0
	Arcs with Heavy Fault: 0
	Arcs with Intrinsic Fault: 0
--------- SOURCES STATISTICS ---------------
Demand del real Source[0]: -31.0, flusso erogato: 9.79, flusso entrante: 0.0, efficienza: 31.58064516129032 %
Demand del real Source[8]: -10.5, flusso erogato: 7.45, flusso entrante: 0.0, efficienza: 70.95238095238095 %
Demand del real Source[9]: -7.1, flusso erogato: 15.889999999999999, flusso entrante: 8.790000000000006, efficienza: 223.80281690140845 %
Demand del real Source[17]: -25.0, flusso erogato: 0.0, flusso entrante: 0.0, efficienza: 0.0 %
Flusso totale entrante nei Real Source: 8.790000000000006
Flusso totale uscente dai Real Source: 33.13
Flusso netto sui real Source: -24.339999999999996
--- SINKS STATISTICS ---
Sink 3 SODDISFATTO. Flusso netto: 3.4299999999999997, Demand: 3.43, percentage: 99.99999999999999
Sink 4 SODDISFATTO. Flusso netto: 0.5700000000000003, Demand: 0.57, percentage: 100.00000000000007
Sink 5 SODDISFATTO. Flusso netto: 0.6600000000000019, Demand: 0.66, percentage: 100.00000000000028
Sink 11 SODDISFATTO. Flusso netto: 1.0299999999999978, Demand: 1.03, percentage: 99.99999999999979
Sink 15 SODDISFATTO. Flusso netto: 0.46000000000000263, Demand: 0.46, percentage: 100.00000000000058
Sink 16 non è soddisfatto. Flusso netto: 2.83, Demand: 8.4, percentage: 33.69047619047619
Sink 19 non è soddisfatto. Flusso netto: 0.0, Demand: 0.54, percentage: 0.0
Sink 23 non è soddisfatto. Flusso netto: 0.0, Demand: 0.6, percentage: 0.0
Sink 24 non è soddisfatto. Flusso netto: 0.0, Demand: 0.8, percentage: 0.0
Sink 25 non è soddisfatto. Flusso netto: 0.0, Demand: 3.5, percentage: 0.0
Sink 26 non è soddisfatto. Flusso netto: 0.0, Demand: 6.0, percentage: 0.0
Sink 28 non è soddisfatto. Flusso netto: 0.0, Demand: 0.4, percentage: 0.0
Sink 30 non è soddisfatto. Flusso netto: 0.0, Demand: 0.98, percentage: 0.0
Sink 31 non è soddisfatto. Flusso netto: 0.0, Demand: 0.4, percentage: 0.0
Sink 32 SODDISFATTO. Flusso netto: 1.0, Demand: 1.0, percentage: 100.0
Sink 34 SODDISFATTO. Flusso netto: 1.7400000000000002, Demand: 1.74, percentage: 100.00000000000003
Sink 35 SODDISFATTO. Flusso netto: 1.3, Demand: 1.3, percentage: 100.0
Sink 37 SODDISFATTO. Flusso netto: 1.0, Demand: 1.0, percentage: 100.0
Sink 39 non è soddisfatto. Flusso netto: 0.0, Demand: 0.4, percentage: 0.0
Sink 40 non è soddisfatto. Flusso netto: 0.0, Demand: 0.5, percentage: 0.0
Sink 41 SODDISFATTO. Flusso netto: 1.0600000000000005, Demand: 1.06, percentage: 100.00000000000004
Sink 42 SODDISFATTO. Flusso netto: 2.8200000000000007, Demand: 2.82, percentage: 100.00000000000003
Sink 45 SODDISFATTO. Flusso netto: 0.6800000000000002, Demand: 0.68, percentage: 100.00000000000003
Sink 46 SODDISFATTO. Flusso netto: 1.17, Demand: 1.17, percentage: 100.0
Sink 49 non è soddisfatto. Flusso netto: 4.59, Demand: 7.0, percentage: 65.57142857142857
Flusso totale entrante nei SINK: 43.980000000000004
Flusso totale uscente nei SINK: 19.639999999999997
Flusso totale netto nei SINK: 24.340000000000007
Total DEMAND dei SINK: 46.44
Percentual di flusso ai SINK: 0.5241171403962104
Numero di Sink soddisfatti: 13.0, numero totale di sink: 25.0
Percentuale di Sink soddisfatti: 0.52

---------------------------------- DAY 205

Update Fixed Elements from Intrinsic Faults
Update Fixed Elements from Heavy Faults
Update Fixed Elements from Attack
Propagate Intrinsic Fault
Node NODO_19 has still failing due to Intrinsic Fault
pipeline ARCO_35 still has reduced capacity: 0.0 due to Intrinsic Fault
pipeline ARCO_109 still has reduced capacity: 0.0 due to Intrinsic Fault
pipeline ARCO_110 still has reduced capacity: 0.0 due to Intrinsic Fault
pipeline V_EDGE_53_17 still has reduced capacity: 0.0 due to Intrinsic Fault
pipeline ARCO_39 still has reduced capacity: 0.0 due to Intrinsic Fault
pipeline ARCO_40 still has reduced capacity: 0.0 due to Intrinsic Fault
pipeline ARCO_105 still has reduced capacity: 0.0 due to Intrinsic Fault
Propagate Heavy Faults
Propagate Attacks
Inject Intrinsic Failure To Source
Inject Heavy Fault To Sources
Inject Attack Multiple To Source
Inject Intrinsic Fault To Pipeline
Inject Heavy Fault To Pipeline
Inject Attack To Pipeline
----------- Statistics ------------
	Sources Under Attack: 0
	Sources with Heavy Fault: 0
	Sources with Intrinsic Fault: 1
	Arcs with reduce capacity due to Attack: 0
	Arcs with reduce capacity due to Heavy Fault: 0
	Arcs with reduce capacity due to Intrinsic Fault: 7
	Arcs with Attacks: 0
	Arcs with Heavy Fault: 0
	Arcs with Intrinsic Fault: 0
--------- SOURCES STATISTICS ---------------
Demand del real Source[0]: -31.0, flusso erogato: 9.79, flusso entrante: 0.0, efficienza: 31.58064516129032 %
Demand del real Source[8]: -10.5, flusso erogato: 7.45, flusso entrante: 0.0, efficienza: 70.95238095238095 %
Demand del real Source[9]: -7.1, flusso erogato: 15.889999999999999, flusso entrante: 8.790000000000006, efficienza: 223.80281690140845 %
Demand del real Source[17]: -25.0, flusso erogato: 0.0, flusso entrante: 0.0, efficienza: 0.0 %
Flusso totale entrante nei Real Source: 8.790000000000006
Flusso totale uscente dai Real Source: 33.13
Flusso netto sui real Source: -24.339999999999996
--- SINKS STATISTICS ---
Sink 3 SODDISFATTO. Flusso netto: 3.4299999999999997, Demand: 3.43, percentage: 99.99999999999999
Sink 4 SODDISFATTO. Flusso netto: 0.5700000000000003, Demand: 0.57, percentage: 100.00000000000007
Sink 5 SODDISFATTO. Flusso netto: 0.6600000000000019, Demand: 0.66, percentage: 100.00000000000028
Sink 11 SODDISFATTO. Flusso netto: 1.0299999999999978, Demand: 1.03, percentage: 99.99999999999979
Sink 15 SODDISFATTO. Flusso netto: 0.46000000000000263, Demand: 0.46, percentage: 100.00000000000058
Sink 16 non è soddisfatto. Flusso netto: 2.83, Demand: 8.4, percentage: 33.69047619047619
Sink 19 non è soddisfatto. Flusso netto: 0.0, Demand: 0.54, percentage: 0.0
Sink 23 non è soddisfatto. Flusso netto: 0.0, Demand: 0.6, percentage: 0.0
Sink 24 non è soddisfatto. Flusso netto: 0.0, Demand: 0.8, percentage: 0.0
Sink 25 non è soddisfatto. Flusso netto: 0.0, Demand: 3.5, percentage: 0.0
Sink 26 non è soddisfatto. Flusso netto: 0.0, Demand: 6.0, percentage: 0.0
Sink 28 non è soddisfatto. Flusso netto: 0.0, Demand: 0.4, percentage: 0.0
Sink 30 non è soddisfatto. Flusso netto: 0.0, Demand: 0.98, percentage: 0.0
Sink 31 non è soddisfatto. Flusso netto: 0.0, Demand: 0.4, percentage: 0.0
Sink 32 SODDISFATTO. Flusso netto: 1.0, Demand: 1.0, percentage: 100.0
Sink 34 SODDISFATTO. Flusso netto: 1.7400000000000002, Demand: 1.74, percentage: 100.00000000000003
Sink 35 SODDISFATTO. Flusso netto: 1.3, Demand: 1.3, percentage: 100.0
Sink 37 SODDISFATTO. Flusso netto: 1.0, Demand: 1.0, percentage: 100.0
Sink 39 non è soddisfatto. Flusso netto: 0.0, Demand: 0.4, percentage: 0.0
Sink 40 non è soddisfatto. Flusso netto: 0.0, Demand: 0.5, percentage: 0.0
Sink 41 SODDISFATTO. Flusso netto: 1.0600000000000005, Demand: 1.06, percentage: 100.00000000000004
Sink 42 SODDISFATTO. Flusso netto: 2.8200000000000007, Demand: 2.82, percentage: 100.00000000000003
Sink 45 SODDISFATTO. Flusso netto: 0.6800000000000002, Demand: 0.68, percentage: 100.00000000000003
Sink 46 SODDISFATTO. Flusso netto: 1.17, Demand: 1.17, percentage: 100.0
Sink 49 non è soddisfatto. Flusso netto: 4.59, Demand: 7.0, percentage: 65.57142857142857
Flusso totale entrante nei SINK: 43.980000000000004
Flusso totale uscente nei SINK: 19.639999999999997
Flusso totale netto nei SINK: 24.340000000000007
Total DEMAND dei SINK: 46.44
Percentual di flusso ai SINK: 0.5241171403962104
Numero di Sink soddisfatti: 13.0, numero totale di sink: 25.0
Percentuale di Sink soddisfatti: 0.52

---------------------------------- DAY 206

Update Fixed Elements from Intrinsic Faults
Update Fixed Elements from Heavy Faults
Update Fixed Elements from Attack
Propagate Intrinsic Fault
Node NODO_19 has still failing due to Intrinsic Fault
pipeline ARCO_35 still has reduced capacity: 0.0 due to Intrinsic Fault
pipeline ARCO_109 still has reduced capacity: 0.0 due to Intrinsic Fault
pipeline ARCO_110 still has reduced capacity: 0.0 due to Intrinsic Fault
pipeline V_EDGE_53_17 still has reduced capacity: 0.0 due to Intrinsic Fault
pipeline ARCO_39 still has reduced capacity: 0.0 due to Intrinsic Fault
pipeline ARCO_40 still has reduced capacity: 0.0 due to Intrinsic Fault
pipeline ARCO_105 still has reduced capacity: 0.0 due to Intrinsic Fault
Propagate Heavy Faults
Propagate Attacks
Inject Intrinsic Failure To Source
Source NODO_2 is failing for an Intrinsic Fault in day: 206
pipeline ARCO_70 has reduced capacity due to NODO_2 Intrinsic fault
pipeline V_EDGE_53_0 has reduced capacity due to NODO_2 Intrinsic fault
pipeline ARCO_0 has reduced capacity due to NODO_2 Intrinsic fault
Source NODO_11 is failing for an Intrinsic Fault in day: 206
pipeline ARCO_3 has reduced capacity due to NODO_11 Intrinsic fault
pipeline ARCO_90 has reduced capacity due to NODO_11 Intrinsic fault
pipeline ARCO_91 has reduced capacity due to NODO_11 Intrinsic fault
pipeline ARCO_92 has reduced capacity due to NODO_11 Intrinsic fault
pipeline V_EDGE_53_9 has reduced capacity due to NODO_11 Intrinsic fault
pipeline ARCO_20 has reduced capacity due to NODO_11 Intrinsic fault
pipeline ARCO_21 has reduced capacity due to NODO_11 Intrinsic fault
pipeline ARCO_22 has reduced capacity due to NODO_11 Intrinsic fault
pipeline ARCO_73 has reduced capacity due to NODO_11 Intrinsic fault
Inject Heavy Fault To Sources
Inject Attack Multiple To Source
Inject Intrinsic Fault To Pipeline
Inject Heavy Fault To Pipeline
Inject Attack To Pipeline
----------- Statistics ------------
	Sources Under Attack: 0
	Sources with Heavy Fault: 0
	Sources with Intrinsic Fault: 3
	Arcs with reduce capacity due to Attack: 0
	Arcs with reduce capacity due to Heavy Fault: 0
	Arcs with reduce capacity due to Intrinsic Fault: 19
	Arcs with Attacks: 0
	Arcs with Heavy Fault: 0
	Arcs with Intrinsic Fault: 0
--------- SOURCES STATISTICS ---------------
Demand del real Source[0]: -31.0, flusso erogato: 10.05, flusso entrante: 0.0, efficienza: 32.41935483870968 %
Demand del real Source[8]: -10.5, flusso erogato: 7.85, flusso entrante: 0.0, efficienza: 74.76190476190476 %
Demand del real Source[9]: -7.1, flusso erogato: 14.729999999999999, flusso entrante: 9.050000000000004, efficienza: 207.46478873239437 %
Demand del real Source[17]: -25.0, flusso erogato: 0.0, flusso entrante: 0.0, efficienza: 0.0 %
Flusso totale entrante nei Real Source: 9.050000000000004
Flusso totale uscente dai Real Source: 32.63
Flusso netto sui real Source: -23.58
--- SINKS STATISTICS ---
Sink 3 SODDISFATTO. Flusso netto: 3.4299999999999997, Demand: 3.43, percentage: 99.99999999999999
Sink 4 SODDISFATTO. Flusso netto: 0.5700000000000003, Demand: 0.57, percentage: 100.00000000000007
Sink 5 SODDISFATTO. Flusso netto: 0.6600000000000001, Demand: 0.66, percentage: 100.00000000000003
Sink 11 SODDISFATTO. Flusso netto: 1.0299999999999978, Demand: 1.03, percentage: 99.99999999999979
Sink 15 SODDISFATTO. Flusso netto: 0.46000000000000263, Demand: 0.46, percentage: 100.00000000000058
Sink 16 non è soddisfatto. Flusso netto: 2.83, Demand: 8.4, percentage: 33.69047619047619
Sink 19 non è soddisfatto. Flusso netto: 0.0, Demand: 0.54, percentage: 0.0
Sink 23 non è soddisfatto. Flusso netto: 0.0, Demand: 0.6, percentage: 0.0
Sink 24 non è soddisfatto. Flusso netto: 0.0, Demand: 0.8, percentage: 0.0
Sink 25 non è soddisfatto. Flusso netto: 0.0, Demand: 3.5, percentage: 0.0
Sink 26 non è soddisfatto. Flusso netto: 0.0, Demand: 6.0, percentage: 0.0
Sink 28 non è soddisfatto. Flusso netto: 0.0, Demand: 0.4, percentage: 0.0
Sink 30 non è soddisfatto. Flusso netto: 0.0, Demand: 0.98, percentage: 0.0
Sink 31 non è soddisfatto. Flusso netto: 0.0, Demand: 0.4, percentage: 0.0
Sink 32 SODDISFATTO. Flusso netto: 1.0000000000000009, Demand: 1.0, percentage: 100.00000000000009
Sink 34 SODDISFATTO. Flusso netto: 1.7400000000000002, Demand: 1.74, percentage: 100.00000000000003
Sink 35 SODDISFATTO. Flusso netto: 1.3, Demand: 1.3, percentage: 100.0
Sink 37 SODDISFATTO. Flusso netto: 1.0, Demand: 1.0, percentage: 100.0
Sink 39 non è soddisfatto. Flusso netto: 0.0, Demand: 0.4, percentage: 0.0
Sink 40 non è soddisfatto. Flusso netto: 0.0, Demand: 0.5, percentage: 0.0
Sink 41 SODDISFATTO. Flusso netto: 1.0600000000000005, Demand: 1.06, percentage: 100.00000000000004
Sink 42 SODDISFATTO. Flusso netto: 2.819999999999999, Demand: 2.82, percentage: 99.99999999999997
Sink 45 SODDISFATTO. Flusso netto: 0.6800000000000002, Demand: 0.68, percentage: 100.00000000000003
Sink 46 SODDISFATTO. Flusso netto: 1.17, Demand: 1.17, percentage: 100.0
Sink 49 non è soddisfatto. Flusso netto: 3.83, Demand: 7.0, percentage: 54.714285714285715
Flusso totale entrante nei SINK: 42.402
Flusso totale uscente nei SINK: 18.822000000000003
Flusso totale netto nei SINK: 23.58
Total DEMAND dei SINK: 46.44
Percentual di flusso ai SINK: 0.5077519379844961
Numero di Sink soddisfatti: 13.0, numero totale di sink: 25.0
Percentuale di Sink soddisfatti: 0.52

---------------------------------- DAY 207

Update Fixed Elements from Intrinsic Faults
Update Fixed Elements from Heavy Faults
Update Fixed Elements from Attack
Propagate Intrinsic Fault
Node NODO_19 has still failing due to Intrinsic Fault
Node NODO_2 has still failing due to Intrinsic Fault
Node NODO_11 has still failing due to Intrinsic Fault
pipeline ARCO_35 still has reduced capacity: 0.0 due to Intrinsic Fault
pipeline ARCO_109 still has reduced capacity: 0.0 due to Intrinsic Fault
pipeline ARCO_110 still has reduced capacity: 0.0 due to Intrinsic Fault
pipeline V_EDGE_53_17 still has reduced capacity: 0.0 due to Intrinsic Fault
pipeline ARCO_39 still has reduced capacity: 0.0 due to Intrinsic Fault
pipeline ARCO_40 still has reduced capacity: 0.0 due to Intrinsic Fault
pipeline ARCO_105 still has reduced capacity: 0.0 due to Intrinsic Fault
pipeline ARCO_70 still has reduced capacity: 24.8 due to Intrinsic Fault
pipeline V_EDGE_53_0 still has reduced capacity: 24.8 due to Intrinsic Fault
pipeline ARCO_0 still has reduced capacity: 24.8 due to Intrinsic Fault
pipeline ARCO_3 still has reduced capacity: 9.688 due to Intrinsic Fault
pipeline ARCO_90 still has reduced capacity: 1.6 due to Intrinsic Fault
pipeline ARCO_91 still has reduced capacity: 9.688 due to Intrinsic Fault
pipeline ARCO_92 still has reduced capacity: 39.328 due to Intrinsic Fault
pipeline V_EDGE_53_9 still has reduced capacity: 5.68 due to Intrinsic Fault
pipeline ARCO_20 still has reduced capacity: 1.6 due to Intrinsic Fault
pipeline ARCO_21 still has reduced capacity: 9.688 due to Intrinsic Fault
pipeline ARCO_22 still has reduced capacity: 39.328 due to Intrinsic Fault
pipeline ARCO_73 still has reduced capacity: 9.688 due to Intrinsic Fault
Propagate Heavy Faults
Propagate Attacks
Inject Intrinsic Failure To Source
Source NODO_19 is failing for an Intrinsic Fault in day: 207
pipeline ARCO_35 has reduced capacity due to NODO_19 Intrinsic fault
pipeline ARCO_109 has reduced capacity due to NODO_19 Intrinsic fault
pipeline ARCO_110 has reduced capacity due to NODO_19 Intrinsic fault
pipeline V_EDGE_53_17 has reduced capacity due to NODO_19 Intrinsic fault
pipeline ARCO_39 has reduced capacity due to NODO_19 Intrinsic fault
pipeline ARCO_40 has reduced capacity due to NODO_19 Intrinsic fault
pipeline ARCO_105 has reduced capacity due to NODO_19 Intrinsic fault
Inject Heavy Fault To Sources
Inject Attack Multiple To Source
Inject Intrinsic Fault To Pipeline
Inject Heavy Fault To Pipeline
Inject Attack To Pipeline
----------- Statistics ------------
	Sources Under Attack: 0
	Sources with Heavy Fault: 0
	Sources with Intrinsic Fault: 3
	Arcs with reduce capacity due to Attack: 0
	Arcs with reduce capacity due to Heavy Fault: 0
	Arcs with reduce capacity due to Intrinsic Fault: 19
	Arcs with Attacks: 0
	Arcs with Heavy Fault: 0
	Arcs with Intrinsic Fault: 0
--------- SOURCES STATISTICS ---------------
Demand del real Source[0]: -31.0, flusso erogato: 10.05, flusso entrante: 0.0, efficienza: 32.41935483870968 %
Demand del real Source[8]: -10.5, flusso erogato: 7.85, flusso entrante: 0.0, efficienza: 74.76190476190476 %
Demand del real Source[9]: -7.1, flusso erogato: 14.729999999999999, flusso entrante: 9.050000000000004, efficienza: 207.46478873239437 %
Demand del real Source[17]: -25.0, flusso erogato: 0.0, flusso entrante: 0.0, efficienza: 0.0 %
Flusso totale entrante nei Real Source: 9.050000000000004
Flusso totale uscente dai Real Source: 32.63
Flusso netto sui real Source: -23.58
--- SINKS STATISTICS ---
Sink 3 SODDISFATTO. Flusso netto: 3.4299999999999997, Demand: 3.43, percentage: 99.99999999999999
Sink 4 SODDISFATTO. Flusso netto: 0.5700000000000003, Demand: 0.57, percentage: 100.00000000000007
Sink 5 SODDISFATTO. Flusso netto: 0.6600000000000001, Demand: 0.66, percentage: 100.00000000000003
Sink 11 SODDISFATTO. Flusso netto: 1.0299999999999978, Demand: 1.03, percentage: 99.99999999999979
Sink 15 SODDISFATTO. Flusso netto: 0.46000000000000263, Demand: 0.46, percentage: 100.00000000000058
Sink 16 non è soddisfatto. Flusso netto: 2.83, Demand: 8.4, percentage: 33.69047619047619
Sink 19 non è soddisfatto. Flusso netto: 0.0, Demand: 0.54, percentage: 0.0
Sink 23 non è soddisfatto. Flusso netto: 0.0, Demand: 0.6, percentage: 0.0
Sink 24 non è soddisfatto. Flusso netto: 0.0, Demand: 0.8, percentage: 0.0
Sink 25 non è soddisfatto. Flusso netto: 0.0, Demand: 3.5, percentage: 0.0
Sink 26 non è soddisfatto. Flusso netto: 0.0, Demand: 6.0, percentage: 0.0
Sink 28 non è soddisfatto. Flusso netto: 0.0, Demand: 0.4, percentage: 0.0
Sink 30 non è soddisfatto. Flusso netto: 0.0, Demand: 0.98, percentage: 0.0
Sink 31 non è soddisfatto. Flusso netto: 0.0, Demand: 0.4, percentage: 0.0
Sink 32 SODDISFATTO. Flusso netto: 1.0000000000000009, Demand: 1.0, percentage: 100.00000000000009
Sink 34 SODDISFATTO. Flusso netto: 1.7400000000000002, Demand: 1.74, percentage: 100.00000000000003
Sink 35 SODDISFATTO. Flusso netto: 1.3, Demand: 1.3, percentage: 100.0
Sink 37 SODDISFATTO. Flusso netto: 1.0, Demand: 1.0, percentage: 100.0
Sink 39 non è soddisfatto. Flusso netto: 0.0, Demand: 0.4, percentage: 0.0
Sink 40 non è soddisfatto. Flusso netto: 0.0, Demand: 0.5, percentage: 0.0
Sink 41 SODDISFATTO. Flusso netto: 1.0600000000000005, Demand: 1.06, percentage: 100.00000000000004
Sink 42 SODDISFATTO. Flusso netto: 2.819999999999999, Demand: 2.82, percentage: 99.99999999999997
Sink 45 SODDISFATTO. Flusso netto: 0.6800000000000002, Demand: 0.68, percentage: 100.00000000000003
Sink 46 SODDISFATTO. Flusso netto: 1.17, Demand: 1.17, percentage: 100.0
Sink 49 non è soddisfatto. Flusso netto: 3.83, Demand: 7.0, percentage: 54.714285714285715
Flusso totale entrante nei SINK: 42.402
Flusso totale uscente nei SINK: 18.822000000000003
Flusso totale netto nei SINK: 23.58
Total DEMAND dei SINK: 46.44
Percentual di flusso ai SINK: 0.5077519379844961
Numero di Sink soddisfatti: 13.0, numero totale di sink: 25.0
Percentuale di Sink soddisfatti: 0.52

---------------------------------- DAY 208

Update Fixed Elements from Intrinsic Faults
Source NODO_19 fixed from Intrinsic Fault
Pipeline ARCO_35 fixed due to Source NODO_19 fixing from Intrinsic Fault
Pipeline ARCO_109 fixed due to Source NODO_19 fixing from Intrinsic Fault
Pipeline ARCO_110 fixed due to Source NODO_19 fixing from Intrinsic Fault
Pipeline V_EDGE_53_17 fixed due to Source NODO_19 fixing from Intrinsic Fault
Pipeline ARCO_39 fixed due to Source NODO_19 fixing from Intrinsic Fault
Pipeline ARCO_40 fixed due to Source NODO_19 fixing from Intrinsic Fault
Pipeline ARCO_105 fixed due to Source NODO_19 fixing from Intrinsic Fault
Update Fixed Elements from Heavy Faults
Update Fixed Elements from Attack
Propagate Intrinsic Fault
Node NODO_2 has still failing due to Intrinsic Fault
Node NODO_11 has still failing due to Intrinsic Fault
pipeline ARCO_70 still has reduced capacity: 24.8 due to Intrinsic Fault
pipeline V_EDGE_53_0 still has reduced capacity: 24.8 due to Intrinsic Fault
pipeline ARCO_0 still has reduced capacity: 24.8 due to Intrinsic Fault
pipeline ARCO_3 still has reduced capacity: 9.688 due to Intrinsic Fault
pipeline ARCO_90 still has reduced capacity: 1.6 due to Intrinsic Fault
pipeline ARCO_91 still has reduced capacity: 9.688 due to Intrinsic Fault
pipeline ARCO_92 still has reduced capacity: 39.328 due to Intrinsic Fault
pipeline V_EDGE_53_9 still has reduced capacity: 5.68 due to Intrinsic Fault
pipeline ARCO_20 still has reduced capacity: 1.6 due to Intrinsic Fault
pipeline ARCO_21 still has reduced capacity: 9.688 due to Intrinsic Fault
pipeline ARCO_22 still has reduced capacity: 39.328 due to Intrinsic Fault
pipeline ARCO_73 still has reduced capacity: 9.688 due to Intrinsic Fault
Propagate Heavy Faults
Propagate Attacks
Inject Intrinsic Failure To Source
Inject Heavy Fault To Sources
Inject Attack Multiple To Source
Inject Intrinsic Fault To Pipeline
Inject Heavy Fault To Pipeline
Inject Attack To Pipeline
----------- Statistics ------------
	Sources Under Attack: 0
	Sources with Heavy Fault: 0
	Sources with Intrinsic Fault: 2
	Arcs with reduce capacity due to Attack: 0
	Arcs with reduce capacity due to Heavy Fault: 0
	Arcs with reduce capacity due to Intrinsic Fault: 12
	Arcs with Attacks: 0
	Arcs with Heavy Fault: 0
	Arcs with Intrinsic Fault: 0
--------- SOURCES STATISTICS ---------------
Demand del real Source[0]: -31.0, flusso erogato: 8.729999999999997, flusso entrante: 0.0, efficienza: 28.161290322580633 %
Demand del real Source[8]: -10.5, flusso erogato: 3.8600000000000003, flusso entrante: 0.0, efficienza: 36.76190476190476 %
Demand del real Source[9]: -7.1, flusso erogato: 13.409999999999997, flusso entrante: 7.73, efficienza: 188.87323943661968 %
Demand del real Source[17]: -25.0, flusso erogato: 25.000000000000007, flusso entrante: 0.0, efficienza: 100.00000000000003 %
Flusso totale entrante nei Real Source: 7.73
Flusso totale uscente dai Real Source: 51.0
Flusso netto sui real Source: -43.269999999999996
--- SINKS STATISTICS ---
Sink 3 SODDISFATTO. Flusso netto: 3.4299999999999997, Demand: 3.43, percentage: 99.99999999999999
Sink 4 SODDISFATTO. Flusso netto: 0.5700000000000003, Demand: 0.57, percentage: 100.00000000000007
Sink 5 SODDISFATTO. Flusso netto: 0.6600000000000001, Demand: 0.66, percentage: 100.00000000000003
Sink 11 SODDISFATTO. Flusso netto: 1.03, Demand: 1.03, percentage: 100.0
Sink 15 SODDISFATTO. Flusso netto: 0.4600000000000044, Demand: 0.46, percentage: 100.00000000000095
Sink 16 SODDISFATTO. Flusso netto: 8.399999999999993, Demand: 8.4, percentage: 99.99999999999991
Sink 19 SODDISFATTO. Flusso netto: 0.5399999999999938, Demand: 0.54, percentage: 99.99999999999885
Sink 23 SODDISFATTO. Flusso netto: 0.5999999999999996, Demand: 0.6, percentage: 99.99999999999994
Sink 24 SODDISFATTO. Flusso netto: 0.8000000000000007, Demand: 0.8, percentage: 100.00000000000009
Sink 25 SODDISFATTO. Flusso netto: 3.5, Demand: 3.5, percentage: 100.0
Sink 26 SODDISFATTO. Flusso netto: 6.000000000000007, Demand: 6.0, percentage: 100.00000000000011
Sink 28 SODDISFATTO. Flusso netto: 0.4, Demand: 0.4, percentage: 100.0
Sink 30 SODDISFATTO. Flusso netto: 0.9799999999999933, Demand: 0.98, percentage: 99.99999999999932
Sink 31 SODDISFATTO. Flusso netto: 0.3999999999999999, Demand: 0.4, percentage: 99.99999999999997
Sink 32 SODDISFATTO. Flusso netto: 0.9999999999999989, Demand: 1.0, percentage: 99.99999999999989
Sink 34 SODDISFATTO. Flusso netto: 1.7400000000000002, Demand: 1.74, percentage: 100.00000000000003
Sink 35 SODDISFATTO. Flusso netto: 1.3, Demand: 1.3, percentage: 100.0
Sink 37 SODDISFATTO. Flusso netto: 1.0, Demand: 1.0, percentage: 100.0
Sink 39 SODDISFATTO. Flusso netto: 0.40000000000000036, Demand: 0.4, percentage: 100.00000000000009
Sink 40 SODDISFATTO. Flusso netto: 0.5, Demand: 0.5, percentage: 100.0
Sink 41 SODDISFATTO. Flusso netto: 1.0600000000000005, Demand: 1.06, percentage: 100.00000000000004
Sink 42 SODDISFATTO. Flusso netto: 2.819999999999999, Demand: 2.82, percentage: 99.99999999999997
Sink 45 SODDISFATTO. Flusso netto: 0.6800000000000002, Demand: 0.68, percentage: 100.00000000000003
Sink 46 SODDISFATTO. Flusso netto: 1.17, Demand: 1.17, percentage: 100.0
Sink 49 non è soddisfatto. Flusso netto: 3.83, Demand: 7.0, percentage: 54.714285714285715
Flusso totale entrante nei SINK: 85.282
Flusso totale uscente nei SINK: 42.01200000000001
Flusso totale netto nei SINK: 43.26999999999999
Total DEMAND dei SINK: 46.44
Percentual di flusso ai SINK: 0.9317398794142978
Numero di Sink soddisfatti: 24.0, numero totale di sink: 25.0
Percentuale di Sink soddisfatti: 0.96

---------------------------------- DAY 209

Update Fixed Elements from Intrinsic Faults
Source NODO_2 fixed from Intrinsic Fault
Pipeline ARCO_70 fixed due to Source NODO_2 fixing from Intrinsic Fault
Pipeline V_EDGE_53_0 fixed due to Source NODO_2 fixing from Intrinsic Fault
Pipeline ARCO_0 fixed due to Source NODO_2 fixing from Intrinsic Fault
Source NODO_11 fixed from Intrinsic Fault
Pipeline ARCO_3 fixed due to Source NODO_11 fixing from Intrinsic Fault
Pipeline ARCO_90 fixed due to Source NODO_11 fixing from Intrinsic Fault
Pipeline ARCO_91 fixed due to Source NODO_11 fixing from Intrinsic Fault
Pipeline ARCO_92 fixed due to Source NODO_11 fixing from Intrinsic Fault
Pipeline V_EDGE_53_9 fixed due to Source NODO_11 fixing from Intrinsic Fault
Pipeline ARCO_20 fixed due to Source NODO_11 fixing from Intrinsic Fault
Pipeline ARCO_21 fixed due to Source NODO_11 fixing from Intrinsic Fault
Pipeline ARCO_22 fixed due to Source NODO_11 fixing from Intrinsic Fault
Pipeline ARCO_73 fixed due to Source NODO_11 fixing from Intrinsic Fault
Update Fixed Elements from Heavy Faults
Update Fixed Elements from Attack
Propagate Intrinsic Fault
Propagate Heavy Faults
Propagate Attacks
Inject Intrinsic Failure To Source
Inject Heavy Fault To Sources
Inject Attack Multiple To Source
Inject Intrinsic Fault To Pipeline
Inject Heavy Fault To Pipeline
Inject Attack To Pipeline
----------- Statistics ------------
	Sources Under Attack: 0
	Sources with Heavy Fault: 0
	Sources with Intrinsic Fault: 0
	Arcs with reduce capacity due to Attack: 0
	Arcs with reduce capacity due to Heavy Fault: 0
	Arcs with reduce capacity due to Intrinsic Fault: 0
	Arcs with Attacks: 0
	Arcs with Heavy Fault: 0
	Arcs with Intrinsic Fault: 0
--------- SOURCES STATISTICS ---------------
Demand del real Source[0]: -31.0, flusso erogato: 8.069999999999997, flusso entrante: 0.0, efficienza: 26.032258064516117 %
Demand del real Source[8]: -10.5, flusso erogato: 3.8600000000000003, flusso entrante: 0.0, efficienza: 36.76190476190476 %
Demand del real Source[9]: -7.1, flusso erogato: 14.169999999999996, flusso entrante: 7.070000000000007, efficienza: 199.57746478873236 %
Demand del real Source[17]: -25.0, flusso erogato: 25.000000000000007, flusso entrante: 0.0, efficienza: 100.00000000000003 %
Flusso totale entrante nei Real Source: 7.070000000000007
Flusso totale uscente dai Real Source: 51.1
Flusso netto sui real Source: -44.029999999999994
--- SINKS STATISTICS ---
Sink 3 SODDISFATTO. Flusso netto: 3.4299999999999997, Demand: 3.43, percentage: 99.99999999999999
Sink 4 SODDISFATTO. Flusso netto: 0.5700000000000003, Demand: 0.57, percentage: 100.00000000000007
Sink 5 SODDISFATTO. Flusso netto: 0.6600000000000019, Demand: 0.66, percentage: 100.00000000000028
Sink 11 SODDISFATTO. Flusso netto: 1.03, Demand: 1.03, percentage: 100.0
Sink 15 SODDISFATTO. Flusso netto: 0.4600000000000044, Demand: 0.46, percentage: 100.00000000000095
Sink 16 SODDISFATTO. Flusso netto: 8.399999999999993, Demand: 8.4, percentage: 99.99999999999991
Sink 19 SODDISFATTO. Flusso netto: 0.5399999999999938, Demand: 0.54, percentage: 99.99999999999885
Sink 23 SODDISFATTO. Flusso netto: 0.5999999999999996, Demand: 0.6, percentage: 99.99999999999994
Sink 24 SODDISFATTO. Flusso netto: 0.8000000000000007, Demand: 0.8, percentage: 100.00000000000009
Sink 25 SODDISFATTO. Flusso netto: 3.5, Demand: 3.5, percentage: 100.0
Sink 26 SODDISFATTO. Flusso netto: 6.000000000000007, Demand: 6.0, percentage: 100.00000000000011
Sink 28 SODDISFATTO. Flusso netto: 0.4, Demand: 0.4, percentage: 100.0
Sink 30 SODDISFATTO. Flusso netto: 0.9799999999999933, Demand: 0.98, percentage: 99.99999999999932
Sink 31 SODDISFATTO. Flusso netto: 0.3999999999999999, Demand: 0.4, percentage: 99.99999999999997
Sink 32 SODDISFATTO. Flusso netto: 0.9999999999999989, Demand: 1.0, percentage: 99.99999999999989
Sink 34 SODDISFATTO. Flusso netto: 1.7400000000000002, Demand: 1.74, percentage: 100.00000000000003
Sink 35 SODDISFATTO. Flusso netto: 1.3, Demand: 1.3, percentage: 100.0
Sink 37 SODDISFATTO. Flusso netto: 1.0, Demand: 1.0, percentage: 100.0
Sink 39 SODDISFATTO. Flusso netto: 0.40000000000000036, Demand: 0.4, percentage: 100.00000000000009
Sink 40 SODDISFATTO. Flusso netto: 0.5, Demand: 0.5, percentage: 100.0
Sink 41 SODDISFATTO. Flusso netto: 1.0600000000000005, Demand: 1.06, percentage: 100.00000000000004
Sink 42 SODDISFATTO. Flusso netto: 2.8200000000000007, Demand: 2.82, percentage: 100.00000000000003
Sink 45 SODDISFATTO. Flusso netto: 0.6800000000000002, Demand: 0.68, percentage: 100.00000000000003
Sink 46 SODDISFATTO. Flusso netto: 1.17, Demand: 1.17, percentage: 100.0
Sink 49 non è soddisfatto. Flusso netto: 4.59, Demand: 7.0, percentage: 65.57142857142857
Flusso totale entrante nei SINK: 86.46000000000001
Flusso totale uscente nei SINK: 42.430000000000014
Flusso totale netto nei SINK: 44.029999999999994
Total DEMAND dei SINK: 46.44
Percentual di flusso ai SINK: 0.9481050818260119
Numero di Sink soddisfatti: 24.0, numero totale di sink: 25.0
Percentuale di Sink soddisfatti: 0.96

---------------------------------- DAY 210

Update Fixed Elements from Intrinsic Faults
Update Fixed Elements from Heavy Faults
Update Fixed Elements from Attack
Propagate Intrinsic Fault
Propagate Heavy Faults
Propagate Attacks
Inject Intrinsic Failure To Source
Inject Heavy Fault To Sources
Inject Attack Multiple To Source
Source NODO_11 is under Attack in day: 210
pipeline ARCO_3 has reduced capacity due to NODO_11 Attack
pipeline ARCO_90 has reduced capacity due to NODO_11 Attack
pipeline ARCO_91 has reduced capacity due to NODO_11 Attack
pipeline ARCO_92 has reduced capacity due to NODO_11 Attack
pipeline V_EDGE_53_9 has reduced capacity due to NODO_11 Attack
pipeline ARCO_20 has reduced capacity due to NODO_11 Attack
pipeline ARCO_21 has reduced capacity due to NODO_11 Attack
pipeline ARCO_22 has reduced capacity due to NODO_11 Attack
pipeline ARCO_73 has reduced capacity due to NODO_11 Attack
Inject Intrinsic Fault To Pipeline
Inject Heavy Fault To Pipeline
Inject Attack To Pipeline
pipeline ARCO_40 is under Attack in day 210
Pipeline ARCO_110 is under Attack in day: 210
pipeline ARCO_35 is under Attack in day 210
Pipeline ARCO_105 is under Attack in day: 210
pipeline ARCO_39 is under Attack in day 210
Pipeline ARCO_109 is under Attack in day: 210
----------- Statistics ------------
	Sources Under Attack: 1
	Sources with Heavy Fault: 0
	Sources with Intrinsic Fault: 0
	Arcs with reduce capacity due to Attack: 9
	Arcs with reduce capacity due to Heavy Fault: 0
	Arcs with reduce capacity due to Intrinsic Fault: 0
	Arcs with Attacks: 6
	Arcs with Heavy Fault: 0
	Arcs with Intrinsic Fault: 0
--------- SOURCES STATISTICS ---------------
Demand del real Source[0]: -31.0, flusso erogato: 1.0, flusso entrante: 0.0, efficienza: 3.225806451612903 %
Demand del real Source[8]: -10.5, flusso erogato: 9.219999999999999, flusso entrante: 0.0, efficienza: 87.80952380952381 %
Demand del real Source[9]: -7.1, flusso erogato: 0.0, flusso entrante: 0.0, efficienza: 0.0 %
Demand del real Source[17]: -25.0, flusso erogato: 0.0, flusso entrante: 0.0, efficienza: 0.0 %
Flusso totale entrante nei Real Source: 0.0
Flusso totale uscente dai Real Source: 10.219999999999999
Flusso netto sui real Source: -10.219999999999999
--- SINKS STATISTICS ---
Sink 3 non è soddisfatto. Flusso netto: 8.881784197001252E-16, Demand: 3.43, percentage: 2.5894414568516767E-14
Sink 4 SODDISFATTO. Flusso netto: 0.5700000000000003, Demand: 0.57, percentage: 100.00000000000007
Sink 5 SODDISFATTO. Flusso netto: 0.6599999999999966, Demand: 0.66, percentage: 99.99999999999947
Sink 11 SODDISFATTO. Flusso netto: 1.0299999999999978, Demand: 1.03, percentage: 99.99999999999979
Sink 15 SODDISFATTO. Flusso netto: 0.46000000000000085, Demand: 0.46, percentage: 100.00000000000017
Sink 16 non è soddisfatto. Flusso netto: 2.68, Demand: 8.4, percentage: 31.90476190476191
Sink 19 non è soddisfatto. Flusso netto: 0.0, Demand: 0.54, percentage: 0.0
Sink 23 non è soddisfatto. Flusso netto: 0.0, Demand: 0.6, percentage: 0.0
Sink 24 non è soddisfatto. Flusso netto: 0.0, Demand: 0.8, percentage: 0.0
Sink 25 non è soddisfatto. Flusso netto: 0.0, Demand: 3.5, percentage: 0.0
Sink 26 non è soddisfatto. Flusso netto: 0.0, Demand: 6.0, percentage: 0.0
Sink 28 non è soddisfatto. Flusso netto: 0.0, Demand: 0.4, percentage: 0.0
Sink 30 non è soddisfatto. Flusso netto: 0.0, Demand: 0.98, percentage: 0.0
Sink 31 non è soddisfatto. Flusso netto: 0.0, Demand: 0.4, percentage: 0.0
Sink 32 SODDISFATTO. Flusso netto: 1.0, Demand: 1.0, percentage: 100.0
Sink 34 non è soddisfatto. Flusso netto: 0.0, Demand: 1.74, percentage: 0.0
Sink 35 non è soddisfatto. Flusso netto: 0.0, Demand: 1.3, percentage: 0.0
Sink 37 SODDISFATTO. Flusso netto: 1.0, Demand: 1.0, percentage: 100.0
Sink 39 non è soddisfatto. Flusso netto: 0.0, Demand: 0.4, percentage: 0.0
Sink 40 non è soddisfatto. Flusso netto: 0.0, Demand: 0.5, percentage: 0.0
Sink 41 FLUSSO USCENTE MAGGIORE DEL FLUSSO ENTRANTE: 8.881784197001252E-16
Sink 41 non è soddisfatto. Flusso netto: -8.881784197001252E-16, Demand: 1.06, percentage: -8.379041695284199E-14
Sink 42 SODDISFATTO. Flusso netto: 2.819999999999999, Demand: 2.82, percentage: 99.99999999999997
Sink 45 non è soddisfatto. Flusso netto: 0.0, Demand: 0.68, percentage: 0.0
Sink 46 non è soddisfatto. Flusso netto: 0.0, Demand: 1.17, percentage: 0.0
Sink 49 non è soddisfatto. Flusso netto: 0.0, Demand: 7.0, percentage: 0.0
Flusso totale entrante nei SINK: 17.399999999999995
Flusso totale uscente nei SINK: 7.18
Flusso totale netto nei SINK: 10.219999999999995
Total DEMAND dei SINK: 46.44
Percentual di flusso ai SINK: 0.22006890611541766
Numero di Sink soddisfatti: 7.0, numero totale di sink: 25.0
Percentuale di Sink soddisfatti: 0.28

---------------------------------- DAY 211

Update Fixed Elements from Intrinsic Faults
Update Fixed Elements from Heavy Faults
Update Fixed Elements from Attack
Propagate Intrinsic Fault
Propagate Heavy Faults
Propagate Attacks
Node NODO_11 has still failing due to Attack
pipeline ARCO_3 still has reduced capacity: 0.0 due to Attack
pipeline ARCO_90 still has reduced capacity: 0.0 due to Attack
pipeline ARCO_91 still has reduced capacity: 0.0 due to Attack
pipeline ARCO_92 still has reduced capacity: 0.0 due to Attack
pipeline V_EDGE_53_9 still has reduced capacity: 0.0 due to Attack
pipeline ARCO_20 still has reduced capacity: 0.0 due to Attack
pipeline ARCO_21 still has reduced capacity: 0.0 due to Attack
pipeline ARCO_22 still has reduced capacity: 0.0 due to Attack
pipeline ARCO_73 still has reduced capacity: 0.0 due to Attack
pipeline ARCO_40 still failing: 0.0 due to Attack
pipeline ARCO_110 still failing: 0.0 due to Attack
pipeline ARCO_35 still failing: 0.0 due to Attack
pipeline ARCO_105 still failing: 0.0 due to Attack
pipeline ARCO_39 still failing: 0.0 due to Attack
pipeline ARCO_109 still failing: 0.0 due to Attack
Inject Intrinsic Failure To Source
Source NODO_19 is failing for an Intrinsic Fault in day: 211
pipeline ARCO_35 has reduced capacity due to NODO_19 Intrinsic fault
pipeline ARCO_109 has reduced capacity due to NODO_19 Intrinsic fault
pipeline ARCO_110 has reduced capacity due to NODO_19 Intrinsic fault
pipeline V_EDGE_53_17 has reduced capacity due to NODO_19 Intrinsic fault
pipeline ARCO_39 has reduced capacity due to NODO_19 Intrinsic fault
pipeline ARCO_40 has reduced capacity due to NODO_19 Intrinsic fault
pipeline ARCO_105 has reduced capacity due to NODO_19 Intrinsic fault
Inject Heavy Fault To Sources
Inject Attack Multiple To Source
Inject Intrinsic Fault To Pipeline
Inject Heavy Fault To Pipeline
Inject Attack To Pipeline
----------- Statistics ------------
	Sources Under Attack: 1
	Sources with Heavy Fault: 0
	Sources with Intrinsic Fault: 1
	Arcs with reduce capacity due to Attack: 9
	Arcs with reduce capacity due to Heavy Fault: 0
	Arcs with reduce capacity due to Intrinsic Fault: 7
	Arcs with Attacks: 6
	Arcs with Heavy Fault: 0
	Arcs with Intrinsic Fault: 0
--------- SOURCES STATISTICS ---------------
Demand del real Source[0]: -31.0, flusso erogato: 1.0, flusso entrante: 0.0, efficienza: 3.225806451612903 %
Demand del real Source[8]: -10.5, flusso erogato: 9.219999999999999, flusso entrante: 0.0, efficienza: 87.80952380952381 %
Demand del real Source[9]: -7.1, flusso erogato: 0.0, flusso entrante: 0.0, efficienza: 0.0 %
Demand del real Source[17]: -25.0, flusso erogato: 0.0, flusso entrante: 0.0, efficienza: 0.0 %
Flusso totale entrante nei Real Source: 0.0
Flusso totale uscente dai Real Source: 10.219999999999999
Flusso netto sui real Source: -10.219999999999999
--- SINKS STATISTICS ---
Sink 3 non è soddisfatto. Flusso netto: 8.881784197001252E-16, Demand: 3.43, percentage: 2.5894414568516767E-14
Sink 4 SODDISFATTO. Flusso netto: 0.5700000000000003, Demand: 0.57, percentage: 100.00000000000007
Sink 5 SODDISFATTO. Flusso netto: 0.6599999999999966, Demand: 0.66, percentage: 99.99999999999947
Sink 11 SODDISFATTO. Flusso netto: 1.0299999999999978, Demand: 1.03, percentage: 99.99999999999979
Sink 15 SODDISFATTO. Flusso netto: 0.46000000000000085, Demand: 0.46, percentage: 100.00000000000017
Sink 16 non è soddisfatto. Flusso netto: 2.68, Demand: 8.4, percentage: 31.90476190476191
Sink 19 non è soddisfatto. Flusso netto: 0.0, Demand: 0.54, percentage: 0.0
Sink 23 non è soddisfatto. Flusso netto: 0.0, Demand: 0.6, percentage: 0.0
Sink 24 non è soddisfatto. Flusso netto: 0.0, Demand: 0.8, percentage: 0.0
Sink 25 non è soddisfatto. Flusso netto: 0.0, Demand: 3.5, percentage: 0.0
Sink 26 non è soddisfatto. Flusso netto: 0.0, Demand: 6.0, percentage: 0.0
Sink 28 non è soddisfatto. Flusso netto: 0.0, Demand: 0.4, percentage: 0.0
Sink 30 non è soddisfatto. Flusso netto: 0.0, Demand: 0.98, percentage: 0.0
Sink 31 non è soddisfatto. Flusso netto: 0.0, Demand: 0.4, percentage: 0.0
Sink 32 SODDISFATTO. Flusso netto: 1.0, Demand: 1.0, percentage: 100.0
Sink 34 non è soddisfatto. Flusso netto: 0.0, Demand: 1.74, percentage: 0.0
Sink 35 non è soddisfatto. Flusso netto: 0.0, Demand: 1.3, percentage: 0.0
Sink 37 SODDISFATTO. Flusso netto: 1.0, Demand: 1.0, percentage: 100.0
Sink 39 non è soddisfatto. Flusso netto: 0.0, Demand: 0.4, percentage: 0.0
Sink 40 non è soddisfatto. Flusso netto: 0.0, Demand: 0.5, percentage: 0.0
Sink 41 FLUSSO USCENTE MAGGIORE DEL FLUSSO ENTRANTE: 8.881784197001252E-16
Sink 41 non è soddisfatto. Flusso netto: -8.881784197001252E-16, Demand: 1.06, percentage: -8.379041695284199E-14
Sink 42 SODDISFATTO. Flusso netto: 2.819999999999999, Demand: 2.82, percentage: 99.99999999999997
Sink 45 non è soddisfatto. Flusso netto: 0.0, Demand: 0.68, percentage: 0.0
Sink 46 non è soddisfatto. Flusso netto: 0.0, Demand: 1.17, percentage: 0.0
Sink 49 non è soddisfatto. Flusso netto: 0.0, Demand: 7.0, percentage: 0.0
Flusso totale entrante nei SINK: 17.399999999999995
Flusso totale uscente nei SINK: 7.18
Flusso totale netto nei SINK: 10.219999999999995
Total DEMAND dei SINK: 46.44
Percentual di flusso ai SINK: 0.22006890611541766
Numero di Sink soddisfatti: 7.0, numero totale di sink: 25.0
Percentuale di Sink soddisfatti: 0.28

---------------------------------- DAY 212

Update Fixed Elements from Intrinsic Faults
Update Fixed Elements from Heavy Faults
Update Fixed Elements from Attack
Propagate Intrinsic Fault
Node NODO_19 has still failing due to Intrinsic Fault
pipeline ARCO_35 still has reduced capacity: 0.0 due to Intrinsic Fault
pipeline ARCO_109 still has reduced capacity: 0.0 due to Intrinsic Fault
pipeline ARCO_110 still has reduced capacity: 0.0 due to Intrinsic Fault
pipeline V_EDGE_53_17 still has reduced capacity: 0.0 due to Intrinsic Fault
pipeline ARCO_39 still has reduced capacity: 0.0 due to Intrinsic Fault
pipeline ARCO_40 still has reduced capacity: 0.0 due to Intrinsic Fault
pipeline ARCO_105 still has reduced capacity: 0.0 due to Intrinsic Fault
Propagate Heavy Faults
Propagate Attacks
Node NODO_11 has still failing due to Attack
pipeline ARCO_3 still has reduced capacity: 0.0 due to Attack
pipeline ARCO_90 still has reduced capacity: 0.0 due to Attack
pipeline ARCO_91 still has reduced capacity: 0.0 due to Attack
pipeline ARCO_92 still has reduced capacity: 0.0 due to Attack
pipeline V_EDGE_53_9 still has reduced capacity: 0.0 due to Attack
pipeline ARCO_20 still has reduced capacity: 0.0 due to Attack
pipeline ARCO_21 still has reduced capacity: 0.0 due to Attack
pipeline ARCO_22 still has reduced capacity: 0.0 due to Attack
pipeline ARCO_73 still has reduced capacity: 0.0 due to Attack
pipeline ARCO_40 still failing: 0.0 due to Attack
pipeline ARCO_110 still failing: 0.0 due to Attack
pipeline ARCO_35 still failing: 0.0 due to Attack
pipeline ARCO_105 still failing: 0.0 due to Attack
pipeline ARCO_39 still failing: 0.0 due to Attack
pipeline ARCO_109 still failing: 0.0 due to Attack
Inject Intrinsic Failure To Source
Inject Heavy Fault To Sources
Inject Attack Multiple To Source
Inject Intrinsic Fault To Pipeline
Inject Heavy Fault To Pipeline
Inject Attack To Pipeline
----------- Statistics ------------
	Sources Under Attack: 1
	Sources with Heavy Fault: 0
	Sources with Intrinsic Fault: 1
	Arcs with reduce capacity due to Attack: 9
	Arcs with reduce capacity due to Heavy Fault: 0
	Arcs with reduce capacity due to Intrinsic Fault: 7
	Arcs with Attacks: 6
	Arcs with Heavy Fault: 0
	Arcs with Intrinsic Fault: 0
--------- SOURCES STATISTICS ---------------
Demand del real Source[0]: -31.0, flusso erogato: 1.0, flusso entrante: 0.0, efficienza: 3.225806451612903 %
Demand del real Source[8]: -10.5, flusso erogato: 9.219999999999999, flusso entrante: 0.0, efficienza: 87.80952380952381 %
Demand del real Source[9]: -7.1, flusso erogato: 0.0, flusso entrante: 0.0, efficienza: 0.0 %
Demand del real Source[17]: -25.0, flusso erogato: 0.0, flusso entrante: 0.0, efficienza: 0.0 %
Flusso totale entrante nei Real Source: 0.0
Flusso totale uscente dai Real Source: 10.219999999999999
Flusso netto sui real Source: -10.219999999999999
--- SINKS STATISTICS ---
Sink 3 non è soddisfatto. Flusso netto: 8.881784197001252E-16, Demand: 3.43, percentage: 2.5894414568516767E-14
Sink 4 SODDISFATTO. Flusso netto: 0.5700000000000003, Demand: 0.57, percentage: 100.00000000000007
Sink 5 SODDISFATTO. Flusso netto: 0.6599999999999966, Demand: 0.66, percentage: 99.99999999999947
Sink 11 SODDISFATTO. Flusso netto: 1.0299999999999978, Demand: 1.03, percentage: 99.99999999999979
Sink 15 SODDISFATTO. Flusso netto: 0.46000000000000085, Demand: 0.46, percentage: 100.00000000000017
Sink 16 non è soddisfatto. Flusso netto: 2.68, Demand: 8.4, percentage: 31.90476190476191
Sink 19 non è soddisfatto. Flusso netto: 0.0, Demand: 0.54, percentage: 0.0
Sink 23 non è soddisfatto. Flusso netto: 0.0, Demand: 0.6, percentage: 0.0
Sink 24 non è soddisfatto. Flusso netto: 0.0, Demand: 0.8, percentage: 0.0
Sink 25 non è soddisfatto. Flusso netto: 0.0, Demand: 3.5, percentage: 0.0
Sink 26 non è soddisfatto. Flusso netto: 0.0, Demand: 6.0, percentage: 0.0
Sink 28 non è soddisfatto. Flusso netto: 0.0, Demand: 0.4, percentage: 0.0
Sink 30 non è soddisfatto. Flusso netto: 0.0, Demand: 0.98, percentage: 0.0
Sink 31 non è soddisfatto. Flusso netto: 0.0, Demand: 0.4, percentage: 0.0
Sink 32 SODDISFATTO. Flusso netto: 1.0, Demand: 1.0, percentage: 100.0
Sink 34 non è soddisfatto. Flusso netto: 0.0, Demand: 1.74, percentage: 0.0
Sink 35 non è soddisfatto. Flusso netto: 0.0, Demand: 1.3, percentage: 0.0
Sink 37 SODDISFATTO. Flusso netto: 1.0, Demand: 1.0, percentage: 100.0
Sink 39 non è soddisfatto. Flusso netto: 0.0, Demand: 0.4, percentage: 0.0
Sink 40 non è soddisfatto. Flusso netto: 0.0, Demand: 0.5, percentage: 0.0
Sink 41 FLUSSO USCENTE MAGGIORE DEL FLUSSO ENTRANTE: 8.881784197001252E-16
Sink 41 non è soddisfatto. Flusso netto: -8.881784197001252E-16, Demand: 1.06, percentage: -8.379041695284199E-14
Sink 42 SODDISFATTO. Flusso netto: 2.819999999999999, Demand: 2.82, percentage: 99.99999999999997
Sink 45 non è soddisfatto. Flusso netto: 0.0, Demand: 0.68, percentage: 0.0
Sink 46 non è soddisfatto. Flusso netto: 0.0, Demand: 1.17, percentage: 0.0
Sink 49 non è soddisfatto. Flusso netto: 0.0, Demand: 7.0, percentage: 0.0
Flusso totale entrante nei SINK: 17.399999999999995
Flusso totale uscente nei SINK: 7.18
Flusso totale netto nei SINK: 10.219999999999995
Total DEMAND dei SINK: 46.44
Percentual di flusso ai SINK: 0.22006890611541766
Numero di Sink soddisfatti: 7.0, numero totale di sink: 25.0
Percentuale di Sink soddisfatti: 0.28

---------------------------------- DAY 213

Update Fixed Elements from Intrinsic Faults
Update Fixed Elements from Heavy Faults
Update Fixed Elements from Attack
Propagate Intrinsic Fault
Node NODO_19 has still failing due to Intrinsic Fault
pipeline ARCO_35 still has reduced capacity: 0.0 due to Intrinsic Fault
pipeline ARCO_109 still has reduced capacity: 0.0 due to Intrinsic Fault
pipeline ARCO_110 still has reduced capacity: 0.0 due to Intrinsic Fault
pipeline V_EDGE_53_17 still has reduced capacity: 0.0 due to Intrinsic Fault
pipeline ARCO_39 still has reduced capacity: 0.0 due to Intrinsic Fault
pipeline ARCO_40 still has reduced capacity: 0.0 due to Intrinsic Fault
pipeline ARCO_105 still has reduced capacity: 0.0 due to Intrinsic Fault
Propagate Heavy Faults
Propagate Attacks
Node NODO_11 has still failing due to Attack
pipeline ARCO_3 still has reduced capacity: 0.0 due to Attack
pipeline ARCO_90 still has reduced capacity: 0.0 due to Attack
pipeline ARCO_91 still has reduced capacity: 0.0 due to Attack
pipeline ARCO_92 still has reduced capacity: 0.0 due to Attack
pipeline V_EDGE_53_9 still has reduced capacity: 0.0 due to Attack
pipeline ARCO_20 still has reduced capacity: 0.0 due to Attack
pipeline ARCO_21 still has reduced capacity: 0.0 due to Attack
pipeline ARCO_22 still has reduced capacity: 0.0 due to Attack
pipeline ARCO_73 still has reduced capacity: 0.0 due to Attack
pipeline ARCO_40 still failing: 0.0 due to Attack
pipeline ARCO_110 still failing: 0.0 due to Attack
pipeline ARCO_35 still failing: 0.0 due to Attack
pipeline ARCO_105 still failing: 0.0 due to Attack
pipeline ARCO_39 still failing: 0.0 due to Attack
pipeline ARCO_109 still failing: 0.0 due to Attack
Inject Intrinsic Failure To Source
Inject Heavy Fault To Sources
Inject Attack Multiple To Source
Inject Intrinsic Fault To Pipeline
Inject Heavy Fault To Pipeline
Inject Attack To Pipeline
----------- Statistics ------------
	Sources Under Attack: 1
	Sources with Heavy Fault: 0
	Sources with Intrinsic Fault: 1
	Arcs with reduce capacity due to Attack: 9
	Arcs with reduce capacity due to Heavy Fault: 0
	Arcs with reduce capacity due to Intrinsic Fault: 7
	Arcs with Attacks: 6
	Arcs with Heavy Fault: 0
	Arcs with Intrinsic Fault: 0
--------- SOURCES STATISTICS ---------------
Demand del real Source[0]: -31.0, flusso erogato: 1.0, flusso entrante: 0.0, efficienza: 3.225806451612903 %
Demand del real Source[8]: -10.5, flusso erogato: 9.219999999999999, flusso entrante: 0.0, efficienza: 87.80952380952381 %
Demand del real Source[9]: -7.1, flusso erogato: 0.0, flusso entrante: 0.0, efficienza: 0.0 %
Demand del real Source[17]: -25.0, flusso erogato: 0.0, flusso entrante: 0.0, efficienza: 0.0 %
Flusso totale entrante nei Real Source: 0.0
Flusso totale uscente dai Real Source: 10.219999999999999
Flusso netto sui real Source: -10.219999999999999
--- SINKS STATISTICS ---
Sink 3 non è soddisfatto. Flusso netto: 8.881784197001252E-16, Demand: 3.43, percentage: 2.5894414568516767E-14
Sink 4 SODDISFATTO. Flusso netto: 0.5700000000000003, Demand: 0.57, percentage: 100.00000000000007
Sink 5 SODDISFATTO. Flusso netto: 0.6599999999999966, Demand: 0.66, percentage: 99.99999999999947
Sink 11 SODDISFATTO. Flusso netto: 1.0299999999999978, Demand: 1.03, percentage: 99.99999999999979
Sink 15 SODDISFATTO. Flusso netto: 0.46000000000000085, Demand: 0.46, percentage: 100.00000000000017
Sink 16 non è soddisfatto. Flusso netto: 2.68, Demand: 8.4, percentage: 31.90476190476191
Sink 19 non è soddisfatto. Flusso netto: 0.0, Demand: 0.54, percentage: 0.0
Sink 23 non è soddisfatto. Flusso netto: 0.0, Demand: 0.6, percentage: 0.0
Sink 24 non è soddisfatto. Flusso netto: 0.0, Demand: 0.8, percentage: 0.0
Sink 25 non è soddisfatto. Flusso netto: 0.0, Demand: 3.5, percentage: 0.0
Sink 26 non è soddisfatto. Flusso netto: 0.0, Demand: 6.0, percentage: 0.0
Sink 28 non è soddisfatto. Flusso netto: 0.0, Demand: 0.4, percentage: 0.0
Sink 30 non è soddisfatto. Flusso netto: 0.0, Demand: 0.98, percentage: 0.0
Sink 31 non è soddisfatto. Flusso netto: 0.0, Demand: 0.4, percentage: 0.0
Sink 32 SODDISFATTO. Flusso netto: 1.0, Demand: 1.0, percentage: 100.0
Sink 34 non è soddisfatto. Flusso netto: 0.0, Demand: 1.74, percentage: 0.0
Sink 35 non è soddisfatto. Flusso netto: 0.0, Demand: 1.3, percentage: 0.0
Sink 37 SODDISFATTO. Flusso netto: 1.0, Demand: 1.0, percentage: 100.0
Sink 39 non è soddisfatto. Flusso netto: 0.0, Demand: 0.4, percentage: 0.0
Sink 40 non è soddisfatto. Flusso netto: 0.0, Demand: 0.5, percentage: 0.0
Sink 41 FLUSSO USCENTE MAGGIORE DEL FLUSSO ENTRANTE: 8.881784197001252E-16
Sink 41 non è soddisfatto. Flusso netto: -8.881784197001252E-16, Demand: 1.06, percentage: -8.379041695284199E-14
Sink 42 SODDISFATTO. Flusso netto: 2.819999999999999, Demand: 2.82, percentage: 99.99999999999997
Sink 45 non è soddisfatto. Flusso netto: 0.0, Demand: 0.68, percentage: 0.0
Sink 46 non è soddisfatto. Flusso netto: 0.0, Demand: 1.17, percentage: 0.0
Sink 49 non è soddisfatto. Flusso netto: 0.0, Demand: 7.0, percentage: 0.0
Flusso totale entrante nei SINK: 17.399999999999995
Flusso totale uscente nei SINK: 7.18
Flusso totale netto nei SINK: 10.219999999999995
Total DEMAND dei SINK: 46.44
Percentual di flusso ai SINK: 0.22006890611541766
Numero di Sink soddisfatti: 7.0, numero totale di sink: 25.0
Percentuale di Sink soddisfatti: 0.28

---------------------------------- DAY 214

Update Fixed Elements from Intrinsic Faults
Update Fixed Elements from Heavy Faults
Update Fixed Elements from Attack
Pipeline ARCO_40 fixed from Attack
Pipeline ARCO_110 fixed from Attack
Pipeline ARCO_35 fixed from Attack
Pipeline ARCO_105 fixed from Attack
Pipeline ARCO_39 fixed from Attack
Pipeline ARCO_109 fixed from Attack
Propagate Intrinsic Fault
Node NODO_19 has still failing due to Intrinsic Fault
pipeline ARCO_35 still has reduced capacity: 0.0 due to Intrinsic Fault
pipeline ARCO_109 still has reduced capacity: 0.0 due to Intrinsic Fault
pipeline ARCO_110 still has reduced capacity: 0.0 due to Intrinsic Fault
pipeline V_EDGE_53_17 still has reduced capacity: 0.0 due to Intrinsic Fault
pipeline ARCO_39 still has reduced capacity: 0.0 due to Intrinsic Fault
pipeline ARCO_40 still has reduced capacity: 0.0 due to Intrinsic Fault
pipeline ARCO_105 still has reduced capacity: 0.0 due to Intrinsic Fault
Propagate Heavy Faults
Propagate Attacks
Node NODO_11 has still failing due to Attack
pipeline ARCO_3 still has reduced capacity: 0.0 due to Attack
pipeline ARCO_90 still has reduced capacity: 0.0 due to Attack
pipeline ARCO_91 still has reduced capacity: 0.0 due to Attack
pipeline ARCO_92 still has reduced capacity: 0.0 due to Attack
pipeline V_EDGE_53_9 still has reduced capacity: 0.0 due to Attack
pipeline ARCO_20 still has reduced capacity: 0.0 due to Attack
pipeline ARCO_21 still has reduced capacity: 0.0 due to Attack
pipeline ARCO_22 still has reduced capacity: 0.0 due to Attack
pipeline ARCO_73 still has reduced capacity: 0.0 due to Attack
Inject Intrinsic Failure To Source
Source NODO_10 is failing for an Intrinsic Fault in day: 214
pipeline ARCO_17 has reduced capacity due to NODO_10 Intrinsic fault
pipeline ARCO_88 has reduced capacity due to NODO_10 Intrinsic fault
pipeline ARCO_89 has reduced capacity due to NODO_10 Intrinsic fault
pipeline V_EDGE_53_8 has reduced capacity due to NODO_10 Intrinsic fault
pipeline ARCO_18 has reduced capacity due to NODO_10 Intrinsic fault
pipeline ARCO_19 has reduced capacity due to NODO_10 Intrinsic fault
pipeline ARCO_87 has reduced capacity due to NODO_10 Intrinsic fault
Inject Heavy Fault To Sources
Inject Attack Multiple To Source
Inject Intrinsic Fault To Pipeline
Inject Heavy Fault To Pipeline
Inject Attack To Pipeline
----------- Statistics ------------
	Sources Under Attack: 1
	Sources with Heavy Fault: 0
	Sources with Intrinsic Fault: 2
	Arcs with reduce capacity due to Attack: 9
	Arcs with reduce capacity due to Heavy Fault: 0
	Arcs with reduce capacity due to Intrinsic Fault: 14
	Arcs with Attacks: 0
	Arcs with Heavy Fault: 0
	Arcs with Intrinsic Fault: 0
--------- SOURCES STATISTICS ---------------
Demand del real Source[0]: -31.0, flusso erogato: 1.0, flusso entrante: 0.0, efficienza: 3.225806451612903 %
Demand del real Source[8]: -10.5, flusso erogato: 0.0, flusso entrante: 0.0, efficienza: 0.0 %
Demand del real Source[9]: -7.1, flusso erogato: 0.0, flusso entrante: 0.0, efficienza: 0.0 %
Demand del real Source[17]: -25.0, flusso erogato: 0.0, flusso entrante: 0.0, efficienza: 0.0 %
Flusso totale entrante nei Real Source: 0.0
Flusso totale uscente dai Real Source: 1.0
Flusso netto sui real Source: -1.0
--- SINKS STATISTICS ---
Sink 3 non è soddisfatto. Flusso netto: 0.0, Demand: 3.43, percentage: 0.0
Sink 4 non è soddisfatto. Flusso netto: 0.0, Demand: 0.57, percentage: 0.0
Sink 5 non è soddisfatto. Flusso netto: 0.0, Demand: 0.66, percentage: 0.0
Sink 11 non è soddisfatto. Flusso netto: 0.0, Demand: 1.03, percentage: 0.0
Sink 15 non è soddisfatto. Flusso netto: 0.0, Demand: 0.46, percentage: 0.0
Sink 16 non è soddisfatto. Flusso netto: 0.0, Demand: 8.4, percentage: 0.0
Sink 19 non è soddisfatto. Flusso netto: 0.0, Demand: 0.54, percentage: 0.0
Sink 23 non è soddisfatto. Flusso netto: 0.0, Demand: 0.6, percentage: 0.0
Sink 24 non è soddisfatto. Flusso netto: 0.0, Demand: 0.8, percentage: 0.0
Sink 25 non è soddisfatto. Flusso netto: 0.0, Demand: 3.5, percentage: 0.0
Sink 26 non è soddisfatto. Flusso netto: 0.0, Demand: 6.0, percentage: 0.0
Sink 28 non è soddisfatto. Flusso netto: 0.0, Demand: 0.4, percentage: 0.0
Sink 30 non è soddisfatto. Flusso netto: 0.0, Demand: 0.98, percentage: 0.0
Sink 31 non è soddisfatto. Flusso netto: 0.0, Demand: 0.4, percentage: 0.0
Sink 32 non è soddisfatto. Flusso netto: 0.0, Demand: 1.0, percentage: 0.0
Sink 34 non è soddisfatto. Flusso netto: 0.0, Demand: 1.74, percentage: 0.0
Sink 35 non è soddisfatto. Flusso netto: 0.0, Demand: 1.3, percentage: 0.0
Sink 37 SODDISFATTO. Flusso netto: 1.0, Demand: 1.0, percentage: 100.0
Sink 39 non è soddisfatto. Flusso netto: 0.0, Demand: 0.4, percentage: 0.0
Sink 40 non è soddisfatto. Flusso netto: 0.0, Demand: 0.5, percentage: 0.0
Sink 41 non è soddisfatto. Flusso netto: 0.0, Demand: 1.06, percentage: 0.0
Sink 42 non è soddisfatto. Flusso netto: 0.0, Demand: 2.82, percentage: 0.0
Sink 45 non è soddisfatto. Flusso netto: 0.0, Demand: 0.68, percentage: 0.0
Sink 46 non è soddisfatto. Flusso netto: 0.0, Demand: 1.17, percentage: 0.0
Sink 49 non è soddisfatto. Flusso netto: 0.0, Demand: 7.0, percentage: 0.0
Flusso totale entrante nei SINK: 1.0
Flusso totale uscente nei SINK: 0.0
Flusso totale netto nei SINK: 1.0
Total DEMAND dei SINK: 46.44
Percentual di flusso ai SINK: 0.02153316106804479
Numero di Sink soddisfatti: 1.0, numero totale di sink: 25.0
Percentuale di Sink soddisfatti: 0.04

---------------------------------- DAY 215

Update Fixed Elements from Intrinsic Faults
Source NODO_19 fixed from Intrinsic Fault
Pipeline ARCO_35 fixed due to Source NODO_19 fixing from Intrinsic Fault
Pipeline ARCO_109 fixed due to Source NODO_19 fixing from Intrinsic Fault
Pipeline ARCO_110 fixed due to Source NODO_19 fixing from Intrinsic Fault
Pipeline V_EDGE_53_17 fixed due to Source NODO_19 fixing from Intrinsic Fault
Pipeline ARCO_39 fixed due to Source NODO_19 fixing from Intrinsic Fault
Pipeline ARCO_40 fixed due to Source NODO_19 fixing from Intrinsic Fault
Pipeline ARCO_105 fixed due to Source NODO_19 fixing from Intrinsic Fault
Update Fixed Elements from Heavy Faults
Update Fixed Elements from Attack
Propagate Intrinsic Fault
Node NODO_10 has still failing due to Intrinsic Fault
pipeline ARCO_17 still has reduced capacity: 0.0 due to Intrinsic Fault
pipeline ARCO_88 still has reduced capacity: 0.0 due to Intrinsic Fault
pipeline ARCO_89 still has reduced capacity: 0.0 due to Intrinsic Fault
pipeline V_EDGE_53_8 still has reduced capacity: 0.0 due to Intrinsic Fault
pipeline ARCO_18 still has reduced capacity: 0.0 due to Intrinsic Fault
pipeline ARCO_19 still has reduced capacity: 0.0 due to Intrinsic Fault
pipeline ARCO_87 still has reduced capacity: 0.0 due to Intrinsic Fault
Propagate Heavy Faults
Propagate Attacks
Node NODO_11 has still failing due to Attack
pipeline ARCO_3 still has reduced capacity: 0.0 due to Attack
pipeline ARCO_90 still has reduced capacity: 0.0 due to Attack
pipeline ARCO_91 still has reduced capacity: 0.0 due to Attack
pipeline ARCO_92 still has reduced capacity: 0.0 due to Attack
pipeline V_EDGE_53_9 still has reduced capacity: 0.0 due to Attack
pipeline ARCO_20 still has reduced capacity: 0.0 due to Attack
pipeline ARCO_21 still has reduced capacity: 0.0 due to Attack
pipeline ARCO_22 still has reduced capacity: 0.0 due to Attack
pipeline ARCO_73 still has reduced capacity: 0.0 due to Attack
Inject Intrinsic Failure To Source
Inject Heavy Fault To Sources
Inject Attack Multiple To Source
Inject Intrinsic Fault To Pipeline
Inject Heavy Fault To Pipeline
Inject Attack To Pipeline
----------- Statistics ------------
	Sources Under Attack: 1
	Sources with Heavy Fault: 0
	Sources with Intrinsic Fault: 1
	Arcs with reduce capacity due to Attack: 9
	Arcs with reduce capacity due to Heavy Fault: 0
	Arcs with reduce capacity due to Intrinsic Fault: 7
	Arcs with Attacks: 0
	Arcs with Heavy Fault: 0
	Arcs with Intrinsic Fault: 0
--------- SOURCES STATISTICS ---------------
Demand del real Source[0]: -31.0, flusso erogato: 1.0, flusso entrante: 0.0, efficienza: 3.225806451612903 %
Demand del real Source[8]: -10.5, flusso erogato: 0.0, flusso entrante: 0.0, efficienza: 0.0 %
Demand del real Source[9]: -7.1, flusso erogato: 0.0, flusso entrante: 0.0, efficienza: 0.0 %
Demand del real Source[17]: -25.0, flusso erogato: 25.000000000000004, flusso entrante: 0.0, efficienza: 100.00000000000003 %
Flusso totale entrante nei Real Source: 0.0
Flusso totale uscente dai Real Source: 26.000000000000004
Flusso netto sui real Source: -26.000000000000004
--- SINKS STATISTICS ---
Sink 3 non è soddisfatto. Flusso netto: 0.0, Demand: 3.43, percentage: 0.0
Sink 4 non è soddisfatto. Flusso netto: 0.0, Demand: 0.57, percentage: 0.0
Sink 5 non è soddisfatto. Flusso netto: 0.0, Demand: 0.66, percentage: 0.0
Sink 11 SODDISFATTO. Flusso netto: 1.0300000000000011, Demand: 1.03, percentage: 100.00000000000011
Sink 15 SODDISFATTO. Flusso netto: 0.4599999999999991, Demand: 0.46, percentage: 99.9999999999998
Sink 16 SODDISFATTO. Flusso netto: 8.399999999999997, Demand: 8.4, percentage: 99.99999999999996
Sink 19 SODDISFATTO. Flusso netto: 0.5399999999999938, Demand: 0.54, percentage: 99.99999999999885
Sink 23 SODDISFATTO. Flusso netto: 0.5999999999999996, Demand: 0.6, percentage: 99.99999999999994
Sink 24 SODDISFATTO. Flusso netto: 0.8000000000000007, Demand: 0.8, percentage: 100.00000000000009
Sink 25 non è soddisfatto. Flusso netto: 3.150000000000002, Demand: 3.5, percentage: 90.00000000000006
Sink 26 SODDISFATTO. Flusso netto: 6.0000000000000036, Demand: 6.0, percentage: 100.00000000000007
Sink 28 SODDISFATTO. Flusso netto: 0.4, Demand: 0.4, percentage: 100.0
Sink 30 SODDISFATTO. Flusso netto: 0.9799999999999969, Demand: 0.98, percentage: 99.99999999999967
Sink 31 SODDISFATTO. Flusso netto: 0.3999999999999999, Demand: 0.4, percentage: 99.99999999999997
Sink 32 SODDISFATTO. Flusso netto: 1.0, Demand: 1.0, percentage: 100.0
Sink 34 non è soddisfatto. Flusso netto: 0.0, Demand: 1.74, percentage: 0.0
Sink 35 non è soddisfatto. Flusso netto: 0.33999999999999986, Demand: 1.3, percentage: 26.153846153846143
Sink 37 SODDISFATTO. Flusso netto: 1.0, Demand: 1.0, percentage: 100.0
Sink 39 SODDISFATTO. Flusso netto: 0.40000000000000036, Demand: 0.4, percentage: 100.00000000000009
Sink 40 SODDISFATTO. Flusso netto: 0.5, Demand: 0.5, percentage: 100.0
Sink 41 non è soddisfatto. Flusso netto: 0.0, Demand: 1.06, percentage: 0.0
Sink 42 non è soddisfatto. Flusso netto: 0.0, Demand: 2.82, percentage: 0.0
Sink 45 non è soddisfatto. Flusso netto: 0.0, Demand: 0.68, percentage: 0.0
Sink 46 non è soddisfatto. Flusso netto: 0.0, Demand: 1.17, percentage: 0.0
Sink 49 non è soddisfatto. Flusso netto: 0.0, Demand: 7.0, percentage: 0.0
Flusso totale entrante nei SINK: 55.48000000000001
Flusso totale uscente nei SINK: 29.480000000000018
Flusso totale netto nei SINK: 25.999999999999993
Total DEMAND dei SINK: 46.44
Percentual di flusso ai SINK: 0.5598621877691644
Numero di Sink soddisfatti: 14.0, numero totale di sink: 25.0
Percentuale di Sink soddisfatti: 0.56

---------------------------------- DAY 216

Update Fixed Elements from Intrinsic Faults
Update Fixed Elements from Heavy Faults
Update Fixed Elements from Attack
Source NODO_11 fixed from Attack
Pipeline ARCO_3 fixed due to Source NODO_11 fixing from Attack
Pipeline ARCO_90 fixed due to Source NODO_11 fixing from Attack
Pipeline ARCO_91 fixed due to Source NODO_11 fixing from Attack
Pipeline ARCO_92 fixed due to Source NODO_11 fixing from Attack
Pipeline V_EDGE_53_9 fixed due to Source NODO_11 fixing from Attack
Pipeline ARCO_20 fixed due to Source NODO_11 fixing from Attack
Pipeline ARCO_21 fixed due to Source NODO_11 fixing from Attack
Pipeline ARCO_22 fixed due to Source NODO_11 fixing from Attack
Pipeline ARCO_73 fixed due to Source NODO_11 fixing from Attack
Propagate Intrinsic Fault
Node NODO_10 has still failing due to Intrinsic Fault
pipeline ARCO_17 still has reduced capacity: 0.0 due to Intrinsic Fault
pipeline ARCO_88 still has reduced capacity: 0.0 due to Intrinsic Fault
pipeline ARCO_89 still has reduced capacity: 0.0 due to Intrinsic Fault
pipeline V_EDGE_53_8 still has reduced capacity: 0.0 due to Intrinsic Fault
pipeline ARCO_18 still has reduced capacity: 0.0 due to Intrinsic Fault
pipeline ARCO_19 still has reduced capacity: 0.0 due to Intrinsic Fault
pipeline ARCO_87 still has reduced capacity: 0.0 due to Intrinsic Fault
Propagate Heavy Faults
Propagate Attacks
Inject Intrinsic Failure To Source
Inject Heavy Fault To Sources
Inject Attack Multiple To Source
Inject Intrinsic Fault To Pipeline
Inject Heavy Fault To Pipeline
Inject Attack To Pipeline
----------- Statistics ------------
	Sources Under Attack: 0
	Sources with Heavy Fault: 0
	Sources with Intrinsic Fault: 1
	Arcs with reduce capacity due to Attack: 0
	Arcs with reduce capacity due to Heavy Fault: 0
	Arcs with reduce capacity due to Intrinsic Fault: 7
	Arcs with Attacks: 0
	Arcs with Heavy Fault: 0
	Arcs with Intrinsic Fault: 0
--------- SOURCES STATISTICS ---------------
Demand del real Source[0]: -31.0, flusso erogato: 11.159999999999997, flusso entrante: 0.0, efficienza: 35.999999999999986 %
Demand del real Source[8]: -10.5, flusso erogato: 0.0, flusso entrante: 0.0, efficienza: 0.0 %
Demand del real Source[9]: -7.1, flusso erogato: 17.259999999999998, flusso entrante: 10.159999999999997, efficienza: 243.09859154929575 %
Demand del real Source[17]: -25.0, flusso erogato: 25.000000000000007, flusso entrante: 0.0, efficienza: 100.00000000000003 %
Flusso totale entrante nei Real Source: 10.159999999999997
Flusso totale uscente dai Real Source: 53.42
Flusso netto sui real Source: -43.260000000000005
--- SINKS STATISTICS ---
Sink 3 SODDISFATTO. Flusso netto: 3.429999999999999, Demand: 3.43, percentage: 99.99999999999997
Sink 4 SODDISFATTO. Flusso netto: 0.5700000000000003, Demand: 0.57, percentage: 100.00000000000007
Sink 5 SODDISFATTO. Flusso netto: 0.6599999999999993, Demand: 0.66, percentage: 99.99999999999987
Sink 11 SODDISFATTO. Flusso netto: 1.0300000000000011, Demand: 1.03, percentage: 100.00000000000011
Sink 15 SODDISFATTO. Flusso netto: 0.4600000000000044, Demand: 0.46, percentage: 100.00000000000095
Sink 16 SODDISFATTO. Flusso netto: 8.399999999999993, Demand: 8.4, percentage: 99.99999999999991
Sink 19 SODDISFATTO. Flusso netto: 0.5399999999999938, Demand: 0.54, percentage: 99.99999999999885
Sink 23 SODDISFATTO. Flusso netto: 0.5999999999999996, Demand: 0.6, percentage: 99.99999999999994
Sink 24 SODDISFATTO. Flusso netto: 0.8000000000000007, Demand: 0.8, percentage: 100.00000000000009
Sink 25 SODDISFATTO. Flusso netto: 3.5, Demand: 3.5, percentage: 100.0
Sink 26 SODDISFATTO. Flusso netto: 6.000000000000007, Demand: 6.0, percentage: 100.00000000000011
Sink 28 SODDISFATTO. Flusso netto: 0.4, Demand: 0.4, percentage: 100.0
Sink 30 SODDISFATTO. Flusso netto: 0.9799999999999933, Demand: 0.98, percentage: 99.99999999999932
Sink 31 SODDISFATTO. Flusso netto: 0.3999999999999999, Demand: 0.4, percentage: 99.99999999999997
Sink 32 SODDISFATTO. Flusso netto: 0.9999999999999989, Demand: 1.0, percentage: 99.99999999999989
Sink 34 SODDISFATTO. Flusso netto: 1.7400000000000002, Demand: 1.74, percentage: 100.00000000000003
Sink 35 SODDISFATTO. Flusso netto: 1.3, Demand: 1.3, percentage: 100.0
Sink 37 SODDISFATTO. Flusso netto: 1.0, Demand: 1.0, percentage: 100.0
Sink 39 SODDISFATTO. Flusso netto: 0.40000000000000036, Demand: 0.4, percentage: 100.00000000000009
Sink 40 SODDISFATTO. Flusso netto: 0.5, Demand: 0.5, percentage: 100.0
Sink 41 SODDISFATTO. Flusso netto: 1.0599999999999996, Demand: 1.06, percentage: 99.99999999999996
Sink 42 SODDISFATTO. Flusso netto: 2.820000000000001, Demand: 2.82, percentage: 100.00000000000004
Sink 45 SODDISFATTO. Flusso netto: 0.6800000000000002, Demand: 0.68, percentage: 100.00000000000003
Sink 46 SODDISFATTO. Flusso netto: 1.17, Demand: 1.17, percentage: 100.0
Sink 49 non è soddisfatto. Flusso netto: 3.8200000000000003, Demand: 7.0, percentage: 54.57142857142857
Flusso totale entrante nei SINK: 88.47
Flusso totale uscente nei SINK: 45.21000000000001
Flusso totale netto nei SINK: 43.25999999999999
Total DEMAND dei SINK: 46.44
Percentual di flusso ai SINK: 0.9315245478036174
Numero di Sink soddisfatti: 24.0, numero totale di sink: 25.0
Percentuale di Sink soddisfatti: 0.96

---------------------------------- DAY 217

Update Fixed Elements from Intrinsic Faults
Update Fixed Elements from Heavy Faults
Update Fixed Elements from Attack
Propagate Intrinsic Fault
Node NODO_10 has still failing due to Intrinsic Fault
pipeline ARCO_17 still has reduced capacity: 0.0 due to Intrinsic Fault
pipeline ARCO_88 still has reduced capacity: 0.0 due to Intrinsic Fault
pipeline ARCO_89 still has reduced capacity: 0.0 due to Intrinsic Fault
pipeline V_EDGE_53_8 still has reduced capacity: 0.0 due to Intrinsic Fault
pipeline ARCO_18 still has reduced capacity: 0.0 due to Intrinsic Fault
pipeline ARCO_19 still has reduced capacity: 0.0 due to Intrinsic Fault
pipeline ARCO_87 still has reduced capacity: 0.0 due to Intrinsic Fault
Propagate Heavy Faults
Propagate Attacks
Inject Intrinsic Failure To Source
Inject Heavy Fault To Sources
Inject Attack Multiple To Source
Inject Intrinsic Fault To Pipeline
Inject Heavy Fault To Pipeline
Inject Attack To Pipeline
----------- Statistics ------------
	Sources Under Attack: 0
	Sources with Heavy Fault: 0
	Sources with Intrinsic Fault: 1
	Arcs with reduce capacity due to Attack: 0
	Arcs with reduce capacity due to Heavy Fault: 0
	Arcs with reduce capacity due to Intrinsic Fault: 7
	Arcs with Attacks: 0
	Arcs with Heavy Fault: 0
	Arcs with Intrinsic Fault: 0
--------- SOURCES STATISTICS ---------------
Demand del real Source[0]: -31.0, flusso erogato: 11.159999999999997, flusso entrante: 0.0, efficienza: 35.999999999999986 %
Demand del real Source[8]: -10.5, flusso erogato: 0.0, flusso entrante: 0.0, efficienza: 0.0 %
Demand del real Source[9]: -7.1, flusso erogato: 17.259999999999998, flusso entrante: 10.159999999999997, efficienza: 243.09859154929575 %
Demand del real Source[17]: -25.0, flusso erogato: 25.000000000000007, flusso entrante: 0.0, efficienza: 100.00000000000003 %
Flusso totale entrante nei Real Source: 10.159999999999997
Flusso totale uscente dai Real Source: 53.42
Flusso netto sui real Source: -43.260000000000005
--- SINKS STATISTICS ---
Sink 3 SODDISFATTO. Flusso netto: 3.429999999999999, Demand: 3.43, percentage: 99.99999999999997
Sink 4 SODDISFATTO. Flusso netto: 0.5700000000000003, Demand: 0.57, percentage: 100.00000000000007
Sink 5 SODDISFATTO. Flusso netto: 0.6599999999999993, Demand: 0.66, percentage: 99.99999999999987
Sink 11 SODDISFATTO. Flusso netto: 1.0300000000000011, Demand: 1.03, percentage: 100.00000000000011
Sink 15 SODDISFATTO. Flusso netto: 0.4600000000000044, Demand: 0.46, percentage: 100.00000000000095
Sink 16 SODDISFATTO. Flusso netto: 8.399999999999993, Demand: 8.4, percentage: 99.99999999999991
Sink 19 SODDISFATTO. Flusso netto: 0.5399999999999938, Demand: 0.54, percentage: 99.99999999999885
Sink 23 SODDISFATTO. Flusso netto: 0.5999999999999996, Demand: 0.6, percentage: 99.99999999999994
Sink 24 SODDISFATTO. Flusso netto: 0.8000000000000007, Demand: 0.8, percentage: 100.00000000000009
Sink 25 SODDISFATTO. Flusso netto: 3.5, Demand: 3.5, percentage: 100.0
Sink 26 SODDISFATTO. Flusso netto: 6.000000000000007, Demand: 6.0, percentage: 100.00000000000011
Sink 28 SODDISFATTO. Flusso netto: 0.4, Demand: 0.4, percentage: 100.0
Sink 30 SODDISFATTO. Flusso netto: 0.9799999999999933, Demand: 0.98, percentage: 99.99999999999932
Sink 31 SODDISFATTO. Flusso netto: 0.3999999999999999, Demand: 0.4, percentage: 99.99999999999997
Sink 32 SODDISFATTO. Flusso netto: 0.9999999999999989, Demand: 1.0, percentage: 99.99999999999989
Sink 34 SODDISFATTO. Flusso netto: 1.7400000000000002, Demand: 1.74, percentage: 100.00000000000003
Sink 35 SODDISFATTO. Flusso netto: 1.3, Demand: 1.3, percentage: 100.0
Sink 37 SODDISFATTO. Flusso netto: 1.0, Demand: 1.0, percentage: 100.0
Sink 39 SODDISFATTO. Flusso netto: 0.40000000000000036, Demand: 0.4, percentage: 100.00000000000009
Sink 40 SODDISFATTO. Flusso netto: 0.5, Demand: 0.5, percentage: 100.0
Sink 41 SODDISFATTO. Flusso netto: 1.0599999999999996, Demand: 1.06, percentage: 99.99999999999996
Sink 42 SODDISFATTO. Flusso netto: 2.820000000000001, Demand: 2.82, percentage: 100.00000000000004
Sink 45 SODDISFATTO. Flusso netto: 0.6800000000000002, Demand: 0.68, percentage: 100.00000000000003
Sink 46 SODDISFATTO. Flusso netto: 1.17, Demand: 1.17, percentage: 100.0
Sink 49 non è soddisfatto. Flusso netto: 3.8200000000000003, Demand: 7.0, percentage: 54.57142857142857
Flusso totale entrante nei SINK: 88.47
Flusso totale uscente nei SINK: 45.21000000000001
Flusso totale netto nei SINK: 43.25999999999999
Total DEMAND dei SINK: 46.44
Percentual di flusso ai SINK: 0.9315245478036174
Numero di Sink soddisfatti: 24.0, numero totale di sink: 25.0
Percentuale di Sink soddisfatti: 0.96

---------------------------------- DAY 218

Update Fixed Elements from Intrinsic Faults
Update Fixed Elements from Heavy Faults
Update Fixed Elements from Attack
Propagate Intrinsic Fault
Node NODO_10 has still failing due to Intrinsic Fault
pipeline ARCO_17 still has reduced capacity: 0.0 due to Intrinsic Fault
pipeline ARCO_88 still has reduced capacity: 0.0 due to Intrinsic Fault
pipeline ARCO_89 still has reduced capacity: 0.0 due to Intrinsic Fault
pipeline V_EDGE_53_8 still has reduced capacity: 0.0 due to Intrinsic Fault
pipeline ARCO_18 still has reduced capacity: 0.0 due to Intrinsic Fault
pipeline ARCO_19 still has reduced capacity: 0.0 due to Intrinsic Fault
pipeline ARCO_87 still has reduced capacity: 0.0 due to Intrinsic Fault
Propagate Heavy Faults
Propagate Attacks
Inject Intrinsic Failure To Source
Inject Heavy Fault To Sources
Inject Attack Multiple To Source
Inject Intrinsic Fault To Pipeline
Inject Heavy Fault To Pipeline
Inject Attack To Pipeline
----------- Statistics ------------
	Sources Under Attack: 0
	Sources with Heavy Fault: 0
	Sources with Intrinsic Fault: 1
	Arcs with reduce capacity due to Attack: 0
	Arcs with reduce capacity due to Heavy Fault: 0
	Arcs with reduce capacity due to Intrinsic Fault: 7
	Arcs with Attacks: 0
	Arcs with Heavy Fault: 0
	Arcs with Intrinsic Fault: 0
--------- SOURCES STATISTICS ---------------
Demand del real Source[0]: -31.0, flusso erogato: 11.159999999999997, flusso entrante: 0.0, efficienza: 35.999999999999986 %
Demand del real Source[8]: -10.5, flusso erogato: 0.0, flusso entrante: 0.0, efficienza: 0.0 %
Demand del real Source[9]: -7.1, flusso erogato: 17.259999999999998, flusso entrante: 10.159999999999997, efficienza: 243.09859154929575 %
Demand del real Source[17]: -25.0, flusso erogato: 25.000000000000007, flusso entrante: 0.0, efficienza: 100.00000000000003 %
Flusso totale entrante nei Real Source: 10.159999999999997
Flusso totale uscente dai Real Source: 53.42
Flusso netto sui real Source: -43.260000000000005
--- SINKS STATISTICS ---
Sink 3 SODDISFATTO. Flusso netto: 3.429999999999999, Demand: 3.43, percentage: 99.99999999999997
Sink 4 SODDISFATTO. Flusso netto: 0.5700000000000003, Demand: 0.57, percentage: 100.00000000000007
Sink 5 SODDISFATTO. Flusso netto: 0.6599999999999993, Demand: 0.66, percentage: 99.99999999999987
Sink 11 SODDISFATTO. Flusso netto: 1.0300000000000011, Demand: 1.03, percentage: 100.00000000000011
Sink 15 SODDISFATTO. Flusso netto: 0.4600000000000044, Demand: 0.46, percentage: 100.00000000000095
Sink 16 SODDISFATTO. Flusso netto: 8.399999999999993, Demand: 8.4, percentage: 99.99999999999991
Sink 19 SODDISFATTO. Flusso netto: 0.5399999999999938, Demand: 0.54, percentage: 99.99999999999885
Sink 23 SODDISFATTO. Flusso netto: 0.5999999999999996, Demand: 0.6, percentage: 99.99999999999994
Sink 24 SODDISFATTO. Flusso netto: 0.8000000000000007, Demand: 0.8, percentage: 100.00000000000009
Sink 25 SODDISFATTO. Flusso netto: 3.5, Demand: 3.5, percentage: 100.0
Sink 26 SODDISFATTO. Flusso netto: 6.000000000000007, Demand: 6.0, percentage: 100.00000000000011
Sink 28 SODDISFATTO. Flusso netto: 0.4, Demand: 0.4, percentage: 100.0
Sink 30 SODDISFATTO. Flusso netto: 0.9799999999999933, Demand: 0.98, percentage: 99.99999999999932
Sink 31 SODDISFATTO. Flusso netto: 0.3999999999999999, Demand: 0.4, percentage: 99.99999999999997
Sink 32 SODDISFATTO. Flusso netto: 0.9999999999999989, Demand: 1.0, percentage: 99.99999999999989
Sink 34 SODDISFATTO. Flusso netto: 1.7400000000000002, Demand: 1.74, percentage: 100.00000000000003
Sink 35 SODDISFATTO. Flusso netto: 1.3, Demand: 1.3, percentage: 100.0
Sink 37 SODDISFATTO. Flusso netto: 1.0, Demand: 1.0, percentage: 100.0
Sink 39 SODDISFATTO. Flusso netto: 0.40000000000000036, Demand: 0.4, percentage: 100.00000000000009
Sink 40 SODDISFATTO. Flusso netto: 0.5, Demand: 0.5, percentage: 100.0
Sink 41 SODDISFATTO. Flusso netto: 1.0599999999999996, Demand: 1.06, percentage: 99.99999999999996
Sink 42 SODDISFATTO. Flusso netto: 2.820000000000001, Demand: 2.82, percentage: 100.00000000000004
Sink 45 SODDISFATTO. Flusso netto: 0.6800000000000002, Demand: 0.68, percentage: 100.00000000000003
Sink 46 SODDISFATTO. Flusso netto: 1.17, Demand: 1.17, percentage: 100.0
Sink 49 non è soddisfatto. Flusso netto: 3.8200000000000003, Demand: 7.0, percentage: 54.57142857142857
Flusso totale entrante nei SINK: 88.47
Flusso totale uscente nei SINK: 45.21000000000001
Flusso totale netto nei SINK: 43.25999999999999
Total DEMAND dei SINK: 46.44
Percentual di flusso ai SINK: 0.9315245478036174
Numero di Sink soddisfatti: 24.0, numero totale di sink: 25.0
Percentuale di Sink soddisfatti: 0.96

---------------------------------- DAY 219

Update Fixed Elements from Intrinsic Faults
Source NODO_10 fixed from Intrinsic Fault
Pipeline ARCO_17 fixed due to Source NODO_10 fixing from Intrinsic Fault
Pipeline ARCO_88 fixed due to Source NODO_10 fixing from Intrinsic Fault
Pipeline ARCO_89 fixed due to Source NODO_10 fixing from Intrinsic Fault
Pipeline V_EDGE_53_8 fixed due to Source NODO_10 fixing from Intrinsic Fault
Pipeline ARCO_18 fixed due to Source NODO_10 fixing from Intrinsic Fault
Pipeline ARCO_19 fixed due to Source NODO_10 fixing from Intrinsic Fault
Pipeline ARCO_87 fixed due to Source NODO_10 fixing from Intrinsic Fault
Update Fixed Elements from Heavy Faults
Update Fixed Elements from Attack
Propagate Intrinsic Fault
Propagate Heavy Faults
Propagate Attacks
Inject Intrinsic Failure To Source
Source NODO_2 is failing for an Intrinsic Fault in day: 219
pipeline ARCO_70 has reduced capacity due to NODO_2 Intrinsic fault
pipeline V_EDGE_53_0 has reduced capacity due to NODO_2 Intrinsic fault
pipeline ARCO_0 has reduced capacity due to NODO_2 Intrinsic fault
Inject Heavy Fault To Sources
Inject Attack Multiple To Source
Inject Intrinsic Fault To Pipeline
Inject Heavy Fault To Pipeline
Inject Attack To Pipeline
----------- Statistics ------------
	Sources Under Attack: 0
	Sources with Heavy Fault: 0
	Sources with Intrinsic Fault: 1
	Arcs with reduce capacity due to Attack: 0
	Arcs with reduce capacity due to Heavy Fault: 0
	Arcs with reduce capacity due to Intrinsic Fault: 3
	Arcs with Attacks: 0
	Arcs with Heavy Fault: 0
	Arcs with Intrinsic Fault: 0
--------- SOURCES STATISTICS ---------------
Demand del real Source[0]: -31.0, flusso erogato: 8.069999999999997, flusso entrante: 0.0, efficienza: 26.032258064516117 %
Demand del real Source[8]: -10.5, flusso erogato: 3.8600000000000003, flusso entrante: 0.0, efficienza: 36.76190476190476 %
Demand del real Source[9]: -7.1, flusso erogato: 14.169999999999996, flusso entrante: 7.070000000000007, efficienza: 199.57746478873236 %
Demand del real Source[17]: -25.0, flusso erogato: 25.000000000000007, flusso entrante: 0.0, efficienza: 100.00000000000003 %
Flusso totale entrante nei Real Source: 7.070000000000007
Flusso totale uscente dai Real Source: 51.1
Flusso netto sui real Source: -44.029999999999994
--- SINKS STATISTICS ---
Sink 3 SODDISFATTO. Flusso netto: 3.4299999999999997, Demand: 3.43, percentage: 99.99999999999999
Sink 4 SODDISFATTO. Flusso netto: 0.5700000000000003, Demand: 0.57, percentage: 100.00000000000007
Sink 5 SODDISFATTO. Flusso netto: 0.6600000000000019, Demand: 0.66, percentage: 100.00000000000028
Sink 11 SODDISFATTO. Flusso netto: 1.03, Demand: 1.03, percentage: 100.0
Sink 15 SODDISFATTO. Flusso netto: 0.4600000000000044, Demand: 0.46, percentage: 100.00000000000095
Sink 16 SODDISFATTO. Flusso netto: 8.399999999999993, Demand: 8.4, percentage: 99.99999999999991
Sink 19 SODDISFATTO. Flusso netto: 0.5399999999999938, Demand: 0.54, percentage: 99.99999999999885
Sink 23 SODDISFATTO. Flusso netto: 0.5999999999999996, Demand: 0.6, percentage: 99.99999999999994
Sink 24 SODDISFATTO. Flusso netto: 0.8000000000000007, Demand: 0.8, percentage: 100.00000000000009
Sink 25 SODDISFATTO. Flusso netto: 3.5, Demand: 3.5, percentage: 100.0
Sink 26 SODDISFATTO. Flusso netto: 6.000000000000007, Demand: 6.0, percentage: 100.00000000000011
Sink 28 SODDISFATTO. Flusso netto: 0.4, Demand: 0.4, percentage: 100.0
Sink 30 SODDISFATTO. Flusso netto: 0.9799999999999933, Demand: 0.98, percentage: 99.99999999999932
Sink 31 SODDISFATTO. Flusso netto: 0.3999999999999999, Demand: 0.4, percentage: 99.99999999999997
Sink 32 SODDISFATTO. Flusso netto: 0.9999999999999989, Demand: 1.0, percentage: 99.99999999999989
Sink 34 SODDISFATTO. Flusso netto: 1.7400000000000002, Demand: 1.74, percentage: 100.00000000000003
Sink 35 SODDISFATTO. Flusso netto: 1.3, Demand: 1.3, percentage: 100.0
Sink 37 SODDISFATTO. Flusso netto: 1.0, Demand: 1.0, percentage: 100.0
Sink 39 SODDISFATTO. Flusso netto: 0.40000000000000036, Demand: 0.4, percentage: 100.00000000000009
Sink 40 SODDISFATTO. Flusso netto: 0.5, Demand: 0.5, percentage: 100.0
Sink 41 SODDISFATTO. Flusso netto: 1.0600000000000005, Demand: 1.06, percentage: 100.00000000000004
Sink 42 SODDISFATTO. Flusso netto: 2.8200000000000007, Demand: 2.82, percentage: 100.00000000000003
Sink 45 SODDISFATTO. Flusso netto: 0.6800000000000002, Demand: 0.68, percentage: 100.00000000000003
Sink 46 SODDISFATTO. Flusso netto: 1.17, Demand: 1.17, percentage: 100.0
Sink 49 non è soddisfatto. Flusso netto: 4.59, Demand: 7.0, percentage: 65.57142857142857
Flusso totale entrante nei SINK: 86.46000000000001
Flusso totale uscente nei SINK: 42.430000000000014
Flusso totale netto nei SINK: 44.029999999999994
Total DEMAND dei SINK: 46.44
Percentual di flusso ai SINK: 0.9481050818260119
Numero di Sink soddisfatti: 24.0, numero totale di sink: 25.0
Percentuale di Sink soddisfatti: 0.96

---------------------------------- DAY 220

Update Fixed Elements from Intrinsic Faults
Update Fixed Elements from Heavy Faults
Update Fixed Elements from Attack
Propagate Intrinsic Fault
Node NODO_2 has still failing due to Intrinsic Fault
pipeline ARCO_70 still has reduced capacity: 24.8 due to Intrinsic Fault
pipeline V_EDGE_53_0 still has reduced capacity: 24.8 due to Intrinsic Fault
pipeline ARCO_0 still has reduced capacity: 24.8 due to Intrinsic Fault
Propagate Heavy Faults
Propagate Attacks
Inject Intrinsic Failure To Source
Inject Heavy Fault To Sources
Inject Attack Multiple To Source
Inject Intrinsic Fault To Pipeline
Inject Heavy Fault To Pipeline
Inject Attack To Pipeline
----------- Statistics ------------
	Sources Under Attack: 0
	Sources with Heavy Fault: 0
	Sources with Intrinsic Fault: 1
	Arcs with reduce capacity due to Attack: 0
	Arcs with reduce capacity due to Heavy Fault: 0
	Arcs with reduce capacity due to Intrinsic Fault: 3
	Arcs with Attacks: 0
	Arcs with Heavy Fault: 0
	Arcs with Intrinsic Fault: 0
--------- SOURCES STATISTICS ---------------
Demand del real Source[0]: -31.0, flusso erogato: 8.069999999999997, flusso entrante: 0.0, efficienza: 26.032258064516117 %
Demand del real Source[8]: -10.5, flusso erogato: 3.8600000000000003, flusso entrante: 0.0, efficienza: 36.76190476190476 %
Demand del real Source[9]: -7.1, flusso erogato: 14.169999999999996, flusso entrante: 7.070000000000007, efficienza: 199.57746478873236 %
Demand del real Source[17]: -25.0, flusso erogato: 25.000000000000007, flusso entrante: 0.0, efficienza: 100.00000000000003 %
Flusso totale entrante nei Real Source: 7.070000000000007
Flusso totale uscente dai Real Source: 51.1
Flusso netto sui real Source: -44.029999999999994
--- SINKS STATISTICS ---
Sink 3 SODDISFATTO. Flusso netto: 3.4299999999999997, Demand: 3.43, percentage: 99.99999999999999
Sink 4 SODDISFATTO. Flusso netto: 0.5700000000000003, Demand: 0.57, percentage: 100.00000000000007
Sink 5 SODDISFATTO. Flusso netto: 0.6600000000000019, Demand: 0.66, percentage: 100.00000000000028
Sink 11 SODDISFATTO. Flusso netto: 1.03, Demand: 1.03, percentage: 100.0
Sink 15 SODDISFATTO. Flusso netto: 0.4600000000000044, Demand: 0.46, percentage: 100.00000000000095
Sink 16 SODDISFATTO. Flusso netto: 8.399999999999993, Demand: 8.4, percentage: 99.99999999999991
Sink 19 SODDISFATTO. Flusso netto: 0.5399999999999938, Demand: 0.54, percentage: 99.99999999999885
Sink 23 SODDISFATTO. Flusso netto: 0.5999999999999996, Demand: 0.6, percentage: 99.99999999999994
Sink 24 SODDISFATTO. Flusso netto: 0.8000000000000007, Demand: 0.8, percentage: 100.00000000000009
Sink 25 SODDISFATTO. Flusso netto: 3.5, Demand: 3.5, percentage: 100.0
Sink 26 SODDISFATTO. Flusso netto: 6.000000000000007, Demand: 6.0, percentage: 100.00000000000011
Sink 28 SODDISFATTO. Flusso netto: 0.4, Demand: 0.4, percentage: 100.0
Sink 30 SODDISFATTO. Flusso netto: 0.9799999999999933, Demand: 0.98, percentage: 99.99999999999932
Sink 31 SODDISFATTO. Flusso netto: 0.3999999999999999, Demand: 0.4, percentage: 99.99999999999997
Sink 32 SODDISFATTO. Flusso netto: 0.9999999999999989, Demand: 1.0, percentage: 99.99999999999989
Sink 34 SODDISFATTO. Flusso netto: 1.7400000000000002, Demand: 1.74, percentage: 100.00000000000003
Sink 35 SODDISFATTO. Flusso netto: 1.3, Demand: 1.3, percentage: 100.0
Sink 37 SODDISFATTO. Flusso netto: 1.0, Demand: 1.0, percentage: 100.0
Sink 39 SODDISFATTO. Flusso netto: 0.40000000000000036, Demand: 0.4, percentage: 100.00000000000009
Sink 40 SODDISFATTO. Flusso netto: 0.5, Demand: 0.5, percentage: 100.0
Sink 41 SODDISFATTO. Flusso netto: 1.0600000000000005, Demand: 1.06, percentage: 100.00000000000004
Sink 42 SODDISFATTO. Flusso netto: 2.8200000000000007, Demand: 2.82, percentage: 100.00000000000003
Sink 45 SODDISFATTO. Flusso netto: 0.6800000000000002, Demand: 0.68, percentage: 100.00000000000003
Sink 46 SODDISFATTO. Flusso netto: 1.17, Demand: 1.17, percentage: 100.0
Sink 49 non è soddisfatto. Flusso netto: 4.59, Demand: 7.0, percentage: 65.57142857142857
Flusso totale entrante nei SINK: 86.46000000000001
Flusso totale uscente nei SINK: 42.430000000000014
Flusso totale netto nei SINK: 44.029999999999994
Total DEMAND dei SINK: 46.44
Percentual di flusso ai SINK: 0.9481050818260119
Numero di Sink soddisfatti: 24.0, numero totale di sink: 25.0
Percentuale di Sink soddisfatti: 0.96

---------------------------------- DAY 221

Update Fixed Elements from Intrinsic Faults
Update Fixed Elements from Heavy Faults
Update Fixed Elements from Attack
Propagate Intrinsic Fault
Node NODO_2 has still failing due to Intrinsic Fault
pipeline ARCO_70 still has reduced capacity: 24.8 due to Intrinsic Fault
pipeline V_EDGE_53_0 still has reduced capacity: 24.8 due to Intrinsic Fault
pipeline ARCO_0 still has reduced capacity: 24.8 due to Intrinsic Fault
Propagate Heavy Faults
Propagate Attacks
Inject Intrinsic Failure To Source
Source NODO_19 is failing for an Intrinsic Fault in day: 221
pipeline ARCO_35 has reduced capacity due to NODO_19 Intrinsic fault
pipeline ARCO_109 has reduced capacity due to NODO_19 Intrinsic fault
pipeline ARCO_110 has reduced capacity due to NODO_19 Intrinsic fault
pipeline V_EDGE_53_17 has reduced capacity due to NODO_19 Intrinsic fault
pipeline ARCO_39 has reduced capacity due to NODO_19 Intrinsic fault
pipeline ARCO_40 has reduced capacity due to NODO_19 Intrinsic fault
pipeline ARCO_105 has reduced capacity due to NODO_19 Intrinsic fault
Inject Heavy Fault To Sources
Inject Attack Multiple To Source
Inject Intrinsic Fault To Pipeline
Inject Heavy Fault To Pipeline
Inject Attack To Pipeline
----------- Statistics ------------
	Sources Under Attack: 0
	Sources with Heavy Fault: 0
	Sources with Intrinsic Fault: 2
	Arcs with reduce capacity due to Attack: 0
	Arcs with reduce capacity due to Heavy Fault: 0
	Arcs with reduce capacity due to Intrinsic Fault: 10
	Arcs with Attacks: 0
	Arcs with Heavy Fault: 0
	Arcs with Intrinsic Fault: 0
--------- SOURCES STATISTICS ---------------
Demand del real Source[0]: -31.0, flusso erogato: 9.79, flusso entrante: 0.0, efficienza: 31.58064516129032 %
Demand del real Source[8]: -10.5, flusso erogato: 7.45, flusso entrante: 0.0, efficienza: 70.95238095238095 %
Demand del real Source[9]: -7.1, flusso erogato: 15.889999999999999, flusso entrante: 8.790000000000006, efficienza: 223.80281690140845 %
Demand del real Source[17]: -25.0, flusso erogato: 0.0, flusso entrante: 0.0, efficienza: 0.0 %
Flusso totale entrante nei Real Source: 8.790000000000006
Flusso totale uscente dai Real Source: 33.13
Flusso netto sui real Source: -24.339999999999996
--- SINKS STATISTICS ---
Sink 3 SODDISFATTO. Flusso netto: 3.4299999999999997, Demand: 3.43, percentage: 99.99999999999999
Sink 4 SODDISFATTO. Flusso netto: 0.5700000000000003, Demand: 0.57, percentage: 100.00000000000007
Sink 5 SODDISFATTO. Flusso netto: 0.6600000000000019, Demand: 0.66, percentage: 100.00000000000028
Sink 11 SODDISFATTO. Flusso netto: 1.0299999999999978, Demand: 1.03, percentage: 99.99999999999979
Sink 15 SODDISFATTO. Flusso netto: 0.46000000000000263, Demand: 0.46, percentage: 100.00000000000058
Sink 16 non è soddisfatto. Flusso netto: 2.83, Demand: 8.4, percentage: 33.69047619047619
Sink 19 non è soddisfatto. Flusso netto: 0.0, Demand: 0.54, percentage: 0.0
Sink 23 non è soddisfatto. Flusso netto: 0.0, Demand: 0.6, percentage: 0.0
Sink 24 non è soddisfatto. Flusso netto: 0.0, Demand: 0.8, percentage: 0.0
Sink 25 non è soddisfatto. Flusso netto: 0.0, Demand: 3.5, percentage: 0.0
Sink 26 non è soddisfatto. Flusso netto: 0.0, Demand: 6.0, percentage: 0.0
Sink 28 non è soddisfatto. Flusso netto: 0.0, Demand: 0.4, percentage: 0.0
Sink 30 non è soddisfatto. Flusso netto: 0.0, Demand: 0.98, percentage: 0.0
Sink 31 non è soddisfatto. Flusso netto: 0.0, Demand: 0.4, percentage: 0.0
Sink 32 SODDISFATTO. Flusso netto: 1.0, Demand: 1.0, percentage: 100.0
Sink 34 SODDISFATTO. Flusso netto: 1.7400000000000002, Demand: 1.74, percentage: 100.00000000000003
Sink 35 SODDISFATTO. Flusso netto: 1.3, Demand: 1.3, percentage: 100.0
Sink 37 SODDISFATTO. Flusso netto: 1.0, Demand: 1.0, percentage: 100.0
Sink 39 non è soddisfatto. Flusso netto: 0.0, Demand: 0.4, percentage: 0.0
Sink 40 non è soddisfatto. Flusso netto: 0.0, Demand: 0.5, percentage: 0.0
Sink 41 SODDISFATTO. Flusso netto: 1.0600000000000005, Demand: 1.06, percentage: 100.00000000000004
Sink 42 SODDISFATTO. Flusso netto: 2.8200000000000007, Demand: 2.82, percentage: 100.00000000000003
Sink 45 SODDISFATTO. Flusso netto: 0.6800000000000002, Demand: 0.68, percentage: 100.00000000000003
Sink 46 SODDISFATTO. Flusso netto: 1.17, Demand: 1.17, percentage: 100.0
Sink 49 non è soddisfatto. Flusso netto: 4.59, Demand: 7.0, percentage: 65.57142857142857
Flusso totale entrante nei SINK: 43.980000000000004
Flusso totale uscente nei SINK: 19.639999999999997
Flusso totale netto nei SINK: 24.340000000000007
Total DEMAND dei SINK: 46.44
Percentual di flusso ai SINK: 0.5241171403962104
Numero di Sink soddisfatti: 13.0, numero totale di sink: 25.0
Percentuale di Sink soddisfatti: 0.52

---------------------------------- DAY 222

Update Fixed Elements from Intrinsic Faults
Source NODO_2 fixed from Intrinsic Fault
Pipeline ARCO_70 fixed due to Source NODO_2 fixing from Intrinsic Fault
Pipeline V_EDGE_53_0 fixed due to Source NODO_2 fixing from Intrinsic Fault
Pipeline ARCO_0 fixed due to Source NODO_2 fixing from Intrinsic Fault
Update Fixed Elements from Heavy Faults
Update Fixed Elements from Attack
Propagate Intrinsic Fault
Node NODO_19 has still failing due to Intrinsic Fault
pipeline ARCO_35 still has reduced capacity: 0.0 due to Intrinsic Fault
pipeline ARCO_109 still has reduced capacity: 0.0 due to Intrinsic Fault
pipeline ARCO_110 still has reduced capacity: 0.0 due to Intrinsic Fault
pipeline V_EDGE_53_17 still has reduced capacity: 0.0 due to Intrinsic Fault
pipeline ARCO_39 still has reduced capacity: 0.0 due to Intrinsic Fault
pipeline ARCO_40 still has reduced capacity: 0.0 due to Intrinsic Fault
pipeline ARCO_105 still has reduced capacity: 0.0 due to Intrinsic Fault
Propagate Heavy Faults
Propagate Attacks
Inject Intrinsic Failure To Source
Source NODO_11 is failing for an Intrinsic Fault in day: 222
pipeline ARCO_3 has reduced capacity due to NODO_11 Intrinsic fault
pipeline ARCO_90 has reduced capacity due to NODO_11 Intrinsic fault
pipeline ARCO_91 has reduced capacity due to NODO_11 Intrinsic fault
pipeline ARCO_92 has reduced capacity due to NODO_11 Intrinsic fault
pipeline V_EDGE_53_9 has reduced capacity due to NODO_11 Intrinsic fault
pipeline ARCO_20 has reduced capacity due to NODO_11 Intrinsic fault
pipeline ARCO_21 has reduced capacity due to NODO_11 Intrinsic fault
pipeline ARCO_22 has reduced capacity due to NODO_11 Intrinsic fault
pipeline ARCO_73 has reduced capacity due to NODO_11 Intrinsic fault
Inject Heavy Fault To Sources
Inject Attack Multiple To Source
Inject Intrinsic Fault To Pipeline
Inject Heavy Fault To Pipeline
Inject Attack To Pipeline
----------- Statistics ------------
	Sources Under Attack: 0
	Sources with Heavy Fault: 0
	Sources with Intrinsic Fault: 2
	Arcs with reduce capacity due to Attack: 0
	Arcs with reduce capacity due to Heavy Fault: 0
	Arcs with reduce capacity due to Intrinsic Fault: 16
	Arcs with Attacks: 0
	Arcs with Heavy Fault: 0
	Arcs with Intrinsic Fault: 0
--------- SOURCES STATISTICS ---------------
Demand del real Source[0]: -31.0, flusso erogato: 10.049999999999997, flusso entrante: 0.0, efficienza: 32.419354838709666 %
Demand del real Source[8]: -10.5, flusso erogato: 7.85, flusso entrante: 0.0, efficienza: 74.76190476190476 %
Demand del real Source[9]: -7.1, flusso erogato: 14.729999999999999, flusso entrante: 9.050000000000004, efficienza: 207.46478873239437 %
Demand del real Source[17]: -25.0, flusso erogato: 0.0, flusso entrante: 0.0, efficienza: 0.0 %
Flusso totale entrante nei Real Source: 9.050000000000004
Flusso totale uscente dai Real Source: 32.63
Flusso netto sui real Source: -23.58
--- SINKS STATISTICS ---
Sink 3 SODDISFATTO. Flusso netto: 3.4299999999999997, Demand: 3.43, percentage: 99.99999999999999
Sink 4 SODDISFATTO. Flusso netto: 0.5700000000000003, Demand: 0.57, percentage: 100.00000000000007
Sink 5 SODDISFATTO. Flusso netto: 0.6600000000000001, Demand: 0.66, percentage: 100.00000000000003
Sink 11 SODDISFATTO. Flusso netto: 1.0299999999999978, Demand: 1.03, percentage: 99.99999999999979
Sink 15 SODDISFATTO. Flusso netto: 0.46000000000000263, Demand: 0.46, percentage: 100.00000000000058
Sink 16 non è soddisfatto. Flusso netto: 2.83, Demand: 8.4, percentage: 33.69047619047619
Sink 19 non è soddisfatto. Flusso netto: 0.0, Demand: 0.54, percentage: 0.0
Sink 23 non è soddisfatto. Flusso netto: 0.0, Demand: 0.6, percentage: 0.0
Sink 24 non è soddisfatto. Flusso netto: 0.0, Demand: 0.8, percentage: 0.0
Sink 25 non è soddisfatto. Flusso netto: 0.0, Demand: 3.5, percentage: 0.0
Sink 26 non è soddisfatto. Flusso netto: 0.0, Demand: 6.0, percentage: 0.0
Sink 28 non è soddisfatto. Flusso netto: 0.0, Demand: 0.4, percentage: 0.0
Sink 30 non è soddisfatto. Flusso netto: 0.0, Demand: 0.98, percentage: 0.0
Sink 31 non è soddisfatto. Flusso netto: 0.0, Demand: 0.4, percentage: 0.0
Sink 32 SODDISFATTO. Flusso netto: 1.0000000000000009, Demand: 1.0, percentage: 100.00000000000009
Sink 34 SODDISFATTO. Flusso netto: 1.7400000000000002, Demand: 1.74, percentage: 100.00000000000003
Sink 35 SODDISFATTO. Flusso netto: 1.3, Demand: 1.3, percentage: 100.0
Sink 37 SODDISFATTO. Flusso netto: 1.0, Demand: 1.0, percentage: 100.0
Sink 39 non è soddisfatto. Flusso netto: 0.0, Demand: 0.4, percentage: 0.0
Sink 40 non è soddisfatto. Flusso netto: 0.0, Demand: 0.5, percentage: 0.0
Sink 41 SODDISFATTO. Flusso netto: 1.0600000000000005, Demand: 1.06, percentage: 100.00000000000004
Sink 42 SODDISFATTO. Flusso netto: 2.819999999999999, Demand: 2.82, percentage: 99.99999999999997
Sink 45 SODDISFATTO. Flusso netto: 0.6800000000000002, Demand: 0.68, percentage: 100.00000000000003
Sink 46 SODDISFATTO. Flusso netto: 1.17, Demand: 1.17, percentage: 100.0
Sink 49 non è soddisfatto. Flusso netto: 3.83, Demand: 7.0, percentage: 54.714285714285715
Flusso totale entrante nei SINK: 42.402
Flusso totale uscente nei SINK: 18.822000000000003
Flusso totale netto nei SINK: 23.58
Total DEMAND dei SINK: 46.44
Percentual di flusso ai SINK: 0.5077519379844961
Numero di Sink soddisfatti: 13.0, numero totale di sink: 25.0
Percentuale di Sink soddisfatti: 0.52

---------------------------------- DAY 223

Update Fixed Elements from Intrinsic Faults
Update Fixed Elements from Heavy Faults
Update Fixed Elements from Attack
Propagate Intrinsic Fault
Node NODO_19 has still failing due to Intrinsic Fault
Node NODO_11 has still failing due to Intrinsic Fault
pipeline ARCO_35 still has reduced capacity: 0.0 due to Intrinsic Fault
pipeline ARCO_109 still has reduced capacity: 0.0 due to Intrinsic Fault
pipeline ARCO_110 still has reduced capacity: 0.0 due to Intrinsic Fault
pipeline V_EDGE_53_17 still has reduced capacity: 0.0 due to Intrinsic Fault
pipeline ARCO_39 still has reduced capacity: 0.0 due to Intrinsic Fault
pipeline ARCO_40 still has reduced capacity: 0.0 due to Intrinsic Fault
pipeline ARCO_105 still has reduced capacity: 0.0 due to Intrinsic Fault
pipeline ARCO_3 still has reduced capacity: 9.688 due to Intrinsic Fault
pipeline ARCO_90 still has reduced capacity: 1.6 due to Intrinsic Fault
pipeline ARCO_91 still has reduced capacity: 9.688 due to Intrinsic Fault
pipeline ARCO_92 still has reduced capacity: 39.328 due to Intrinsic Fault
pipeline V_EDGE_53_9 still has reduced capacity: 5.68 due to Intrinsic Fault
pipeline ARCO_20 still has reduced capacity: 1.6 due to Intrinsic Fault
pipeline ARCO_21 still has reduced capacity: 9.688 due to Intrinsic Fault
pipeline ARCO_22 still has reduced capacity: 39.328 due to Intrinsic Fault
pipeline ARCO_73 still has reduced capacity: 9.688 due to Intrinsic Fault
Propagate Heavy Faults
Propagate Attacks
Inject Intrinsic Failure To Source
Inject Heavy Fault To Sources
Inject Attack Multiple To Source
Inject Intrinsic Fault To Pipeline
Inject Heavy Fault To Pipeline
Inject Attack To Pipeline
----------- Statistics ------------
	Sources Under Attack: 0
	Sources with Heavy Fault: 0
	Sources with Intrinsic Fault: 2
	Arcs with reduce capacity due to Attack: 0
	Arcs with reduce capacity due to Heavy Fault: 0
	Arcs with reduce capacity due to Intrinsic Fault: 16
	Arcs with Attacks: 0
	Arcs with Heavy Fault: 0
	Arcs with Intrinsic Fault: 0
--------- SOURCES STATISTICS ---------------
Demand del real Source[0]: -31.0, flusso erogato: 10.049999999999997, flusso entrante: 0.0, efficienza: 32.419354838709666 %
Demand del real Source[8]: -10.5, flusso erogato: 7.85, flusso entrante: 0.0, efficienza: 74.76190476190476 %
Demand del real Source[9]: -7.1, flusso erogato: 14.729999999999999, flusso entrante: 9.050000000000004, efficienza: 207.46478873239437 %
Demand del real Source[17]: -25.0, flusso erogato: 0.0, flusso entrante: 0.0, efficienza: 0.0 %
Flusso totale entrante nei Real Source: 9.050000000000004
Flusso totale uscente dai Real Source: 32.63
Flusso netto sui real Source: -23.58
--- SINKS STATISTICS ---
Sink 3 SODDISFATTO. Flusso netto: 3.4299999999999997, Demand: 3.43, percentage: 99.99999999999999
Sink 4 SODDISFATTO. Flusso netto: 0.5700000000000003, Demand: 0.57, percentage: 100.00000000000007
Sink 5 SODDISFATTO. Flusso netto: 0.6600000000000001, Demand: 0.66, percentage: 100.00000000000003
Sink 11 SODDISFATTO. Flusso netto: 1.0299999999999978, Demand: 1.03, percentage: 99.99999999999979
Sink 15 SODDISFATTO. Flusso netto: 0.46000000000000263, Demand: 0.46, percentage: 100.00000000000058
Sink 16 non è soddisfatto. Flusso netto: 2.83, Demand: 8.4, percentage: 33.69047619047619
Sink 19 non è soddisfatto. Flusso netto: 0.0, Demand: 0.54, percentage: 0.0
Sink 23 non è soddisfatto. Flusso netto: 0.0, Demand: 0.6, percentage: 0.0
Sink 24 non è soddisfatto. Flusso netto: 0.0, Demand: 0.8, percentage: 0.0
Sink 25 non è soddisfatto. Flusso netto: 0.0, Demand: 3.5, percentage: 0.0
Sink 26 non è soddisfatto. Flusso netto: 0.0, Demand: 6.0, percentage: 0.0
Sink 28 non è soddisfatto. Flusso netto: 0.0, Demand: 0.4, percentage: 0.0
Sink 30 non è soddisfatto. Flusso netto: 0.0, Demand: 0.98, percentage: 0.0
Sink 31 non è soddisfatto. Flusso netto: 0.0, Demand: 0.4, percentage: 0.0
Sink 32 SODDISFATTO. Flusso netto: 1.0000000000000009, Demand: 1.0, percentage: 100.00000000000009
Sink 34 SODDISFATTO. Flusso netto: 1.7400000000000002, Demand: 1.74, percentage: 100.00000000000003
Sink 35 SODDISFATTO. Flusso netto: 1.3, Demand: 1.3, percentage: 100.0
Sink 37 SODDISFATTO. Flusso netto: 1.0, Demand: 1.0, percentage: 100.0
Sink 39 non è soddisfatto. Flusso netto: 0.0, Demand: 0.4, percentage: 0.0
Sink 40 non è soddisfatto. Flusso netto: 0.0, Demand: 0.5, percentage: 0.0
Sink 41 SODDISFATTO. Flusso netto: 1.0600000000000005, Demand: 1.06, percentage: 100.00000000000004
Sink 42 SODDISFATTO. Flusso netto: 2.819999999999999, Demand: 2.82, percentage: 99.99999999999997
Sink 45 SODDISFATTO. Flusso netto: 0.6800000000000002, Demand: 0.68, percentage: 100.00000000000003
Sink 46 SODDISFATTO. Flusso netto: 1.17, Demand: 1.17, percentage: 100.0
Sink 49 non è soddisfatto. Flusso netto: 3.83, Demand: 7.0, percentage: 54.714285714285715
Flusso totale entrante nei SINK: 42.402
Flusso totale uscente nei SINK: 18.822000000000003
Flusso totale netto nei SINK: 23.58
Total DEMAND dei SINK: 46.44
Percentual di flusso ai SINK: 0.5077519379844961
Numero di Sink soddisfatti: 13.0, numero totale di sink: 25.0
Percentuale di Sink soddisfatti: 0.52

---------------------------------- DAY 224

Update Fixed Elements from Intrinsic Faults
Update Fixed Elements from Heavy Faults
Update Fixed Elements from Attack
Propagate Intrinsic Fault
Node NODO_19 has still failing due to Intrinsic Fault
Node NODO_11 has still failing due to Intrinsic Fault
pipeline ARCO_35 still has reduced capacity: 0.0 due to Intrinsic Fault
pipeline ARCO_109 still has reduced capacity: 0.0 due to Intrinsic Fault
pipeline ARCO_110 still has reduced capacity: 0.0 due to Intrinsic Fault
pipeline V_EDGE_53_17 still has reduced capacity: 0.0 due to Intrinsic Fault
pipeline ARCO_39 still has reduced capacity: 0.0 due to Intrinsic Fault
pipeline ARCO_40 still has reduced capacity: 0.0 due to Intrinsic Fault
pipeline ARCO_105 still has reduced capacity: 0.0 due to Intrinsic Fault
pipeline ARCO_3 still has reduced capacity: 9.688 due to Intrinsic Fault
pipeline ARCO_90 still has reduced capacity: 1.6 due to Intrinsic Fault
pipeline ARCO_91 still has reduced capacity: 9.688 due to Intrinsic Fault
pipeline ARCO_92 still has reduced capacity: 39.328 due to Intrinsic Fault
pipeline V_EDGE_53_9 still has reduced capacity: 5.68 due to Intrinsic Fault
pipeline ARCO_20 still has reduced capacity: 1.6 due to Intrinsic Fault
pipeline ARCO_21 still has reduced capacity: 9.688 due to Intrinsic Fault
pipeline ARCO_22 still has reduced capacity: 39.328 due to Intrinsic Fault
pipeline ARCO_73 still has reduced capacity: 9.688 due to Intrinsic Fault
Propagate Heavy Faults
Propagate Attacks
Inject Intrinsic Failure To Source
Inject Heavy Fault To Sources
Inject Attack Multiple To Source
Inject Intrinsic Fault To Pipeline
Inject Heavy Fault To Pipeline
Inject Attack To Pipeline
----------- Statistics ------------
	Sources Under Attack: 0
	Sources with Heavy Fault: 0
	Sources with Intrinsic Fault: 2
	Arcs with reduce capacity due to Attack: 0
	Arcs with reduce capacity due to Heavy Fault: 0
	Arcs with reduce capacity due to Intrinsic Fault: 16
	Arcs with Attacks: 0
	Arcs with Heavy Fault: 0
	Arcs with Intrinsic Fault: 0
--------- SOURCES STATISTICS ---------------
Demand del real Source[0]: -31.0, flusso erogato: 10.049999999999997, flusso entrante: 0.0, efficienza: 32.419354838709666 %
Demand del real Source[8]: -10.5, flusso erogato: 7.85, flusso entrante: 0.0, efficienza: 74.76190476190476 %
Demand del real Source[9]: -7.1, flusso erogato: 14.729999999999999, flusso entrante: 9.050000000000004, efficienza: 207.46478873239437 %
Demand del real Source[17]: -25.0, flusso erogato: 0.0, flusso entrante: 0.0, efficienza: 0.0 %
Flusso totale entrante nei Real Source: 9.050000000000004
Flusso totale uscente dai Real Source: 32.63
Flusso netto sui real Source: -23.58
--- SINKS STATISTICS ---
Sink 3 SODDISFATTO. Flusso netto: 3.4299999999999997, Demand: 3.43, percentage: 99.99999999999999
Sink 4 SODDISFATTO. Flusso netto: 0.5700000000000003, Demand: 0.57, percentage: 100.00000000000007
Sink 5 SODDISFATTO. Flusso netto: 0.6600000000000001, Demand: 0.66, percentage: 100.00000000000003
Sink 11 SODDISFATTO. Flusso netto: 1.0299999999999978, Demand: 1.03, percentage: 99.99999999999979
Sink 15 SODDISFATTO. Flusso netto: 0.46000000000000263, Demand: 0.46, percentage: 100.00000000000058
Sink 16 non è soddisfatto. Flusso netto: 2.83, Demand: 8.4, percentage: 33.69047619047619
Sink 19 non è soddisfatto. Flusso netto: 0.0, Demand: 0.54, percentage: 0.0
Sink 23 non è soddisfatto. Flusso netto: 0.0, Demand: 0.6, percentage: 0.0
Sink 24 non è soddisfatto. Flusso netto: 0.0, Demand: 0.8, percentage: 0.0
Sink 25 non è soddisfatto. Flusso netto: 0.0, Demand: 3.5, percentage: 0.0
Sink 26 non è soddisfatto. Flusso netto: 0.0, Demand: 6.0, percentage: 0.0
Sink 28 non è soddisfatto. Flusso netto: 0.0, Demand: 0.4, percentage: 0.0
Sink 30 non è soddisfatto. Flusso netto: 0.0, Demand: 0.98, percentage: 0.0
Sink 31 non è soddisfatto. Flusso netto: 0.0, Demand: 0.4, percentage: 0.0
Sink 32 SODDISFATTO. Flusso netto: 1.0000000000000009, Demand: 1.0, percentage: 100.00000000000009
Sink 34 SODDISFATTO. Flusso netto: 1.7400000000000002, Demand: 1.74, percentage: 100.00000000000003
Sink 35 SODDISFATTO. Flusso netto: 1.3, Demand: 1.3, percentage: 100.0
Sink 37 SODDISFATTO. Flusso netto: 1.0, Demand: 1.0, percentage: 100.0
Sink 39 non è soddisfatto. Flusso netto: 0.0, Demand: 0.4, percentage: 0.0
Sink 40 non è soddisfatto. Flusso netto: 0.0, Demand: 0.5, percentage: 0.0
Sink 41 SODDISFATTO. Flusso netto: 1.0600000000000005, Demand: 1.06, percentage: 100.00000000000004
Sink 42 SODDISFATTO. Flusso netto: 2.819999999999999, Demand: 2.82, percentage: 99.99999999999997
Sink 45 SODDISFATTO. Flusso netto: 0.6800000000000002, Demand: 0.68, percentage: 100.00000000000003
Sink 46 SODDISFATTO. Flusso netto: 1.17, Demand: 1.17, percentage: 100.0
Sink 49 non è soddisfatto. Flusso netto: 3.83, Demand: 7.0, percentage: 54.714285714285715
Flusso totale entrante nei SINK: 42.402
Flusso totale uscente nei SINK: 18.822000000000003
Flusso totale netto nei SINK: 23.58
Total DEMAND dei SINK: 46.44
Percentual di flusso ai SINK: 0.5077519379844961
Numero di Sink soddisfatti: 13.0, numero totale di sink: 25.0
Percentuale di Sink soddisfatti: 0.52

---------------------------------- DAY 225

Update Fixed Elements from Intrinsic Faults
Source NODO_19 fixed from Intrinsic Fault
Pipeline ARCO_35 fixed due to Source NODO_19 fixing from Intrinsic Fault
Pipeline ARCO_109 fixed due to Source NODO_19 fixing from Intrinsic Fault
Pipeline ARCO_110 fixed due to Source NODO_19 fixing from Intrinsic Fault
Pipeline V_EDGE_53_17 fixed due to Source NODO_19 fixing from Intrinsic Fault
Pipeline ARCO_39 fixed due to Source NODO_19 fixing from Intrinsic Fault
Pipeline ARCO_40 fixed due to Source NODO_19 fixing from Intrinsic Fault
Pipeline ARCO_105 fixed due to Source NODO_19 fixing from Intrinsic Fault
Source NODO_11 fixed from Intrinsic Fault
Pipeline ARCO_3 fixed due to Source NODO_11 fixing from Intrinsic Fault
Pipeline ARCO_90 fixed due to Source NODO_11 fixing from Intrinsic Fault
Pipeline ARCO_91 fixed due to Source NODO_11 fixing from Intrinsic Fault
Pipeline ARCO_92 fixed due to Source NODO_11 fixing from Intrinsic Fault
Pipeline V_EDGE_53_9 fixed due to Source NODO_11 fixing from Intrinsic Fault
Pipeline ARCO_20 fixed due to Source NODO_11 fixing from Intrinsic Fault
Pipeline ARCO_21 fixed due to Source NODO_11 fixing from Intrinsic Fault
Pipeline ARCO_22 fixed due to Source NODO_11 fixing from Intrinsic Fault
Pipeline ARCO_73 fixed due to Source NODO_11 fixing from Intrinsic Fault
Update Fixed Elements from Heavy Faults
Update Fixed Elements from Attack
Propagate Intrinsic Fault
Propagate Heavy Faults
Propagate Attacks
Inject Intrinsic Failure To Source
Inject Heavy Fault To Sources
Inject Attack Multiple To Source
Inject Intrinsic Fault To Pipeline
Inject Heavy Fault To Pipeline
Inject Attack To Pipeline
----------- Statistics ------------
	Sources Under Attack: 0
	Sources with Heavy Fault: 0
	Sources with Intrinsic Fault: 0
	Arcs with reduce capacity due to Attack: 0
	Arcs with reduce capacity due to Heavy Fault: 0
	Arcs with reduce capacity due to Intrinsic Fault: 0
	Arcs with Attacks: 0
	Arcs with Heavy Fault: 0
	Arcs with Intrinsic Fault: 0
--------- SOURCES STATISTICS ---------------
Demand del real Source[0]: -31.0, flusso erogato: 8.069999999999997, flusso entrante: 0.0, efficienza: 26.032258064516117 %
Demand del real Source[8]: -10.5, flusso erogato: 3.8600000000000003, flusso entrante: 0.0, efficienza: 36.76190476190476 %
Demand del real Source[9]: -7.1, flusso erogato: 14.169999999999996, flusso entrante: 7.070000000000007, efficienza: 199.57746478873236 %
Demand del real Source[17]: -25.0, flusso erogato: 25.000000000000007, flusso entrante: 0.0, efficienza: 100.00000000000003 %
Flusso totale entrante nei Real Source: 7.070000000000007
Flusso totale uscente dai Real Source: 51.1
Flusso netto sui real Source: -44.029999999999994
--- SINKS STATISTICS ---
Sink 3 SODDISFATTO. Flusso netto: 3.4299999999999997, Demand: 3.43, percentage: 99.99999999999999
Sink 4 SODDISFATTO. Flusso netto: 0.5700000000000003, Demand: 0.57, percentage: 100.00000000000007
Sink 5 SODDISFATTO. Flusso netto: 0.6600000000000019, Demand: 0.66, percentage: 100.00000000000028
Sink 11 SODDISFATTO. Flusso netto: 1.03, Demand: 1.03, percentage: 100.0
Sink 15 SODDISFATTO. Flusso netto: 0.4600000000000044, Demand: 0.46, percentage: 100.00000000000095
Sink 16 SODDISFATTO. Flusso netto: 8.399999999999993, Demand: 8.4, percentage: 99.99999999999991
Sink 19 SODDISFATTO. Flusso netto: 0.5399999999999938, Demand: 0.54, percentage: 99.99999999999885
Sink 23 SODDISFATTO. Flusso netto: 0.5999999999999996, Demand: 0.6, percentage: 99.99999999999994
Sink 24 SODDISFATTO. Flusso netto: 0.8000000000000007, Demand: 0.8, percentage: 100.00000000000009
Sink 25 SODDISFATTO. Flusso netto: 3.5, Demand: 3.5, percentage: 100.0
Sink 26 SODDISFATTO. Flusso netto: 6.000000000000007, Demand: 6.0, percentage: 100.00000000000011
Sink 28 SODDISFATTO. Flusso netto: 0.4, Demand: 0.4, percentage: 100.0
Sink 30 SODDISFATTO. Flusso netto: 0.9799999999999933, Demand: 0.98, percentage: 99.99999999999932
Sink 31 SODDISFATTO. Flusso netto: 0.3999999999999999, Demand: 0.4, percentage: 99.99999999999997
Sink 32 SODDISFATTO. Flusso netto: 0.9999999999999989, Demand: 1.0, percentage: 99.99999999999989
Sink 34 SODDISFATTO. Flusso netto: 1.7400000000000002, Demand: 1.74, percentage: 100.00000000000003
Sink 35 SODDISFATTO. Flusso netto: 1.3, Demand: 1.3, percentage: 100.0
Sink 37 SODDISFATTO. Flusso netto: 1.0, Demand: 1.0, percentage: 100.0
Sink 39 SODDISFATTO. Flusso netto: 0.40000000000000036, Demand: 0.4, percentage: 100.00000000000009
Sink 40 SODDISFATTO. Flusso netto: 0.5, Demand: 0.5, percentage: 100.0
Sink 41 SODDISFATTO. Flusso netto: 1.0600000000000005, Demand: 1.06, percentage: 100.00000000000004
Sink 42 SODDISFATTO. Flusso netto: 2.8200000000000007, Demand: 2.82, percentage: 100.00000000000003
Sink 45 SODDISFATTO. Flusso netto: 0.6800000000000002, Demand: 0.68, percentage: 100.00000000000003
Sink 46 SODDISFATTO. Flusso netto: 1.17, Demand: 1.17, percentage: 100.0
Sink 49 non è soddisfatto. Flusso netto: 4.59, Demand: 7.0, percentage: 65.57142857142857
Flusso totale entrante nei SINK: 86.46000000000001
Flusso totale uscente nei SINK: 42.430000000000014
Flusso totale netto nei SINK: 44.029999999999994
Total DEMAND dei SINK: 46.44
Percentual di flusso ai SINK: 0.9481050818260119
Numero di Sink soddisfatti: 24.0, numero totale di sink: 25.0
Percentuale di Sink soddisfatti: 0.96

---------------------------------- DAY 226

Update Fixed Elements from Intrinsic Faults
Update Fixed Elements from Heavy Faults
Update Fixed Elements from Attack
Propagate Intrinsic Fault
Propagate Heavy Faults
Propagate Attacks
Inject Intrinsic Failure To Source
Source NODO_10 is failing for an Intrinsic Fault in day: 226
pipeline ARCO_17 has reduced capacity due to NODO_10 Intrinsic fault
pipeline ARCO_88 has reduced capacity due to NODO_10 Intrinsic fault
pipeline ARCO_89 has reduced capacity due to NODO_10 Intrinsic fault
pipeline V_EDGE_53_8 has reduced capacity due to NODO_10 Intrinsic fault
pipeline ARCO_18 has reduced capacity due to NODO_10 Intrinsic fault
pipeline ARCO_19 has reduced capacity due to NODO_10 Intrinsic fault
pipeline ARCO_87 has reduced capacity due to NODO_10 Intrinsic fault
Source NODO_11 is failing for an Intrinsic Fault in day: 226
pipeline ARCO_3 has reduced capacity due to NODO_11 Intrinsic fault
pipeline ARCO_90 has reduced capacity due to NODO_11 Intrinsic fault
pipeline ARCO_91 has reduced capacity due to NODO_11 Intrinsic fault
pipeline ARCO_92 has reduced capacity due to NODO_11 Intrinsic fault
pipeline V_EDGE_53_9 has reduced capacity due to NODO_11 Intrinsic fault
pipeline ARCO_20 has reduced capacity due to NODO_11 Intrinsic fault
pipeline ARCO_21 has reduced capacity due to NODO_11 Intrinsic fault
pipeline ARCO_22 has reduced capacity due to NODO_11 Intrinsic fault
pipeline ARCO_73 has reduced capacity due to NODO_11 Intrinsic fault
Inject Heavy Fault To Sources
Inject Attack Multiple To Source
Inject Intrinsic Fault To Pipeline
Inject Heavy Fault To Pipeline
Inject Attack To Pipeline
----------- Statistics ------------
	Sources Under Attack: 0
	Sources with Heavy Fault: 0
	Sources with Intrinsic Fault: 2
	Arcs with reduce capacity due to Attack: 0
	Arcs with reduce capacity due to Heavy Fault: 0
	Arcs with reduce capacity due to Intrinsic Fault: 16
	Arcs with Attacks: 0
	Arcs with Heavy Fault: 0
	Arcs with Intrinsic Fault: 0
--------- SOURCES STATISTICS ---------------
Demand del real Source[0]: -31.0, flusso erogato: 12.427999999999997, flusso entrante: 0.0, efficienza: 40.09032258064516 %
Demand del real Source[8]: -10.5, flusso erogato: 0.0, flusso entrante: 0.0, efficienza: 0.0 %
Demand del real Source[9]: -7.1, flusso erogato: 17.107999999999997, flusso entrante: 11.428000000000004, efficienza: 240.9577464788732 %
Demand del real Source[17]: -25.0, flusso erogato: 25.000000000000007, flusso entrante: 0.0, efficienza: 100.00000000000003 %
Flusso totale entrante nei Real Source: 11.428000000000004
Flusso totale uscente dai Real Source: 54.536
Flusso netto sui real Source: -43.108
--- SINKS STATISTICS ---
Sink 3 SODDISFATTO. Flusso netto: 3.4299999999999997, Demand: 3.43, percentage: 99.99999999999999
Sink 4 SODDISFATTO. Flusso netto: 0.5700000000000003, Demand: 0.57, percentage: 100.00000000000007
Sink 5 SODDISFATTO. Flusso netto: 0.660000000000001, Demand: 0.66, percentage: 100.00000000000016
Sink 11 SODDISFATTO. Flusso netto: 1.0300000000000011, Demand: 1.03, percentage: 100.00000000000011
Sink 15 SODDISFATTO. Flusso netto: 0.4600000000000044, Demand: 0.46, percentage: 100.00000000000095
Sink 16 SODDISFATTO. Flusso netto: 8.399999999999993, Demand: 8.4, percentage: 99.99999999999991
Sink 19 SODDISFATTO. Flusso netto: 0.5399999999999938, Demand: 0.54, percentage: 99.99999999999885
Sink 23 SODDISFATTO. Flusso netto: 0.5999999999999996, Demand: 0.6, percentage: 99.99999999999994
Sink 24 SODDISFATTO. Flusso netto: 0.8000000000000007, Demand: 0.8, percentage: 100.00000000000009
Sink 25 SODDISFATTO. Flusso netto: 3.5, Demand: 3.5, percentage: 100.0
Sink 26 SODDISFATTO. Flusso netto: 6.000000000000007, Demand: 6.0, percentage: 100.00000000000011
Sink 28 SODDISFATTO. Flusso netto: 0.4, Demand: 0.4, percentage: 100.0
Sink 30 SODDISFATTO. Flusso netto: 0.9799999999999933, Demand: 0.98, percentage: 99.99999999999932
Sink 31 SODDISFATTO. Flusso netto: 0.3999999999999999, Demand: 0.4, percentage: 99.99999999999997
Sink 32 SODDISFATTO. Flusso netto: 0.9999999999999989, Demand: 1.0, percentage: 99.99999999999989
Sink 34 SODDISFATTO. Flusso netto: 1.7400000000000002, Demand: 1.74, percentage: 100.00000000000003
Sink 35 SODDISFATTO. Flusso netto: 1.3, Demand: 1.3, percentage: 100.0
Sink 37 SODDISFATTO. Flusso netto: 1.0, Demand: 1.0, percentage: 100.0
Sink 39 SODDISFATTO. Flusso netto: 0.40000000000000036, Demand: 0.4, percentage: 100.00000000000009
Sink 40 SODDISFATTO. Flusso netto: 0.5, Demand: 0.5, percentage: 100.0
Sink 41 SODDISFATTO. Flusso netto: 1.0600000000000005, Demand: 1.06, percentage: 100.00000000000004
Sink 42 SODDISFATTO. Flusso netto: 2.8199999999999994, Demand: 2.82, percentage: 99.99999999999999
Sink 45 SODDISFATTO. Flusso netto: 0.6800000000000002, Demand: 0.68, percentage: 100.00000000000003
Sink 46 SODDISFATTO. Flusso netto: 1.17, Demand: 1.17, percentage: 100.0
Sink 49 non è soddisfatto. Flusso netto: 3.6679999999999993, Demand: 7.0, percentage: 52.39999999999999
Flusso totale entrante nei SINK: 91.75200000000001
Flusso totale uscente nei SINK: 48.64400000000001
Flusso totale netto nei SINK: 43.108
Total DEMAND dei SINK: 46.44
Percentual di flusso ai SINK: 0.9282515073212747
Numero di Sink soddisfatti: 24.0, numero totale di sink: 25.0
Percentuale di Sink soddisfatti: 0.96

---------------------------------- DAY 227

Update Fixed Elements from Intrinsic Faults
Update Fixed Elements from Heavy Faults
Update Fixed Elements from Attack
Propagate Intrinsic Fault
Node NODO_10 has still failing due to Intrinsic Fault
Node NODO_11 has still failing due to Intrinsic Fault
pipeline ARCO_17 still has reduced capacity: 0.0 due to Intrinsic Fault
pipeline ARCO_88 still has reduced capacity: 0.0 due to Intrinsic Fault
pipeline ARCO_89 still has reduced capacity: 0.0 due to Intrinsic Fault
pipeline V_EDGE_53_8 still has reduced capacity: 0.0 due to Intrinsic Fault
pipeline ARCO_18 still has reduced capacity: 0.0 due to Intrinsic Fault
pipeline ARCO_19 still has reduced capacity: 0.0 due to Intrinsic Fault
pipeline ARCO_87 still has reduced capacity: 0.0 due to Intrinsic Fault
pipeline ARCO_3 still has reduced capacity: 9.688 due to Intrinsic Fault
pipeline ARCO_90 still has reduced capacity: 1.6 due to Intrinsic Fault
pipeline ARCO_91 still has reduced capacity: 9.688 due to Intrinsic Fault
pipeline ARCO_92 still has reduced capacity: 39.328 due to Intrinsic Fault
pipeline V_EDGE_53_9 still has reduced capacity: 5.68 due to Intrinsic Fault
pipeline ARCO_20 still has reduced capacity: 1.6 due to Intrinsic Fault
pipeline ARCO_21 still has reduced capacity: 9.688 due to Intrinsic Fault
pipeline ARCO_22 still has reduced capacity: 39.328 due to Intrinsic Fault
pipeline ARCO_73 still has reduced capacity: 9.688 due to Intrinsic Fault
Propagate Heavy Faults
Propagate Attacks
Inject Intrinsic Failure To Source
Source NODO_2 is failing for an Intrinsic Fault in day: 227
pipeline ARCO_70 has reduced capacity due to NODO_2 Intrinsic fault
pipeline V_EDGE_53_0 has reduced capacity due to NODO_2 Intrinsic fault
pipeline ARCO_0 has reduced capacity due to NODO_2 Intrinsic fault
Inject Heavy Fault To Sources
Inject Attack Multiple To Source
Inject Intrinsic Fault To Pipeline
Inject Heavy Fault To Pipeline
Inject Attack To Pipeline
----------- Statistics ------------
	Sources Under Attack: 0
	Sources with Heavy Fault: 0
	Sources with Intrinsic Fault: 3
	Arcs with reduce capacity due to Attack: 0
	Arcs with reduce capacity due to Heavy Fault: 0
	Arcs with reduce capacity due to Intrinsic Fault: 19
	Arcs with Attacks: 0
	Arcs with Heavy Fault: 0
	Arcs with Intrinsic Fault: 0
--------- SOURCES STATISTICS ---------------
Demand del real Source[0]: -31.0, flusso erogato: 12.427999999999997, flusso entrante: 0.0, efficienza: 40.09032258064516 %
Demand del real Source[8]: -10.5, flusso erogato: 0.0, flusso entrante: 0.0, efficienza: 0.0 %
Demand del real Source[9]: -7.1, flusso erogato: 17.107999999999997, flusso entrante: 11.428000000000004, efficienza: 240.9577464788732 %
Demand del real Source[17]: -25.0, flusso erogato: 25.000000000000007, flusso entrante: 0.0, efficienza: 100.00000000000003 %
Flusso totale entrante nei Real Source: 11.428000000000004
Flusso totale uscente dai Real Source: 54.536
Flusso netto sui real Source: -43.108
--- SINKS STATISTICS ---
Sink 3 SODDISFATTO. Flusso netto: 3.4299999999999997, Demand: 3.43, percentage: 99.99999999999999
Sink 4 SODDISFATTO. Flusso netto: 0.5700000000000003, Demand: 0.57, percentage: 100.00000000000007
Sink 5 SODDISFATTO. Flusso netto: 0.660000000000001, Demand: 0.66, percentage: 100.00000000000016
Sink 11 SODDISFATTO. Flusso netto: 1.0300000000000011, Demand: 1.03, percentage: 100.00000000000011
Sink 15 SODDISFATTO. Flusso netto: 0.4600000000000044, Demand: 0.46, percentage: 100.00000000000095
Sink 16 SODDISFATTO. Flusso netto: 8.399999999999993, Demand: 8.4, percentage: 99.99999999999991
Sink 19 SODDISFATTO. Flusso netto: 0.5399999999999938, Demand: 0.54, percentage: 99.99999999999885
Sink 23 SODDISFATTO. Flusso netto: 0.5999999999999996, Demand: 0.6, percentage: 99.99999999999994
Sink 24 SODDISFATTO. Flusso netto: 0.8000000000000007, Demand: 0.8, percentage: 100.00000000000009
Sink 25 SODDISFATTO. Flusso netto: 3.5, Demand: 3.5, percentage: 100.0
Sink 26 SODDISFATTO. Flusso netto: 6.000000000000007, Demand: 6.0, percentage: 100.00000000000011
Sink 28 SODDISFATTO. Flusso netto: 0.4, Demand: 0.4, percentage: 100.0
Sink 30 SODDISFATTO. Flusso netto: 0.9799999999999933, Demand: 0.98, percentage: 99.99999999999932
Sink 31 SODDISFATTO. Flusso netto: 0.3999999999999999, Demand: 0.4, percentage: 99.99999999999997
Sink 32 SODDISFATTO. Flusso netto: 0.9999999999999989, Demand: 1.0, percentage: 99.99999999999989
Sink 34 SODDISFATTO. Flusso netto: 1.7400000000000002, Demand: 1.74, percentage: 100.00000000000003
Sink 35 SODDISFATTO. Flusso netto: 1.3, Demand: 1.3, percentage: 100.0
Sink 37 SODDISFATTO. Flusso netto: 1.0, Demand: 1.0, percentage: 100.0
Sink 39 SODDISFATTO. Flusso netto: 0.40000000000000036, Demand: 0.4, percentage: 100.00000000000009
Sink 40 SODDISFATTO. Flusso netto: 0.5, Demand: 0.5, percentage: 100.0
Sink 41 SODDISFATTO. Flusso netto: 1.0600000000000005, Demand: 1.06, percentage: 100.00000000000004
Sink 42 SODDISFATTO. Flusso netto: 2.8199999999999994, Demand: 2.82, percentage: 99.99999999999999
Sink 45 SODDISFATTO. Flusso netto: 0.6800000000000002, Demand: 0.68, percentage: 100.00000000000003
Sink 46 SODDISFATTO. Flusso netto: 1.17, Demand: 1.17, percentage: 100.0
Sink 49 non è soddisfatto. Flusso netto: 3.6679999999999993, Demand: 7.0, percentage: 52.39999999999999
Flusso totale entrante nei SINK: 91.75200000000001
Flusso totale uscente nei SINK: 48.64400000000001
Flusso totale netto nei SINK: 43.108
Total DEMAND dei SINK: 46.44
Percentual di flusso ai SINK: 0.9282515073212747
Numero di Sink soddisfatti: 24.0, numero totale di sink: 25.0
Percentuale di Sink soddisfatti: 0.96

---------------------------------- DAY 228

Update Fixed Elements from Intrinsic Faults
Update Fixed Elements from Heavy Faults
Update Fixed Elements from Attack
Propagate Intrinsic Fault
Node NODO_10 has still failing due to Intrinsic Fault
Node NODO_11 has still failing due to Intrinsic Fault
Node NODO_2 has still failing due to Intrinsic Fault
pipeline ARCO_17 still has reduced capacity: 0.0 due to Intrinsic Fault
pipeline ARCO_88 still has reduced capacity: 0.0 due to Intrinsic Fault
pipeline ARCO_89 still has reduced capacity: 0.0 due to Intrinsic Fault
pipeline V_EDGE_53_8 still has reduced capacity: 0.0 due to Intrinsic Fault
pipeline ARCO_18 still has reduced capacity: 0.0 due to Intrinsic Fault
pipeline ARCO_19 still has reduced capacity: 0.0 due to Intrinsic Fault
pipeline ARCO_87 still has reduced capacity: 0.0 due to Intrinsic Fault
pipeline ARCO_3 still has reduced capacity: 9.688 due to Intrinsic Fault
pipeline ARCO_90 still has reduced capacity: 1.6 due to Intrinsic Fault
pipeline ARCO_91 still has reduced capacity: 9.688 due to Intrinsic Fault
pipeline ARCO_92 still has reduced capacity: 39.328 due to Intrinsic Fault
pipeline V_EDGE_53_9 still has reduced capacity: 5.68 due to Intrinsic Fault
pipeline ARCO_20 still has reduced capacity: 1.6 due to Intrinsic Fault
pipeline ARCO_21 still has reduced capacity: 9.688 due to Intrinsic Fault
pipeline ARCO_22 still has reduced capacity: 39.328 due to Intrinsic Fault
pipeline ARCO_73 still has reduced capacity: 9.688 due to Intrinsic Fault
pipeline ARCO_70 still has reduced capacity: 24.8 due to Intrinsic Fault
pipeline V_EDGE_53_0 still has reduced capacity: 24.8 due to Intrinsic Fault
pipeline ARCO_0 still has reduced capacity: 24.8 due to Intrinsic Fault
Propagate Heavy Faults
Propagate Attacks
Inject Intrinsic Failure To Source
Inject Heavy Fault To Sources
Inject Attack Multiple To Source
Inject Intrinsic Fault To Pipeline
Inject Heavy Fault To Pipeline
Inject Attack To Pipeline
----------- Statistics ------------
	Sources Under Attack: 0
	Sources with Heavy Fault: 0
	Sources with Intrinsic Fault: 3
	Arcs with reduce capacity due to Attack: 0
	Arcs with reduce capacity due to Heavy Fault: 0
	Arcs with reduce capacity due to Intrinsic Fault: 19
	Arcs with Attacks: 0
	Arcs with Heavy Fault: 0
	Arcs with Intrinsic Fault: 0
--------- SOURCES STATISTICS ---------------
Demand del real Source[0]: -31.0, flusso erogato: 12.427999999999997, flusso entrante: 0.0, efficienza: 40.09032258064516 %
Demand del real Source[8]: -10.5, flusso erogato: 0.0, flusso entrante: 0.0, efficienza: 0.0 %
Demand del real Source[9]: -7.1, flusso erogato: 17.107999999999997, flusso entrante: 11.428000000000004, efficienza: 240.9577464788732 %
Demand del real Source[17]: -25.0, flusso erogato: 25.000000000000007, flusso entrante: 0.0, efficienza: 100.00000000000003 %
Flusso totale entrante nei Real Source: 11.428000000000004
Flusso totale uscente dai Real Source: 54.536
Flusso netto sui real Source: -43.108
--- SINKS STATISTICS ---
Sink 3 SODDISFATTO. Flusso netto: 3.4299999999999997, Demand: 3.43, percentage: 99.99999999999999
Sink 4 SODDISFATTO. Flusso netto: 0.5700000000000003, Demand: 0.57, percentage: 100.00000000000007
Sink 5 SODDISFATTO. Flusso netto: 0.660000000000001, Demand: 0.66, percentage: 100.00000000000016
Sink 11 SODDISFATTO. Flusso netto: 1.0300000000000011, Demand: 1.03, percentage: 100.00000000000011
Sink 15 SODDISFATTO. Flusso netto: 0.4600000000000044, Demand: 0.46, percentage: 100.00000000000095
Sink 16 SODDISFATTO. Flusso netto: 8.399999999999993, Demand: 8.4, percentage: 99.99999999999991
Sink 19 SODDISFATTO. Flusso netto: 0.5399999999999938, Demand: 0.54, percentage: 99.99999999999885
Sink 23 SODDISFATTO. Flusso netto: 0.5999999999999996, Demand: 0.6, percentage: 99.99999999999994
Sink 24 SODDISFATTO. Flusso netto: 0.8000000000000007, Demand: 0.8, percentage: 100.00000000000009
Sink 25 SODDISFATTO. Flusso netto: 3.5, Demand: 3.5, percentage: 100.0
Sink 26 SODDISFATTO. Flusso netto: 6.000000000000007, Demand: 6.0, percentage: 100.00000000000011
Sink 28 SODDISFATTO. Flusso netto: 0.4, Demand: 0.4, percentage: 100.0
Sink 30 SODDISFATTO. Flusso netto: 0.9799999999999933, Demand: 0.98, percentage: 99.99999999999932
Sink 31 SODDISFATTO. Flusso netto: 0.3999999999999999, Demand: 0.4, percentage: 99.99999999999997
Sink 32 SODDISFATTO. Flusso netto: 0.9999999999999989, Demand: 1.0, percentage: 99.99999999999989
Sink 34 SODDISFATTO. Flusso netto: 1.7400000000000002, Demand: 1.74, percentage: 100.00000000000003
Sink 35 SODDISFATTO. Flusso netto: 1.3, Demand: 1.3, percentage: 100.0
Sink 37 SODDISFATTO. Flusso netto: 1.0, Demand: 1.0, percentage: 100.0
Sink 39 SODDISFATTO. Flusso netto: 0.40000000000000036, Demand: 0.4, percentage: 100.00000000000009
Sink 40 SODDISFATTO. Flusso netto: 0.5, Demand: 0.5, percentage: 100.0
Sink 41 SODDISFATTO. Flusso netto: 1.0600000000000005, Demand: 1.06, percentage: 100.00000000000004
Sink 42 SODDISFATTO. Flusso netto: 2.8199999999999994, Demand: 2.82, percentage: 99.99999999999999
Sink 45 SODDISFATTO. Flusso netto: 0.6800000000000002, Demand: 0.68, percentage: 100.00000000000003
Sink 46 SODDISFATTO. Flusso netto: 1.17, Demand: 1.17, percentage: 100.0
Sink 49 non è soddisfatto. Flusso netto: 3.6679999999999993, Demand: 7.0, percentage: 52.39999999999999
Flusso totale entrante nei SINK: 91.75200000000001
Flusso totale uscente nei SINK: 48.64400000000001
Flusso totale netto nei SINK: 43.108
Total DEMAND dei SINK: 46.44
Percentual di flusso ai SINK: 0.9282515073212747
Numero di Sink soddisfatti: 24.0, numero totale di sink: 25.0
Percentuale di Sink soddisfatti: 0.96

---------------------------------- DAY 229

Update Fixed Elements from Intrinsic Faults
Source NODO_11 fixed from Intrinsic Fault
Pipeline ARCO_3 fixed due to Source NODO_11 fixing from Intrinsic Fault
Pipeline ARCO_90 fixed due to Source NODO_11 fixing from Intrinsic Fault
Pipeline ARCO_91 fixed due to Source NODO_11 fixing from Intrinsic Fault
Pipeline ARCO_92 fixed due to Source NODO_11 fixing from Intrinsic Fault
Pipeline V_EDGE_53_9 fixed due to Source NODO_11 fixing from Intrinsic Fault
Pipeline ARCO_20 fixed due to Source NODO_11 fixing from Intrinsic Fault
Pipeline ARCO_21 fixed due to Source NODO_11 fixing from Intrinsic Fault
Pipeline ARCO_22 fixed due to Source NODO_11 fixing from Intrinsic Fault
Pipeline ARCO_73 fixed due to Source NODO_11 fixing from Intrinsic Fault
Update Fixed Elements from Heavy Faults
Update Fixed Elements from Attack
Propagate Intrinsic Fault
Node NODO_10 has still failing due to Intrinsic Fault
Node NODO_2 has still failing due to Intrinsic Fault
pipeline ARCO_17 still has reduced capacity: 0.0 due to Intrinsic Fault
pipeline ARCO_88 still has reduced capacity: 0.0 due to Intrinsic Fault
pipeline ARCO_89 still has reduced capacity: 0.0 due to Intrinsic Fault
pipeline V_EDGE_53_8 still has reduced capacity: 0.0 due to Intrinsic Fault
pipeline ARCO_18 still has reduced capacity: 0.0 due to Intrinsic Fault
pipeline ARCO_19 still has reduced capacity: 0.0 due to Intrinsic Fault
pipeline ARCO_87 still has reduced capacity: 0.0 due to Intrinsic Fault
pipeline ARCO_70 still has reduced capacity: 24.8 due to Intrinsic Fault
pipeline V_EDGE_53_0 still has reduced capacity: 24.8 due to Intrinsic Fault
pipeline ARCO_0 still has reduced capacity: 24.8 due to Intrinsic Fault
Propagate Heavy Faults
Propagate Attacks
Inject Intrinsic Failure To Source
Inject Heavy Fault To Sources
Inject Attack Multiple To Source
Inject Intrinsic Fault To Pipeline
Inject Heavy Fault To Pipeline
Inject Attack To Pipeline
----------- Statistics ------------
	Sources Under Attack: 0
	Sources with Heavy Fault: 0
	Sources with Intrinsic Fault: 2
	Arcs with reduce capacity due to Attack: 0
	Arcs with reduce capacity due to Heavy Fault: 0
	Arcs with reduce capacity due to Intrinsic Fault: 10
	Arcs with Attacks: 0
	Arcs with Heavy Fault: 0
	Arcs with Intrinsic Fault: 0
--------- SOURCES STATISTICS ---------------
Demand del real Source[0]: -31.0, flusso erogato: 11.159999999999997, flusso entrante: 0.0, efficienza: 35.999999999999986 %
Demand del real Source[8]: -10.5, flusso erogato: 0.0, flusso entrante: 0.0, efficienza: 0.0 %
Demand del real Source[9]: -7.1, flusso erogato: 17.259999999999998, flusso entrante: 10.159999999999997, efficienza: 243.09859154929575 %
Demand del real Source[17]: -25.0, flusso erogato: 25.000000000000007, flusso entrante: 0.0, efficienza: 100.00000000000003 %
Flusso totale entrante nei Real Source: 10.159999999999997
Flusso totale uscente dai Real Source: 53.42
Flusso netto sui real Source: -43.260000000000005
--- SINKS STATISTICS ---
Sink 3 SODDISFATTO. Flusso netto: 3.429999999999999, Demand: 3.43, percentage: 99.99999999999997
Sink 4 SODDISFATTO. Flusso netto: 0.5700000000000003, Demand: 0.57, percentage: 100.00000000000007
Sink 5 SODDISFATTO. Flusso netto: 0.6599999999999993, Demand: 0.66, percentage: 99.99999999999987
Sink 11 SODDISFATTO. Flusso netto: 1.0300000000000011, Demand: 1.03, percentage: 100.00000000000011
Sink 15 SODDISFATTO. Flusso netto: 0.4600000000000044, Demand: 0.46, percentage: 100.00000000000095
Sink 16 SODDISFATTO. Flusso netto: 8.399999999999993, Demand: 8.4, percentage: 99.99999999999991
Sink 19 SODDISFATTO. Flusso netto: 0.5399999999999938, Demand: 0.54, percentage: 99.99999999999885
Sink 23 SODDISFATTO. Flusso netto: 0.5999999999999996, Demand: 0.6, percentage: 99.99999999999994
Sink 24 SODDISFATTO. Flusso netto: 0.8000000000000007, Demand: 0.8, percentage: 100.00000000000009
Sink 25 SODDISFATTO. Flusso netto: 3.5, Demand: 3.5, percentage: 100.0
Sink 26 SODDISFATTO. Flusso netto: 6.000000000000007, Demand: 6.0, percentage: 100.00000000000011
Sink 28 SODDISFATTO. Flusso netto: 0.4, Demand: 0.4, percentage: 100.0
Sink 30 SODDISFATTO. Flusso netto: 0.9799999999999933, Demand: 0.98, percentage: 99.99999999999932
Sink 31 SODDISFATTO. Flusso netto: 0.3999999999999999, Demand: 0.4, percentage: 99.99999999999997
Sink 32 SODDISFATTO. Flusso netto: 0.9999999999999989, Demand: 1.0, percentage: 99.99999999999989
Sink 34 SODDISFATTO. Flusso netto: 1.7400000000000002, Demand: 1.74, percentage: 100.00000000000003
Sink 35 SODDISFATTO. Flusso netto: 1.3, Demand: 1.3, percentage: 100.0
Sink 37 SODDISFATTO. Flusso netto: 1.0, Demand: 1.0, percentage: 100.0
Sink 39 SODDISFATTO. Flusso netto: 0.40000000000000036, Demand: 0.4, percentage: 100.00000000000009
Sink 40 SODDISFATTO. Flusso netto: 0.5, Demand: 0.5, percentage: 100.0
Sink 41 SODDISFATTO. Flusso netto: 1.0599999999999996, Demand: 1.06, percentage: 99.99999999999996
Sink 42 SODDISFATTO. Flusso netto: 2.820000000000001, Demand: 2.82, percentage: 100.00000000000004
Sink 45 SODDISFATTO. Flusso netto: 0.6800000000000002, Demand: 0.68, percentage: 100.00000000000003
Sink 46 SODDISFATTO. Flusso netto: 1.17, Demand: 1.17, percentage: 100.0
Sink 49 non è soddisfatto. Flusso netto: 3.8200000000000003, Demand: 7.0, percentage: 54.57142857142857
Flusso totale entrante nei SINK: 88.47
Flusso totale uscente nei SINK: 45.21000000000001
Flusso totale netto nei SINK: 43.25999999999999
Total DEMAND dei SINK: 46.44
Percentual di flusso ai SINK: 0.9315245478036174
Numero di Sink soddisfatti: 24.0, numero totale di sink: 25.0
Percentuale di Sink soddisfatti: 0.96

---------------------------------- DAY 230

Update Fixed Elements from Intrinsic Faults
Source NODO_2 fixed from Intrinsic Fault
Pipeline ARCO_70 fixed due to Source NODO_2 fixing from Intrinsic Fault
Pipeline V_EDGE_53_0 fixed due to Source NODO_2 fixing from Intrinsic Fault
Pipeline ARCO_0 fixed due to Source NODO_2 fixing from Intrinsic Fault
Update Fixed Elements from Heavy Faults
Update Fixed Elements from Attack
Propagate Intrinsic Fault
Node NODO_10 has still failing due to Intrinsic Fault
pipeline ARCO_17 still has reduced capacity: 0.0 due to Intrinsic Fault
pipeline ARCO_88 still has reduced capacity: 0.0 due to Intrinsic Fault
pipeline ARCO_89 still has reduced capacity: 0.0 due to Intrinsic Fault
pipeline V_EDGE_53_8 still has reduced capacity: 0.0 due to Intrinsic Fault
pipeline ARCO_18 still has reduced capacity: 0.0 due to Intrinsic Fault
pipeline ARCO_19 still has reduced capacity: 0.0 due to Intrinsic Fault
pipeline ARCO_87 still has reduced capacity: 0.0 due to Intrinsic Fault
Propagate Heavy Faults
Propagate Attacks
Inject Intrinsic Failure To Source
Inject Heavy Fault To Sources
Inject Attack Multiple To Source
Inject Intrinsic Fault To Pipeline
Inject Heavy Fault To Pipeline
Inject Attack To Pipeline
----------- Statistics ------------
	Sources Under Attack: 0
	Sources with Heavy Fault: 0
	Sources with Intrinsic Fault: 1
	Arcs with reduce capacity due to Attack: 0
	Arcs with reduce capacity due to Heavy Fault: 0
	Arcs with reduce capacity due to Intrinsic Fault: 7
	Arcs with Attacks: 0
	Arcs with Heavy Fault: 0
	Arcs with Intrinsic Fault: 0
--------- SOURCES STATISTICS ---------------
Demand del real Source[0]: -31.0, flusso erogato: 11.159999999999997, flusso entrante: 0.0, efficienza: 35.999999999999986 %
Demand del real Source[8]: -10.5, flusso erogato: 0.0, flusso entrante: 0.0, efficienza: 0.0 %
Demand del real Source[9]: -7.1, flusso erogato: 17.259999999999998, flusso entrante: 10.159999999999997, efficienza: 243.09859154929575 %
Demand del real Source[17]: -25.0, flusso erogato: 25.000000000000007, flusso entrante: 0.0, efficienza: 100.00000000000003 %
Flusso totale entrante nei Real Source: 10.159999999999997
Flusso totale uscente dai Real Source: 53.42
Flusso netto sui real Source: -43.260000000000005
--- SINKS STATISTICS ---
Sink 3 SODDISFATTO. Flusso netto: 3.429999999999999, Demand: 3.43, percentage: 99.99999999999997
Sink 4 SODDISFATTO. Flusso netto: 0.5700000000000003, Demand: 0.57, percentage: 100.00000000000007
Sink 5 SODDISFATTO. Flusso netto: 0.6599999999999993, Demand: 0.66, percentage: 99.99999999999987
Sink 11 SODDISFATTO. Flusso netto: 1.0300000000000011, Demand: 1.03, percentage: 100.00000000000011
Sink 15 SODDISFATTO. Flusso netto: 0.4600000000000044, Demand: 0.46, percentage: 100.00000000000095
Sink 16 SODDISFATTO. Flusso netto: 8.399999999999993, Demand: 8.4, percentage: 99.99999999999991
Sink 19 SODDISFATTO. Flusso netto: 0.5399999999999938, Demand: 0.54, percentage: 99.99999999999885
Sink 23 SODDISFATTO. Flusso netto: 0.5999999999999996, Demand: 0.6, percentage: 99.99999999999994
Sink 24 SODDISFATTO. Flusso netto: 0.8000000000000007, Demand: 0.8, percentage: 100.00000000000009
Sink 25 SODDISFATTO. Flusso netto: 3.5, Demand: 3.5, percentage: 100.0
Sink 26 SODDISFATTO. Flusso netto: 6.000000000000007, Demand: 6.0, percentage: 100.00000000000011
Sink 28 SODDISFATTO. Flusso netto: 0.4, Demand: 0.4, percentage: 100.0
Sink 30 SODDISFATTO. Flusso netto: 0.9799999999999933, Demand: 0.98, percentage: 99.99999999999932
Sink 31 SODDISFATTO. Flusso netto: 0.3999999999999999, Demand: 0.4, percentage: 99.99999999999997
Sink 32 SODDISFATTO. Flusso netto: 0.9999999999999989, Demand: 1.0, percentage: 99.99999999999989
Sink 34 SODDISFATTO. Flusso netto: 1.7400000000000002, Demand: 1.74, percentage: 100.00000000000003
Sink 35 SODDISFATTO. Flusso netto: 1.3, Demand: 1.3, percentage: 100.0
Sink 37 SODDISFATTO. Flusso netto: 1.0, Demand: 1.0, percentage: 100.0
Sink 39 SODDISFATTO. Flusso netto: 0.40000000000000036, Demand: 0.4, percentage: 100.00000000000009
Sink 40 SODDISFATTO. Flusso netto: 0.5, Demand: 0.5, percentage: 100.0
Sink 41 SODDISFATTO. Flusso netto: 1.0599999999999996, Demand: 1.06, percentage: 99.99999999999996
Sink 42 SODDISFATTO. Flusso netto: 2.820000000000001, Demand: 2.82, percentage: 100.00000000000004
Sink 45 SODDISFATTO. Flusso netto: 0.6800000000000002, Demand: 0.68, percentage: 100.00000000000003
Sink 46 SODDISFATTO. Flusso netto: 1.17, Demand: 1.17, percentage: 100.0
Sink 49 non è soddisfatto. Flusso netto: 3.8200000000000003, Demand: 7.0, percentage: 54.57142857142857
Flusso totale entrante nei SINK: 88.47
Flusso totale uscente nei SINK: 45.21000000000001
Flusso totale netto nei SINK: 43.25999999999999
Total DEMAND dei SINK: 46.44
Percentual di flusso ai SINK: 0.9315245478036174
Numero di Sink soddisfatti: 24.0, numero totale di sink: 25.0
Percentuale di Sink soddisfatti: 0.96

---------------------------------- DAY 231

Update Fixed Elements from Intrinsic Faults
Source NODO_10 fixed from Intrinsic Fault
Pipeline ARCO_17 fixed due to Source NODO_10 fixing from Intrinsic Fault
Pipeline ARCO_88 fixed due to Source NODO_10 fixing from Intrinsic Fault
Pipeline ARCO_89 fixed due to Source NODO_10 fixing from Intrinsic Fault
Pipeline V_EDGE_53_8 fixed due to Source NODO_10 fixing from Intrinsic Fault
Pipeline ARCO_18 fixed due to Source NODO_10 fixing from Intrinsic Fault
Pipeline ARCO_19 fixed due to Source NODO_10 fixing from Intrinsic Fault
Pipeline ARCO_87 fixed due to Source NODO_10 fixing from Intrinsic Fault
Update Fixed Elements from Heavy Faults
Update Fixed Elements from Attack
Propagate Intrinsic Fault
Propagate Heavy Faults
Propagate Attacks
Inject Intrinsic Failure To Source
Inject Heavy Fault To Sources
Inject Attack Multiple To Source
Inject Intrinsic Fault To Pipeline
Inject Heavy Fault To Pipeline
Inject Attack To Pipeline
----------- Statistics ------------
	Sources Under Attack: 0
	Sources with Heavy Fault: 0
	Sources with Intrinsic Fault: 0
	Arcs with reduce capacity due to Attack: 0
	Arcs with reduce capacity due to Heavy Fault: 0
	Arcs with reduce capacity due to Intrinsic Fault: 0
	Arcs with Attacks: 0
	Arcs with Heavy Fault: 0
	Arcs with Intrinsic Fault: 0
--------- SOURCES STATISTICS ---------------
Demand del real Source[0]: -31.0, flusso erogato: 8.069999999999997, flusso entrante: 0.0, efficienza: 26.032258064516117 %
Demand del real Source[8]: -10.5, flusso erogato: 3.8600000000000003, flusso entrante: 0.0, efficienza: 36.76190476190476 %
Demand del real Source[9]: -7.1, flusso erogato: 14.169999999999996, flusso entrante: 7.070000000000007, efficienza: 199.57746478873236 %
Demand del real Source[17]: -25.0, flusso erogato: 25.000000000000007, flusso entrante: 0.0, efficienza: 100.00000000000003 %
Flusso totale entrante nei Real Source: 7.070000000000007
Flusso totale uscente dai Real Source: 51.1
Flusso netto sui real Source: -44.029999999999994
--- SINKS STATISTICS ---
Sink 3 SODDISFATTO. Flusso netto: 3.4299999999999997, Demand: 3.43, percentage: 99.99999999999999
Sink 4 SODDISFATTO. Flusso netto: 0.5700000000000003, Demand: 0.57, percentage: 100.00000000000007
Sink 5 SODDISFATTO. Flusso netto: 0.6600000000000019, Demand: 0.66, percentage: 100.00000000000028
Sink 11 SODDISFATTO. Flusso netto: 1.03, Demand: 1.03, percentage: 100.0
Sink 15 SODDISFATTO. Flusso netto: 0.4600000000000044, Demand: 0.46, percentage: 100.00000000000095
Sink 16 SODDISFATTO. Flusso netto: 8.399999999999993, Demand: 8.4, percentage: 99.99999999999991
Sink 19 SODDISFATTO. Flusso netto: 0.5399999999999938, Demand: 0.54, percentage: 99.99999999999885
Sink 23 SODDISFATTO. Flusso netto: 0.5999999999999996, Demand: 0.6, percentage: 99.99999999999994
Sink 24 SODDISFATTO. Flusso netto: 0.8000000000000007, Demand: 0.8, percentage: 100.00000000000009
Sink 25 SODDISFATTO. Flusso netto: 3.5, Demand: 3.5, percentage: 100.0
Sink 26 SODDISFATTO. Flusso netto: 6.000000000000007, Demand: 6.0, percentage: 100.00000000000011
Sink 28 SODDISFATTO. Flusso netto: 0.4, Demand: 0.4, percentage: 100.0
Sink 30 SODDISFATTO. Flusso netto: 0.9799999999999933, Demand: 0.98, percentage: 99.99999999999932
Sink 31 SODDISFATTO. Flusso netto: 0.3999999999999999, Demand: 0.4, percentage: 99.99999999999997
Sink 32 SODDISFATTO. Flusso netto: 0.9999999999999989, Demand: 1.0, percentage: 99.99999999999989
Sink 34 SODDISFATTO. Flusso netto: 1.7400000000000002, Demand: 1.74, percentage: 100.00000000000003
Sink 35 SODDISFATTO. Flusso netto: 1.3, Demand: 1.3, percentage: 100.0
Sink 37 SODDISFATTO. Flusso netto: 1.0, Demand: 1.0, percentage: 100.0
Sink 39 SODDISFATTO. Flusso netto: 0.40000000000000036, Demand: 0.4, percentage: 100.00000000000009
Sink 40 SODDISFATTO. Flusso netto: 0.5, Demand: 0.5, percentage: 100.0
Sink 41 SODDISFATTO. Flusso netto: 1.0600000000000005, Demand: 1.06, percentage: 100.00000000000004
Sink 42 SODDISFATTO. Flusso netto: 2.8200000000000007, Demand: 2.82, percentage: 100.00000000000003
Sink 45 SODDISFATTO. Flusso netto: 0.6800000000000002, Demand: 0.68, percentage: 100.00000000000003
Sink 46 SODDISFATTO. Flusso netto: 1.17, Demand: 1.17, percentage: 100.0
Sink 49 non è soddisfatto. Flusso netto: 4.59, Demand: 7.0, percentage: 65.57142857142857
Flusso totale entrante nei SINK: 86.46000000000001
Flusso totale uscente nei SINK: 42.430000000000014
Flusso totale netto nei SINK: 44.029999999999994
Total DEMAND dei SINK: 46.44
Percentual di flusso ai SINK: 0.9481050818260119
Numero di Sink soddisfatti: 24.0, numero totale di sink: 25.0
Percentuale di Sink soddisfatti: 0.96

---------------------------------- DAY 232

Update Fixed Elements from Intrinsic Faults
Update Fixed Elements from Heavy Faults
Update Fixed Elements from Attack
Propagate Intrinsic Fault
Propagate Heavy Faults
Propagate Attacks
Inject Intrinsic Failure To Source
Source NODO_11 is failing for an Intrinsic Fault in day: 232
pipeline ARCO_3 has reduced capacity due to NODO_11 Intrinsic fault
pipeline ARCO_90 has reduced capacity due to NODO_11 Intrinsic fault
pipeline ARCO_91 has reduced capacity due to NODO_11 Intrinsic fault
pipeline ARCO_92 has reduced capacity due to NODO_11 Intrinsic fault
pipeline V_EDGE_53_9 has reduced capacity due to NODO_11 Intrinsic fault
pipeline ARCO_20 has reduced capacity due to NODO_11 Intrinsic fault
pipeline ARCO_21 has reduced capacity due to NODO_11 Intrinsic fault
pipeline ARCO_22 has reduced capacity due to NODO_11 Intrinsic fault
pipeline ARCO_73 has reduced capacity due to NODO_11 Intrinsic fault
Inject Heavy Fault To Sources
Inject Attack Multiple To Source
Inject Intrinsic Fault To Pipeline
Inject Heavy Fault To Pipeline
Inject Attack To Pipeline
----------- Statistics ------------
	Sources Under Attack: 0
	Sources with Heavy Fault: 0
	Sources with Intrinsic Fault: 1
	Arcs with reduce capacity due to Attack: 0
	Arcs with reduce capacity due to Heavy Fault: 0
	Arcs with reduce capacity due to Intrinsic Fault: 9
	Arcs with Attacks: 0
	Arcs with Heavy Fault: 0
	Arcs with Intrinsic Fault: 0
--------- SOURCES STATISTICS ---------------
Demand del real Source[0]: -31.0, flusso erogato: 8.729999999999993, flusso entrante: 0.0, efficienza: 28.161290322580623 %
Demand del real Source[8]: -10.5, flusso erogato: 3.8600000000000003, flusso entrante: 0.0, efficienza: 36.76190476190476 %
Demand del real Source[9]: -7.1, flusso erogato: 13.409999999999997, flusso entrante: 7.73, efficienza: 188.87323943661968 %
Demand del real Source[17]: -25.0, flusso erogato: 25.000000000000007, flusso entrante: 0.0, efficienza: 100.00000000000003 %
Flusso totale entrante nei Real Source: 7.73
Flusso totale uscente dai Real Source: 51.0
Flusso netto sui real Source: -43.269999999999996
--- SINKS STATISTICS ---
Sink 3 SODDISFATTO. Flusso netto: 3.4299999999999997, Demand: 3.43, percentage: 99.99999999999999
Sink 4 SODDISFATTO. Flusso netto: 0.5700000000000003, Demand: 0.57, percentage: 100.00000000000007
Sink 5 SODDISFATTO. Flusso netto: 0.6600000000000001, Demand: 0.66, percentage: 100.00000000000003
Sink 11 SODDISFATTO. Flusso netto: 1.03, Demand: 1.03, percentage: 100.0
Sink 15 SODDISFATTO. Flusso netto: 0.4600000000000044, Demand: 0.46, percentage: 100.00000000000095
Sink 16 SODDISFATTO. Flusso netto: 8.399999999999993, Demand: 8.4, percentage: 99.99999999999991
Sink 19 SODDISFATTO. Flusso netto: 0.5399999999999938, Demand: 0.54, percentage: 99.99999999999885
Sink 23 SODDISFATTO. Flusso netto: 0.5999999999999996, Demand: 0.6, percentage: 99.99999999999994
Sink 24 SODDISFATTO. Flusso netto: 0.8000000000000007, Demand: 0.8, percentage: 100.00000000000009
Sink 25 SODDISFATTO. Flusso netto: 3.5, Demand: 3.5, percentage: 100.0
Sink 26 SODDISFATTO. Flusso netto: 6.000000000000007, Demand: 6.0, percentage: 100.00000000000011
Sink 28 SODDISFATTO. Flusso netto: 0.4, Demand: 0.4, percentage: 100.0
Sink 30 SODDISFATTO. Flusso netto: 0.9799999999999933, Demand: 0.98, percentage: 99.99999999999932
Sink 31 SODDISFATTO. Flusso netto: 0.3999999999999999, Demand: 0.4, percentage: 99.99999999999997
Sink 32 SODDISFATTO. Flusso netto: 0.9999999999999989, Demand: 1.0, percentage: 99.99999999999989
Sink 34 SODDISFATTO. Flusso netto: 1.7400000000000002, Demand: 1.74, percentage: 100.00000000000003
Sink 35 SODDISFATTO. Flusso netto: 1.3, Demand: 1.3, percentage: 100.0
Sink 37 SODDISFATTO. Flusso netto: 1.0, Demand: 1.0, percentage: 100.0
Sink 39 SODDISFATTO. Flusso netto: 0.40000000000000036, Demand: 0.4, percentage: 100.00000000000009
Sink 40 SODDISFATTO. Flusso netto: 0.5, Demand: 0.5, percentage: 100.0
Sink 41 SODDISFATTO. Flusso netto: 1.0600000000000005, Demand: 1.06, percentage: 100.00000000000004
Sink 42 SODDISFATTO. Flusso netto: 2.819999999999999, Demand: 2.82, percentage: 99.99999999999997
Sink 45 SODDISFATTO. Flusso netto: 0.6800000000000002, Demand: 0.68, percentage: 100.00000000000003
Sink 46 SODDISFATTO. Flusso netto: 1.17, Demand: 1.17, percentage: 100.0
Sink 49 non è soddisfatto. Flusso netto: 3.83, Demand: 7.0, percentage: 54.714285714285715
Flusso totale entrante nei SINK: 85.282
Flusso totale uscente nei SINK: 42.01200000000001
Flusso totale netto nei SINK: 43.26999999999999
Total DEMAND dei SINK: 46.44
Percentual di flusso ai SINK: 0.9317398794142978
Numero di Sink soddisfatti: 24.0, numero totale di sink: 25.0
Percentuale di Sink soddisfatti: 0.96

---------------------------------- DAY 233

Update Fixed Elements from Intrinsic Faults
Update Fixed Elements from Heavy Faults
Update Fixed Elements from Attack
Propagate Intrinsic Fault
Node NODO_11 has still failing due to Intrinsic Fault
pipeline ARCO_3 still has reduced capacity: 9.688 due to Intrinsic Fault
pipeline ARCO_90 still has reduced capacity: 1.6 due to Intrinsic Fault
pipeline ARCO_91 still has reduced capacity: 9.688 due to Intrinsic Fault
pipeline ARCO_92 still has reduced capacity: 39.328 due to Intrinsic Fault
pipeline V_EDGE_53_9 still has reduced capacity: 5.68 due to Intrinsic Fault
pipeline ARCO_20 still has reduced capacity: 1.6 due to Intrinsic Fault
pipeline ARCO_21 still has reduced capacity: 9.688 due to Intrinsic Fault
pipeline ARCO_22 still has reduced capacity: 39.328 due to Intrinsic Fault
pipeline ARCO_73 still has reduced capacity: 9.688 due to Intrinsic Fault
Propagate Heavy Faults
Propagate Attacks
Inject Intrinsic Failure To Source
Inject Heavy Fault To Sources
Inject Attack Multiple To Source
Inject Intrinsic Fault To Pipeline
Inject Heavy Fault To Pipeline
Inject Attack To Pipeline
----------- Statistics ------------
	Sources Under Attack: 0
	Sources with Heavy Fault: 0
	Sources with Intrinsic Fault: 1
	Arcs with reduce capacity due to Attack: 0
	Arcs with reduce capacity due to Heavy Fault: 0
	Arcs with reduce capacity due to Intrinsic Fault: 9
	Arcs with Attacks: 0
	Arcs with Heavy Fault: 0
	Arcs with Intrinsic Fault: 0
--------- SOURCES STATISTICS ---------------
Demand del real Source[0]: -31.0, flusso erogato: 8.729999999999993, flusso entrante: 0.0, efficienza: 28.161290322580623 %
Demand del real Source[8]: -10.5, flusso erogato: 3.8600000000000003, flusso entrante: 0.0, efficienza: 36.76190476190476 %
Demand del real Source[9]: -7.1, flusso erogato: 13.409999999999997, flusso entrante: 7.73, efficienza: 188.87323943661968 %
Demand del real Source[17]: -25.0, flusso erogato: 25.000000000000007, flusso entrante: 0.0, efficienza: 100.00000000000003 %
Flusso totale entrante nei Real Source: 7.73
Flusso totale uscente dai Real Source: 51.0
Flusso netto sui real Source: -43.269999999999996
--- SINKS STATISTICS ---
Sink 3 SODDISFATTO. Flusso netto: 3.4299999999999997, Demand: 3.43, percentage: 99.99999999999999
Sink 4 SODDISFATTO. Flusso netto: 0.5700000000000003, Demand: 0.57, percentage: 100.00000000000007
Sink 5 SODDISFATTO. Flusso netto: 0.6600000000000001, Demand: 0.66, percentage: 100.00000000000003
Sink 11 SODDISFATTO. Flusso netto: 1.03, Demand: 1.03, percentage: 100.0
Sink 15 SODDISFATTO. Flusso netto: 0.4600000000000044, Demand: 0.46, percentage: 100.00000000000095
Sink 16 SODDISFATTO. Flusso netto: 8.399999999999993, Demand: 8.4, percentage: 99.99999999999991
Sink 19 SODDISFATTO. Flusso netto: 0.5399999999999938, Demand: 0.54, percentage: 99.99999999999885
Sink 23 SODDISFATTO. Flusso netto: 0.5999999999999996, Demand: 0.6, percentage: 99.99999999999994
Sink 24 SODDISFATTO. Flusso netto: 0.8000000000000007, Demand: 0.8, percentage: 100.00000000000009
Sink 25 SODDISFATTO. Flusso netto: 3.5, Demand: 3.5, percentage: 100.0
Sink 26 SODDISFATTO. Flusso netto: 6.000000000000007, Demand: 6.0, percentage: 100.00000000000011
Sink 28 SODDISFATTO. Flusso netto: 0.4, Demand: 0.4, percentage: 100.0
Sink 30 SODDISFATTO. Flusso netto: 0.9799999999999933, Demand: 0.98, percentage: 99.99999999999932
Sink 31 SODDISFATTO. Flusso netto: 0.3999999999999999, Demand: 0.4, percentage: 99.99999999999997
Sink 32 SODDISFATTO. Flusso netto: 0.9999999999999989, Demand: 1.0, percentage: 99.99999999999989
Sink 34 SODDISFATTO. Flusso netto: 1.7400000000000002, Demand: 1.74, percentage: 100.00000000000003
Sink 35 SODDISFATTO. Flusso netto: 1.3, Demand: 1.3, percentage: 100.0
Sink 37 SODDISFATTO. Flusso netto: 1.0, Demand: 1.0, percentage: 100.0
Sink 39 SODDISFATTO. Flusso netto: 0.40000000000000036, Demand: 0.4, percentage: 100.00000000000009
Sink 40 SODDISFATTO. Flusso netto: 0.5, Demand: 0.5, percentage: 100.0
Sink 41 SODDISFATTO. Flusso netto: 1.0600000000000005, Demand: 1.06, percentage: 100.00000000000004
Sink 42 SODDISFATTO. Flusso netto: 2.819999999999999, Demand: 2.82, percentage: 99.99999999999997
Sink 45 SODDISFATTO. Flusso netto: 0.6800000000000002, Demand: 0.68, percentage: 100.00000000000003
Sink 46 SODDISFATTO. Flusso netto: 1.17, Demand: 1.17, percentage: 100.0
Sink 49 non è soddisfatto. Flusso netto: 3.83, Demand: 7.0, percentage: 54.714285714285715
Flusso totale entrante nei SINK: 85.282
Flusso totale uscente nei SINK: 42.01200000000001
Flusso totale netto nei SINK: 43.26999999999999
Total DEMAND dei SINK: 46.44
Percentual di flusso ai SINK: 0.9317398794142978
Numero di Sink soddisfatti: 24.0, numero totale di sink: 25.0
Percentuale di Sink soddisfatti: 0.96

---------------------------------- DAY 234

Update Fixed Elements from Intrinsic Faults
Update Fixed Elements from Heavy Faults
Update Fixed Elements from Attack
Propagate Intrinsic Fault
Node NODO_11 has still failing due to Intrinsic Fault
pipeline ARCO_3 still has reduced capacity: 9.688 due to Intrinsic Fault
pipeline ARCO_90 still has reduced capacity: 1.6 due to Intrinsic Fault
pipeline ARCO_91 still has reduced capacity: 9.688 due to Intrinsic Fault
pipeline ARCO_92 still has reduced capacity: 39.328 due to Intrinsic Fault
pipeline V_EDGE_53_9 still has reduced capacity: 5.68 due to Intrinsic Fault
pipeline ARCO_20 still has reduced capacity: 1.6 due to Intrinsic Fault
pipeline ARCO_21 still has reduced capacity: 9.688 due to Intrinsic Fault
pipeline ARCO_22 still has reduced capacity: 39.328 due to Intrinsic Fault
pipeline ARCO_73 still has reduced capacity: 9.688 due to Intrinsic Fault
Propagate Heavy Faults
Propagate Attacks
Inject Intrinsic Failure To Source
Inject Heavy Fault To Sources
Inject Attack Multiple To Source
Inject Intrinsic Fault To Pipeline
Inject Heavy Fault To Pipeline
Inject Attack To Pipeline
----------- Statistics ------------
	Sources Under Attack: 0
	Sources with Heavy Fault: 0
	Sources with Intrinsic Fault: 1
	Arcs with reduce capacity due to Attack: 0
	Arcs with reduce capacity due to Heavy Fault: 0
	Arcs with reduce capacity due to Intrinsic Fault: 9
	Arcs with Attacks: 0
	Arcs with Heavy Fault: 0
	Arcs with Intrinsic Fault: 0
--------- SOURCES STATISTICS ---------------
Demand del real Source[0]: -31.0, flusso erogato: 8.729999999999993, flusso entrante: 0.0, efficienza: 28.161290322580623 %
Demand del real Source[8]: -10.5, flusso erogato: 3.8600000000000003, flusso entrante: 0.0, efficienza: 36.76190476190476 %
Demand del real Source[9]: -7.1, flusso erogato: 13.409999999999997, flusso entrante: 7.73, efficienza: 188.87323943661968 %
Demand del real Source[17]: -25.0, flusso erogato: 25.000000000000007, flusso entrante: 0.0, efficienza: 100.00000000000003 %
Flusso totale entrante nei Real Source: 7.73
Flusso totale uscente dai Real Source: 51.0
Flusso netto sui real Source: -43.269999999999996
--- SINKS STATISTICS ---
Sink 3 SODDISFATTO. Flusso netto: 3.4299999999999997, Demand: 3.43, percentage: 99.99999999999999
Sink 4 SODDISFATTO. Flusso netto: 0.5700000000000003, Demand: 0.57, percentage: 100.00000000000007
Sink 5 SODDISFATTO. Flusso netto: 0.6600000000000001, Demand: 0.66, percentage: 100.00000000000003
Sink 11 SODDISFATTO. Flusso netto: 1.03, Demand: 1.03, percentage: 100.0
Sink 15 SODDISFATTO. Flusso netto: 0.4600000000000044, Demand: 0.46, percentage: 100.00000000000095
Sink 16 SODDISFATTO. Flusso netto: 8.399999999999993, Demand: 8.4, percentage: 99.99999999999991
Sink 19 SODDISFATTO. Flusso netto: 0.5399999999999938, Demand: 0.54, percentage: 99.99999999999885
Sink 23 SODDISFATTO. Flusso netto: 0.5999999999999996, Demand: 0.6, percentage: 99.99999999999994
Sink 24 SODDISFATTO. Flusso netto: 0.8000000000000007, Demand: 0.8, percentage: 100.00000000000009
Sink 25 SODDISFATTO. Flusso netto: 3.5, Demand: 3.5, percentage: 100.0
Sink 26 SODDISFATTO. Flusso netto: 6.000000000000007, Demand: 6.0, percentage: 100.00000000000011
Sink 28 SODDISFATTO. Flusso netto: 0.4, Demand: 0.4, percentage: 100.0
Sink 30 SODDISFATTO. Flusso netto: 0.9799999999999933, Demand: 0.98, percentage: 99.99999999999932
Sink 31 SODDISFATTO. Flusso netto: 0.3999999999999999, Demand: 0.4, percentage: 99.99999999999997
Sink 32 SODDISFATTO. Flusso netto: 0.9999999999999989, Demand: 1.0, percentage: 99.99999999999989
Sink 34 SODDISFATTO. Flusso netto: 1.7400000000000002, Demand: 1.74, percentage: 100.00000000000003
Sink 35 SODDISFATTO. Flusso netto: 1.3, Demand: 1.3, percentage: 100.0
Sink 37 SODDISFATTO. Flusso netto: 1.0, Demand: 1.0, percentage: 100.0
Sink 39 SODDISFATTO. Flusso netto: 0.40000000000000036, Demand: 0.4, percentage: 100.00000000000009
Sink 40 SODDISFATTO. Flusso netto: 0.5, Demand: 0.5, percentage: 100.0
Sink 41 SODDISFATTO. Flusso netto: 1.0600000000000005, Demand: 1.06, percentage: 100.00000000000004
Sink 42 SODDISFATTO. Flusso netto: 2.819999999999999, Demand: 2.82, percentage: 99.99999999999997
Sink 45 SODDISFATTO. Flusso netto: 0.6800000000000002, Demand: 0.68, percentage: 100.00000000000003
Sink 46 SODDISFATTO. Flusso netto: 1.17, Demand: 1.17, percentage: 100.0
Sink 49 non è soddisfatto. Flusso netto: 3.83, Demand: 7.0, percentage: 54.714285714285715
Flusso totale entrante nei SINK: 85.282
Flusso totale uscente nei SINK: 42.01200000000001
Flusso totale netto nei SINK: 43.26999999999999
Total DEMAND dei SINK: 46.44
Percentual di flusso ai SINK: 0.9317398794142978
Numero di Sink soddisfatti: 24.0, numero totale di sink: 25.0
Percentuale di Sink soddisfatti: 0.96

---------------------------------- DAY 235

Update Fixed Elements from Intrinsic Faults
Source NODO_11 fixed from Intrinsic Fault
Pipeline ARCO_3 fixed due to Source NODO_11 fixing from Intrinsic Fault
Pipeline ARCO_90 fixed due to Source NODO_11 fixing from Intrinsic Fault
Pipeline ARCO_91 fixed due to Source NODO_11 fixing from Intrinsic Fault
Pipeline ARCO_92 fixed due to Source NODO_11 fixing from Intrinsic Fault
Pipeline V_EDGE_53_9 fixed due to Source NODO_11 fixing from Intrinsic Fault
Pipeline ARCO_20 fixed due to Source NODO_11 fixing from Intrinsic Fault
Pipeline ARCO_21 fixed due to Source NODO_11 fixing from Intrinsic Fault
Pipeline ARCO_22 fixed due to Source NODO_11 fixing from Intrinsic Fault
Pipeline ARCO_73 fixed due to Source NODO_11 fixing from Intrinsic Fault
Update Fixed Elements from Heavy Faults
Update Fixed Elements from Attack
Propagate Intrinsic Fault
Propagate Heavy Faults
Propagate Attacks
Inject Intrinsic Failure To Source
Inject Heavy Fault To Sources
Inject Attack Multiple To Source
Inject Intrinsic Fault To Pipeline
Inject Heavy Fault To Pipeline
Inject Attack To Pipeline
----------- Statistics ------------
	Sources Under Attack: 0
	Sources with Heavy Fault: 0
	Sources with Intrinsic Fault: 0
	Arcs with reduce capacity due to Attack: 0
	Arcs with reduce capacity due to Heavy Fault: 0
	Arcs with reduce capacity due to Intrinsic Fault: 0
	Arcs with Attacks: 0
	Arcs with Heavy Fault: 0
	Arcs with Intrinsic Fault: 0
--------- SOURCES STATISTICS ---------------
Demand del real Source[0]: -31.0, flusso erogato: 8.069999999999997, flusso entrante: 0.0, efficienza: 26.032258064516117 %
Demand del real Source[8]: -10.5, flusso erogato: 3.8600000000000003, flusso entrante: 0.0, efficienza: 36.76190476190476 %
Demand del real Source[9]: -7.1, flusso erogato: 14.169999999999996, flusso entrante: 7.070000000000007, efficienza: 199.57746478873236 %
Demand del real Source[17]: -25.0, flusso erogato: 25.000000000000007, flusso entrante: 0.0, efficienza: 100.00000000000003 %
Flusso totale entrante nei Real Source: 7.070000000000007
Flusso totale uscente dai Real Source: 51.1
Flusso netto sui real Source: -44.029999999999994
--- SINKS STATISTICS ---
Sink 3 SODDISFATTO. Flusso netto: 3.4299999999999997, Demand: 3.43, percentage: 99.99999999999999
Sink 4 SODDISFATTO. Flusso netto: 0.5700000000000003, Demand: 0.57, percentage: 100.00000000000007
Sink 5 SODDISFATTO. Flusso netto: 0.6600000000000019, Demand: 0.66, percentage: 100.00000000000028
Sink 11 SODDISFATTO. Flusso netto: 1.03, Demand: 1.03, percentage: 100.0
Sink 15 SODDISFATTO. Flusso netto: 0.4600000000000044, Demand: 0.46, percentage: 100.00000000000095
Sink 16 SODDISFATTO. Flusso netto: 8.399999999999993, Demand: 8.4, percentage: 99.99999999999991
Sink 19 SODDISFATTO. Flusso netto: 0.5399999999999938, Demand: 0.54, percentage: 99.99999999999885
Sink 23 SODDISFATTO. Flusso netto: 0.5999999999999996, Demand: 0.6, percentage: 99.99999999999994
Sink 24 SODDISFATTO. Flusso netto: 0.8000000000000007, Demand: 0.8, percentage: 100.00000000000009
Sink 25 SODDISFATTO. Flusso netto: 3.5, Demand: 3.5, percentage: 100.0
Sink 26 SODDISFATTO. Flusso netto: 6.000000000000007, Demand: 6.0, percentage: 100.00000000000011
Sink 28 SODDISFATTO. Flusso netto: 0.4, Demand: 0.4, percentage: 100.0
Sink 30 SODDISFATTO. Flusso netto: 0.9799999999999933, Demand: 0.98, percentage: 99.99999999999932
Sink 31 SODDISFATTO. Flusso netto: 0.3999999999999999, Demand: 0.4, percentage: 99.99999999999997
Sink 32 SODDISFATTO. Flusso netto: 0.9999999999999989, Demand: 1.0, percentage: 99.99999999999989
Sink 34 SODDISFATTO. Flusso netto: 1.7400000000000002, Demand: 1.74, percentage: 100.00000000000003
Sink 35 SODDISFATTO. Flusso netto: 1.3, Demand: 1.3, percentage: 100.0
Sink 37 SODDISFATTO. Flusso netto: 1.0, Demand: 1.0, percentage: 100.0
Sink 39 SODDISFATTO. Flusso netto: 0.40000000000000036, Demand: 0.4, percentage: 100.00000000000009
Sink 40 SODDISFATTO. Flusso netto: 0.5, Demand: 0.5, percentage: 100.0
Sink 41 SODDISFATTO. Flusso netto: 1.0600000000000005, Demand: 1.06, percentage: 100.00000000000004
Sink 42 SODDISFATTO. Flusso netto: 2.8200000000000007, Demand: 2.82, percentage: 100.00000000000003
Sink 45 SODDISFATTO. Flusso netto: 0.6800000000000002, Demand: 0.68, percentage: 100.00000000000003
Sink 46 SODDISFATTO. Flusso netto: 1.17, Demand: 1.17, percentage: 100.0
Sink 49 non è soddisfatto. Flusso netto: 4.59, Demand: 7.0, percentage: 65.57142857142857
Flusso totale entrante nei SINK: 86.46000000000001
Flusso totale uscente nei SINK: 42.430000000000014
Flusso totale netto nei SINK: 44.029999999999994
Total DEMAND dei SINK: 46.44
Percentual di flusso ai SINK: 0.9481050818260119
Numero di Sink soddisfatti: 24.0, numero totale di sink: 25.0
Percentuale di Sink soddisfatti: 0.96

---------------------------------- DAY 236

Update Fixed Elements from Intrinsic Faults
Update Fixed Elements from Heavy Faults
Update Fixed Elements from Attack
Propagate Intrinsic Fault
Propagate Heavy Faults
Propagate Attacks
Inject Intrinsic Failure To Source
Inject Heavy Fault To Sources
Inject Attack Multiple To Source
Inject Intrinsic Fault To Pipeline
Inject Heavy Fault To Pipeline
Inject Attack To Pipeline
----------- Statistics ------------
	Sources Under Attack: 0
	Sources with Heavy Fault: 0
	Sources with Intrinsic Fault: 0
	Arcs with reduce capacity due to Attack: 0
	Arcs with reduce capacity due to Heavy Fault: 0
	Arcs with reduce capacity due to Intrinsic Fault: 0
	Arcs with Attacks: 0
	Arcs with Heavy Fault: 0
	Arcs with Intrinsic Fault: 0
--------- SOURCES STATISTICS ---------------
Demand del real Source[0]: -31.0, flusso erogato: 8.069999999999997, flusso entrante: 0.0, efficienza: 26.032258064516117 %
Demand del real Source[8]: -10.5, flusso erogato: 3.8600000000000003, flusso entrante: 0.0, efficienza: 36.76190476190476 %
Demand del real Source[9]: -7.1, flusso erogato: 14.169999999999996, flusso entrante: 7.070000000000007, efficienza: 199.57746478873236 %
Demand del real Source[17]: -25.0, flusso erogato: 25.000000000000007, flusso entrante: 0.0, efficienza: 100.00000000000003 %
Flusso totale entrante nei Real Source: 7.070000000000007
Flusso totale uscente dai Real Source: 51.1
Flusso netto sui real Source: -44.029999999999994
--- SINKS STATISTICS ---
Sink 3 SODDISFATTO. Flusso netto: 3.4299999999999997, Demand: 3.43, percentage: 99.99999999999999
Sink 4 SODDISFATTO. Flusso netto: 0.5700000000000003, Demand: 0.57, percentage: 100.00000000000007
Sink 5 SODDISFATTO. Flusso netto: 0.6600000000000019, Demand: 0.66, percentage: 100.00000000000028
Sink 11 SODDISFATTO. Flusso netto: 1.03, Demand: 1.03, percentage: 100.0
Sink 15 SODDISFATTO. Flusso netto: 0.4600000000000044, Demand: 0.46, percentage: 100.00000000000095
Sink 16 SODDISFATTO. Flusso netto: 8.399999999999993, Demand: 8.4, percentage: 99.99999999999991
Sink 19 SODDISFATTO. Flusso netto: 0.5399999999999938, Demand: 0.54, percentage: 99.99999999999885
Sink 23 SODDISFATTO. Flusso netto: 0.5999999999999996, Demand: 0.6, percentage: 99.99999999999994
Sink 24 SODDISFATTO. Flusso netto: 0.8000000000000007, Demand: 0.8, percentage: 100.00000000000009
Sink 25 SODDISFATTO. Flusso netto: 3.5, Demand: 3.5, percentage: 100.0
Sink 26 SODDISFATTO. Flusso netto: 6.000000000000007, Demand: 6.0, percentage: 100.00000000000011
Sink 28 SODDISFATTO. Flusso netto: 0.4, Demand: 0.4, percentage: 100.0
Sink 30 SODDISFATTO. Flusso netto: 0.9799999999999933, Demand: 0.98, percentage: 99.99999999999932
Sink 31 SODDISFATTO. Flusso netto: 0.3999999999999999, Demand: 0.4, percentage: 99.99999999999997
Sink 32 SODDISFATTO. Flusso netto: 0.9999999999999989, Demand: 1.0, percentage: 99.99999999999989
Sink 34 SODDISFATTO. Flusso netto: 1.7400000000000002, Demand: 1.74, percentage: 100.00000000000003
Sink 35 SODDISFATTO. Flusso netto: 1.3, Demand: 1.3, percentage: 100.0
Sink 37 SODDISFATTO. Flusso netto: 1.0, Demand: 1.0, percentage: 100.0
Sink 39 SODDISFATTO. Flusso netto: 0.40000000000000036, Demand: 0.4, percentage: 100.00000000000009
Sink 40 SODDISFATTO. Flusso netto: 0.5, Demand: 0.5, percentage: 100.0
Sink 41 SODDISFATTO. Flusso netto: 1.0600000000000005, Demand: 1.06, percentage: 100.00000000000004
Sink 42 SODDISFATTO. Flusso netto: 2.8200000000000007, Demand: 2.82, percentage: 100.00000000000003
Sink 45 SODDISFATTO. Flusso netto: 0.6800000000000002, Demand: 0.68, percentage: 100.00000000000003
Sink 46 SODDISFATTO. Flusso netto: 1.17, Demand: 1.17, percentage: 100.0
Sink 49 non è soddisfatto. Flusso netto: 4.59, Demand: 7.0, percentage: 65.57142857142857
Flusso totale entrante nei SINK: 86.46000000000001
Flusso totale uscente nei SINK: 42.430000000000014
Flusso totale netto nei SINK: 44.029999999999994
Total DEMAND dei SINK: 46.44
Percentual di flusso ai SINK: 0.9481050818260119
Numero di Sink soddisfatti: 24.0, numero totale di sink: 25.0
Percentuale di Sink soddisfatti: 0.96

---------------------------------- DAY 237

Update Fixed Elements from Intrinsic Faults
Update Fixed Elements from Heavy Faults
Update Fixed Elements from Attack
Propagate Intrinsic Fault
Propagate Heavy Faults
Propagate Attacks
Inject Intrinsic Failure To Source
Inject Heavy Fault To Sources
Inject Attack Multiple To Source
Inject Intrinsic Fault To Pipeline
Inject Heavy Fault To Pipeline
Inject Attack To Pipeline
----------- Statistics ------------
	Sources Under Attack: 0
	Sources with Heavy Fault: 0
	Sources with Intrinsic Fault: 0
	Arcs with reduce capacity due to Attack: 0
	Arcs with reduce capacity due to Heavy Fault: 0
	Arcs with reduce capacity due to Intrinsic Fault: 0
	Arcs with Attacks: 0
	Arcs with Heavy Fault: 0
	Arcs with Intrinsic Fault: 0
--------- SOURCES STATISTICS ---------------
Demand del real Source[0]: -31.0, flusso erogato: 8.069999999999997, flusso entrante: 0.0, efficienza: 26.032258064516117 %
Demand del real Source[8]: -10.5, flusso erogato: 3.8600000000000003, flusso entrante: 0.0, efficienza: 36.76190476190476 %
Demand del real Source[9]: -7.1, flusso erogato: 14.169999999999996, flusso entrante: 7.070000000000007, efficienza: 199.57746478873236 %
Demand del real Source[17]: -25.0, flusso erogato: 25.000000000000007, flusso entrante: 0.0, efficienza: 100.00000000000003 %
Flusso totale entrante nei Real Source: 7.070000000000007
Flusso totale uscente dai Real Source: 51.1
Flusso netto sui real Source: -44.029999999999994
--- SINKS STATISTICS ---
Sink 3 SODDISFATTO. Flusso netto: 3.4299999999999997, Demand: 3.43, percentage: 99.99999999999999
Sink 4 SODDISFATTO. Flusso netto: 0.5700000000000003, Demand: 0.57, percentage: 100.00000000000007
Sink 5 SODDISFATTO. Flusso netto: 0.6600000000000019, Demand: 0.66, percentage: 100.00000000000028
Sink 11 SODDISFATTO. Flusso netto: 1.03, Demand: 1.03, percentage: 100.0
Sink 15 SODDISFATTO. Flusso netto: 0.4600000000000044, Demand: 0.46, percentage: 100.00000000000095
Sink 16 SODDISFATTO. Flusso netto: 8.399999999999993, Demand: 8.4, percentage: 99.99999999999991
Sink 19 SODDISFATTO. Flusso netto: 0.5399999999999938, Demand: 0.54, percentage: 99.99999999999885
Sink 23 SODDISFATTO. Flusso netto: 0.5999999999999996, Demand: 0.6, percentage: 99.99999999999994
Sink 24 SODDISFATTO. Flusso netto: 0.8000000000000007, Demand: 0.8, percentage: 100.00000000000009
Sink 25 SODDISFATTO. Flusso netto: 3.5, Demand: 3.5, percentage: 100.0
Sink 26 SODDISFATTO. Flusso netto: 6.000000000000007, Demand: 6.0, percentage: 100.00000000000011
Sink 28 SODDISFATTO. Flusso netto: 0.4, Demand: 0.4, percentage: 100.0
Sink 30 SODDISFATTO. Flusso netto: 0.9799999999999933, Demand: 0.98, percentage: 99.99999999999932
Sink 31 SODDISFATTO. Flusso netto: 0.3999999999999999, Demand: 0.4, percentage: 99.99999999999997
Sink 32 SODDISFATTO. Flusso netto: 0.9999999999999989, Demand: 1.0, percentage: 99.99999999999989
Sink 34 SODDISFATTO. Flusso netto: 1.7400000000000002, Demand: 1.74, percentage: 100.00000000000003
Sink 35 SODDISFATTO. Flusso netto: 1.3, Demand: 1.3, percentage: 100.0
Sink 37 SODDISFATTO. Flusso netto: 1.0, Demand: 1.0, percentage: 100.0
Sink 39 SODDISFATTO. Flusso netto: 0.40000000000000036, Demand: 0.4, percentage: 100.00000000000009
Sink 40 SODDISFATTO. Flusso netto: 0.5, Demand: 0.5, percentage: 100.0
Sink 41 SODDISFATTO. Flusso netto: 1.0600000000000005, Demand: 1.06, percentage: 100.00000000000004
Sink 42 SODDISFATTO. Flusso netto: 2.8200000000000007, Demand: 2.82, percentage: 100.00000000000003
Sink 45 SODDISFATTO. Flusso netto: 0.6800000000000002, Demand: 0.68, percentage: 100.00000000000003
Sink 46 SODDISFATTO. Flusso netto: 1.17, Demand: 1.17, percentage: 100.0
Sink 49 non è soddisfatto. Flusso netto: 4.59, Demand: 7.0, percentage: 65.57142857142857
Flusso totale entrante nei SINK: 86.46000000000001
Flusso totale uscente nei SINK: 42.430000000000014
Flusso totale netto nei SINK: 44.029999999999994
Total DEMAND dei SINK: 46.44
Percentual di flusso ai SINK: 0.9481050818260119
Numero di Sink soddisfatti: 24.0, numero totale di sink: 25.0
Percentuale di Sink soddisfatti: 0.96

---------------------------------- DAY 238

Update Fixed Elements from Intrinsic Faults
Update Fixed Elements from Heavy Faults
Update Fixed Elements from Attack
Propagate Intrinsic Fault
Propagate Heavy Faults
Propagate Attacks
Inject Intrinsic Failure To Source
Inject Heavy Fault To Sources
Inject Attack Multiple To Source
Inject Intrinsic Fault To Pipeline
Inject Heavy Fault To Pipeline
Inject Attack To Pipeline
----------- Statistics ------------
	Sources Under Attack: 0
	Sources with Heavy Fault: 0
	Sources with Intrinsic Fault: 0
	Arcs with reduce capacity due to Attack: 0
	Arcs with reduce capacity due to Heavy Fault: 0
	Arcs with reduce capacity due to Intrinsic Fault: 0
	Arcs with Attacks: 0
	Arcs with Heavy Fault: 0
	Arcs with Intrinsic Fault: 0
--------- SOURCES STATISTICS ---------------
Demand del real Source[0]: -31.0, flusso erogato: 8.069999999999997, flusso entrante: 0.0, efficienza: 26.032258064516117 %
Demand del real Source[8]: -10.5, flusso erogato: 3.8600000000000003, flusso entrante: 0.0, efficienza: 36.76190476190476 %
Demand del real Source[9]: -7.1, flusso erogato: 14.169999999999996, flusso entrante: 7.070000000000007, efficienza: 199.57746478873236 %
Demand del real Source[17]: -25.0, flusso erogato: 25.000000000000007, flusso entrante: 0.0, efficienza: 100.00000000000003 %
Flusso totale entrante nei Real Source: 7.070000000000007
Flusso totale uscente dai Real Source: 51.1
Flusso netto sui real Source: -44.029999999999994
--- SINKS STATISTICS ---
Sink 3 SODDISFATTO. Flusso netto: 3.4299999999999997, Demand: 3.43, percentage: 99.99999999999999
Sink 4 SODDISFATTO. Flusso netto: 0.5700000000000003, Demand: 0.57, percentage: 100.00000000000007
Sink 5 SODDISFATTO. Flusso netto: 0.6600000000000019, Demand: 0.66, percentage: 100.00000000000028
Sink 11 SODDISFATTO. Flusso netto: 1.03, Demand: 1.03, percentage: 100.0
Sink 15 SODDISFATTO. Flusso netto: 0.4600000000000044, Demand: 0.46, percentage: 100.00000000000095
Sink 16 SODDISFATTO. Flusso netto: 8.399999999999993, Demand: 8.4, percentage: 99.99999999999991
Sink 19 SODDISFATTO. Flusso netto: 0.5399999999999938, Demand: 0.54, percentage: 99.99999999999885
Sink 23 SODDISFATTO. Flusso netto: 0.5999999999999996, Demand: 0.6, percentage: 99.99999999999994
Sink 24 SODDISFATTO. Flusso netto: 0.8000000000000007, Demand: 0.8, percentage: 100.00000000000009
Sink 25 SODDISFATTO. Flusso netto: 3.5, Demand: 3.5, percentage: 100.0
Sink 26 SODDISFATTO. Flusso netto: 6.000000000000007, Demand: 6.0, percentage: 100.00000000000011
Sink 28 SODDISFATTO. Flusso netto: 0.4, Demand: 0.4, percentage: 100.0
Sink 30 SODDISFATTO. Flusso netto: 0.9799999999999933, Demand: 0.98, percentage: 99.99999999999932
Sink 31 SODDISFATTO. Flusso netto: 0.3999999999999999, Demand: 0.4, percentage: 99.99999999999997
Sink 32 SODDISFATTO. Flusso netto: 0.9999999999999989, Demand: 1.0, percentage: 99.99999999999989
Sink 34 SODDISFATTO. Flusso netto: 1.7400000000000002, Demand: 1.74, percentage: 100.00000000000003
Sink 35 SODDISFATTO. Flusso netto: 1.3, Demand: 1.3, percentage: 100.0
Sink 37 SODDISFATTO. Flusso netto: 1.0, Demand: 1.0, percentage: 100.0
Sink 39 SODDISFATTO. Flusso netto: 0.40000000000000036, Demand: 0.4, percentage: 100.00000000000009
Sink 40 SODDISFATTO. Flusso netto: 0.5, Demand: 0.5, percentage: 100.0
Sink 41 SODDISFATTO. Flusso netto: 1.0600000000000005, Demand: 1.06, percentage: 100.00000000000004
Sink 42 SODDISFATTO. Flusso netto: 2.8200000000000007, Demand: 2.82, percentage: 100.00000000000003
Sink 45 SODDISFATTO. Flusso netto: 0.6800000000000002, Demand: 0.68, percentage: 100.00000000000003
Sink 46 SODDISFATTO. Flusso netto: 1.17, Demand: 1.17, percentage: 100.0
Sink 49 non è soddisfatto. Flusso netto: 4.59, Demand: 7.0, percentage: 65.57142857142857
Flusso totale entrante nei SINK: 86.46000000000001
Flusso totale uscente nei SINK: 42.430000000000014
Flusso totale netto nei SINK: 44.029999999999994
Total DEMAND dei SINK: 46.44
Percentual di flusso ai SINK: 0.9481050818260119
Numero di Sink soddisfatti: 24.0, numero totale di sink: 25.0
Percentuale di Sink soddisfatti: 0.96

---------------------------------- DAY 239

Update Fixed Elements from Intrinsic Faults
Update Fixed Elements from Heavy Faults
Update Fixed Elements from Attack
Propagate Intrinsic Fault
Propagate Heavy Faults
Propagate Attacks
Inject Intrinsic Failure To Source
Inject Heavy Fault To Sources
Inject Attack Multiple To Source
Inject Intrinsic Fault To Pipeline
Inject Heavy Fault To Pipeline
Inject Attack To Pipeline
----------- Statistics ------------
	Sources Under Attack: 0
	Sources with Heavy Fault: 0
	Sources with Intrinsic Fault: 0
	Arcs with reduce capacity due to Attack: 0
	Arcs with reduce capacity due to Heavy Fault: 0
	Arcs with reduce capacity due to Intrinsic Fault: 0
	Arcs with Attacks: 0
	Arcs with Heavy Fault: 0
	Arcs with Intrinsic Fault: 0
--------- SOURCES STATISTICS ---------------
Demand del real Source[0]: -31.0, flusso erogato: 8.069999999999997, flusso entrante: 0.0, efficienza: 26.032258064516117 %
Demand del real Source[8]: -10.5, flusso erogato: 3.8600000000000003, flusso entrante: 0.0, efficienza: 36.76190476190476 %
Demand del real Source[9]: -7.1, flusso erogato: 14.169999999999996, flusso entrante: 7.070000000000007, efficienza: 199.57746478873236 %
Demand del real Source[17]: -25.0, flusso erogato: 25.000000000000007, flusso entrante: 0.0, efficienza: 100.00000000000003 %
Flusso totale entrante nei Real Source: 7.070000000000007
Flusso totale uscente dai Real Source: 51.1
Flusso netto sui real Source: -44.029999999999994
--- SINKS STATISTICS ---
Sink 3 SODDISFATTO. Flusso netto: 3.4299999999999997, Demand: 3.43, percentage: 99.99999999999999
Sink 4 SODDISFATTO. Flusso netto: 0.5700000000000003, Demand: 0.57, percentage: 100.00000000000007
Sink 5 SODDISFATTO. Flusso netto: 0.6600000000000019, Demand: 0.66, percentage: 100.00000000000028
Sink 11 SODDISFATTO. Flusso netto: 1.03, Demand: 1.03, percentage: 100.0
Sink 15 SODDISFATTO. Flusso netto: 0.4600000000000044, Demand: 0.46, percentage: 100.00000000000095
Sink 16 SODDISFATTO. Flusso netto: 8.399999999999993, Demand: 8.4, percentage: 99.99999999999991
Sink 19 SODDISFATTO. Flusso netto: 0.5399999999999938, Demand: 0.54, percentage: 99.99999999999885
Sink 23 SODDISFATTO. Flusso netto: 0.5999999999999996, Demand: 0.6, percentage: 99.99999999999994
Sink 24 SODDISFATTO. Flusso netto: 0.8000000000000007, Demand: 0.8, percentage: 100.00000000000009
Sink 25 SODDISFATTO. Flusso netto: 3.5, Demand: 3.5, percentage: 100.0
Sink 26 SODDISFATTO. Flusso netto: 6.000000000000007, Demand: 6.0, percentage: 100.00000000000011
Sink 28 SODDISFATTO. Flusso netto: 0.4, Demand: 0.4, percentage: 100.0
Sink 30 SODDISFATTO. Flusso netto: 0.9799999999999933, Demand: 0.98, percentage: 99.99999999999932
Sink 31 SODDISFATTO. Flusso netto: 0.3999999999999999, Demand: 0.4, percentage: 99.99999999999997
Sink 32 SODDISFATTO. Flusso netto: 0.9999999999999989, Demand: 1.0, percentage: 99.99999999999989
Sink 34 SODDISFATTO. Flusso netto: 1.7400000000000002, Demand: 1.74, percentage: 100.00000000000003
Sink 35 SODDISFATTO. Flusso netto: 1.3, Demand: 1.3, percentage: 100.0
Sink 37 SODDISFATTO. Flusso netto: 1.0, Demand: 1.0, percentage: 100.0
Sink 39 SODDISFATTO. Flusso netto: 0.40000000000000036, Demand: 0.4, percentage: 100.00000000000009
Sink 40 SODDISFATTO. Flusso netto: 0.5, Demand: 0.5, percentage: 100.0
Sink 41 SODDISFATTO. Flusso netto: 1.0600000000000005, Demand: 1.06, percentage: 100.00000000000004
Sink 42 SODDISFATTO. Flusso netto: 2.8200000000000007, Demand: 2.82, percentage: 100.00000000000003
Sink 45 SODDISFATTO. Flusso netto: 0.6800000000000002, Demand: 0.68, percentage: 100.00000000000003
Sink 46 SODDISFATTO. Flusso netto: 1.17, Demand: 1.17, percentage: 100.0
Sink 49 non è soddisfatto. Flusso netto: 4.59, Demand: 7.0, percentage: 65.57142857142857
Flusso totale entrante nei SINK: 86.46000000000001
Flusso totale uscente nei SINK: 42.430000000000014
Flusso totale netto nei SINK: 44.029999999999994
Total DEMAND dei SINK: 46.44
Percentual di flusso ai SINK: 0.9481050818260119
Numero di Sink soddisfatti: 24.0, numero totale di sink: 25.0
Percentuale di Sink soddisfatti: 0.96

---------------------------------- DAY 240

Update Fixed Elements from Intrinsic Faults
Update Fixed Elements from Heavy Faults
Update Fixed Elements from Attack
Propagate Intrinsic Fault
Propagate Heavy Faults
Propagate Attacks
Inject Intrinsic Failure To Source
Inject Heavy Fault To Sources
Inject Attack Multiple To Source
Inject Intrinsic Fault To Pipeline
Inject Heavy Fault To Pipeline
Inject Attack To Pipeline
----------- Statistics ------------
	Sources Under Attack: 0
	Sources with Heavy Fault: 0
	Sources with Intrinsic Fault: 0
	Arcs with reduce capacity due to Attack: 0
	Arcs with reduce capacity due to Heavy Fault: 0
	Arcs with reduce capacity due to Intrinsic Fault: 0
	Arcs with Attacks: 0
	Arcs with Heavy Fault: 0
	Arcs with Intrinsic Fault: 0
--------- SOURCES STATISTICS ---------------
Demand del real Source[0]: -31.0, flusso erogato: 8.069999999999997, flusso entrante: 0.0, efficienza: 26.032258064516117 %
Demand del real Source[8]: -10.5, flusso erogato: 3.8600000000000003, flusso entrante: 0.0, efficienza: 36.76190476190476 %
Demand del real Source[9]: -7.1, flusso erogato: 14.169999999999996, flusso entrante: 7.070000000000007, efficienza: 199.57746478873236 %
Demand del real Source[17]: -25.0, flusso erogato: 25.000000000000007, flusso entrante: 0.0, efficienza: 100.00000000000003 %
Flusso totale entrante nei Real Source: 7.070000000000007
Flusso totale uscente dai Real Source: 51.1
Flusso netto sui real Source: -44.029999999999994
--- SINKS STATISTICS ---
Sink 3 SODDISFATTO. Flusso netto: 3.4299999999999997, Demand: 3.43, percentage: 99.99999999999999
Sink 4 SODDISFATTO. Flusso netto: 0.5700000000000003, Demand: 0.57, percentage: 100.00000000000007
Sink 5 SODDISFATTO. Flusso netto: 0.6600000000000019, Demand: 0.66, percentage: 100.00000000000028
Sink 11 SODDISFATTO. Flusso netto: 1.03, Demand: 1.03, percentage: 100.0
Sink 15 SODDISFATTO. Flusso netto: 0.4600000000000044, Demand: 0.46, percentage: 100.00000000000095
Sink 16 SODDISFATTO. Flusso netto: 8.399999999999993, Demand: 8.4, percentage: 99.99999999999991
Sink 19 SODDISFATTO. Flusso netto: 0.5399999999999938, Demand: 0.54, percentage: 99.99999999999885
Sink 23 SODDISFATTO. Flusso netto: 0.5999999999999996, Demand: 0.6, percentage: 99.99999999999994
Sink 24 SODDISFATTO. Flusso netto: 0.8000000000000007, Demand: 0.8, percentage: 100.00000000000009
Sink 25 SODDISFATTO. Flusso netto: 3.5, Demand: 3.5, percentage: 100.0
Sink 26 SODDISFATTO. Flusso netto: 6.000000000000007, Demand: 6.0, percentage: 100.00000000000011
Sink 28 SODDISFATTO. Flusso netto: 0.4, Demand: 0.4, percentage: 100.0
Sink 30 SODDISFATTO. Flusso netto: 0.9799999999999933, Demand: 0.98, percentage: 99.99999999999932
Sink 31 SODDISFATTO. Flusso netto: 0.3999999999999999, Demand: 0.4, percentage: 99.99999999999997
Sink 32 SODDISFATTO. Flusso netto: 0.9999999999999989, Demand: 1.0, percentage: 99.99999999999989
Sink 34 SODDISFATTO. Flusso netto: 1.7400000000000002, Demand: 1.74, percentage: 100.00000000000003
Sink 35 SODDISFATTO. Flusso netto: 1.3, Demand: 1.3, percentage: 100.0
Sink 37 SODDISFATTO. Flusso netto: 1.0, Demand: 1.0, percentage: 100.0
Sink 39 SODDISFATTO. Flusso netto: 0.40000000000000036, Demand: 0.4, percentage: 100.00000000000009
Sink 40 SODDISFATTO. Flusso netto: 0.5, Demand: 0.5, percentage: 100.0
Sink 41 SODDISFATTO. Flusso netto: 1.0600000000000005, Demand: 1.06, percentage: 100.00000000000004
Sink 42 SODDISFATTO. Flusso netto: 2.8200000000000007, Demand: 2.82, percentage: 100.00000000000003
Sink 45 SODDISFATTO. Flusso netto: 0.6800000000000002, Demand: 0.68, percentage: 100.00000000000003
Sink 46 SODDISFATTO. Flusso netto: 1.17, Demand: 1.17, percentage: 100.0
Sink 49 non è soddisfatto. Flusso netto: 4.59, Demand: 7.0, percentage: 65.57142857142857
Flusso totale entrante nei SINK: 86.46000000000001
Flusso totale uscente nei SINK: 42.430000000000014
Flusso totale netto nei SINK: 44.029999999999994
Total DEMAND dei SINK: 46.44
Percentual di flusso ai SINK: 0.9481050818260119
Numero di Sink soddisfatti: 24.0, numero totale di sink: 25.0
Percentuale di Sink soddisfatti: 0.96

---------------------------------- DAY 241

Update Fixed Elements from Intrinsic Faults
Update Fixed Elements from Heavy Faults
Update Fixed Elements from Attack
Propagate Intrinsic Fault
Propagate Heavy Faults
Propagate Attacks
Inject Intrinsic Failure To Source
Inject Heavy Fault To Sources
Inject Attack Multiple To Source
Inject Intrinsic Fault To Pipeline
Inject Heavy Fault To Pipeline
Inject Attack To Pipeline
----------- Statistics ------------
	Sources Under Attack: 0
	Sources with Heavy Fault: 0
	Sources with Intrinsic Fault: 0
	Arcs with reduce capacity due to Attack: 0
	Arcs with reduce capacity due to Heavy Fault: 0
	Arcs with reduce capacity due to Intrinsic Fault: 0
	Arcs with Attacks: 0
	Arcs with Heavy Fault: 0
	Arcs with Intrinsic Fault: 0
--------- SOURCES STATISTICS ---------------
Demand del real Source[0]: -31.0, flusso erogato: 8.069999999999997, flusso entrante: 0.0, efficienza: 26.032258064516117 %
Demand del real Source[8]: -10.5, flusso erogato: 3.8600000000000003, flusso entrante: 0.0, efficienza: 36.76190476190476 %
Demand del real Source[9]: -7.1, flusso erogato: 14.169999999999996, flusso entrante: 7.070000000000007, efficienza: 199.57746478873236 %
Demand del real Source[17]: -25.0, flusso erogato: 25.000000000000007, flusso entrante: 0.0, efficienza: 100.00000000000003 %
Flusso totale entrante nei Real Source: 7.070000000000007
Flusso totale uscente dai Real Source: 51.1
Flusso netto sui real Source: -44.029999999999994
--- SINKS STATISTICS ---
Sink 3 SODDISFATTO. Flusso netto: 3.4299999999999997, Demand: 3.43, percentage: 99.99999999999999
Sink 4 SODDISFATTO. Flusso netto: 0.5700000000000003, Demand: 0.57, percentage: 100.00000000000007
Sink 5 SODDISFATTO. Flusso netto: 0.6600000000000019, Demand: 0.66, percentage: 100.00000000000028
Sink 11 SODDISFATTO. Flusso netto: 1.03, Demand: 1.03, percentage: 100.0
Sink 15 SODDISFATTO. Flusso netto: 0.4600000000000044, Demand: 0.46, percentage: 100.00000000000095
Sink 16 SODDISFATTO. Flusso netto: 8.399999999999993, Demand: 8.4, percentage: 99.99999999999991
Sink 19 SODDISFATTO. Flusso netto: 0.5399999999999938, Demand: 0.54, percentage: 99.99999999999885
Sink 23 SODDISFATTO. Flusso netto: 0.5999999999999996, Demand: 0.6, percentage: 99.99999999999994
Sink 24 SODDISFATTO. Flusso netto: 0.8000000000000007, Demand: 0.8, percentage: 100.00000000000009
Sink 25 SODDISFATTO. Flusso netto: 3.5, Demand: 3.5, percentage: 100.0
Sink 26 SODDISFATTO. Flusso netto: 6.000000000000007, Demand: 6.0, percentage: 100.00000000000011
Sink 28 SODDISFATTO. Flusso netto: 0.4, Demand: 0.4, percentage: 100.0
Sink 30 SODDISFATTO. Flusso netto: 0.9799999999999933, Demand: 0.98, percentage: 99.99999999999932
Sink 31 SODDISFATTO. Flusso netto: 0.3999999999999999, Demand: 0.4, percentage: 99.99999999999997
Sink 32 SODDISFATTO. Flusso netto: 0.9999999999999989, Demand: 1.0, percentage: 99.99999999999989
Sink 34 SODDISFATTO. Flusso netto: 1.7400000000000002, Demand: 1.74, percentage: 100.00000000000003
Sink 35 SODDISFATTO. Flusso netto: 1.3, Demand: 1.3, percentage: 100.0
Sink 37 SODDISFATTO. Flusso netto: 1.0, Demand: 1.0, percentage: 100.0
Sink 39 SODDISFATTO. Flusso netto: 0.40000000000000036, Demand: 0.4, percentage: 100.00000000000009
Sink 40 SODDISFATTO. Flusso netto: 0.5, Demand: 0.5, percentage: 100.0
Sink 41 SODDISFATTO. Flusso netto: 1.0600000000000005, Demand: 1.06, percentage: 100.00000000000004
Sink 42 SODDISFATTO. Flusso netto: 2.8200000000000007, Demand: 2.82, percentage: 100.00000000000003
Sink 45 SODDISFATTO. Flusso netto: 0.6800000000000002, Demand: 0.68, percentage: 100.00000000000003
Sink 46 SODDISFATTO. Flusso netto: 1.17, Demand: 1.17, percentage: 100.0
Sink 49 non è soddisfatto. Flusso netto: 4.59, Demand: 7.0, percentage: 65.57142857142857
Flusso totale entrante nei SINK: 86.46000000000001
Flusso totale uscente nei SINK: 42.430000000000014
Flusso totale netto nei SINK: 44.029999999999994
Total DEMAND dei SINK: 46.44
Percentual di flusso ai SINK: 0.9481050818260119
Numero di Sink soddisfatti: 24.0, numero totale di sink: 25.0
Percentuale di Sink soddisfatti: 0.96

---------------------------------- DAY 242

Update Fixed Elements from Intrinsic Faults
Update Fixed Elements from Heavy Faults
Update Fixed Elements from Attack
Propagate Intrinsic Fault
Propagate Heavy Faults
Propagate Attacks
Inject Intrinsic Failure To Source
Source NODO_2 is failing for an Intrinsic Fault in day: 242
pipeline ARCO_70 has reduced capacity due to NODO_2 Intrinsic fault
pipeline V_EDGE_53_0 has reduced capacity due to NODO_2 Intrinsic fault
pipeline ARCO_0 has reduced capacity due to NODO_2 Intrinsic fault
Inject Heavy Fault To Sources
Inject Attack Multiple To Source
Inject Intrinsic Fault To Pipeline
Inject Heavy Fault To Pipeline
Inject Attack To Pipeline
----------- Statistics ------------
	Sources Under Attack: 0
	Sources with Heavy Fault: 0
	Sources with Intrinsic Fault: 1
	Arcs with reduce capacity due to Attack: 0
	Arcs with reduce capacity due to Heavy Fault: 0
	Arcs with reduce capacity due to Intrinsic Fault: 3
	Arcs with Attacks: 0
	Arcs with Heavy Fault: 0
	Arcs with Intrinsic Fault: 0
--------- SOURCES STATISTICS ---------------
Demand del real Source[0]: -31.0, flusso erogato: 8.069999999999997, flusso entrante: 0.0, efficienza: 26.032258064516117 %
Demand del real Source[8]: -10.5, flusso erogato: 3.8600000000000003, flusso entrante: 0.0, efficienza: 36.76190476190476 %
Demand del real Source[9]: -7.1, flusso erogato: 14.169999999999996, flusso entrante: 7.070000000000007, efficienza: 199.57746478873236 %
Demand del real Source[17]: -25.0, flusso erogato: 25.000000000000007, flusso entrante: 0.0, efficienza: 100.00000000000003 %
Flusso totale entrante nei Real Source: 7.070000000000007
Flusso totale uscente dai Real Source: 51.1
Flusso netto sui real Source: -44.029999999999994
--- SINKS STATISTICS ---
Sink 3 SODDISFATTO. Flusso netto: 3.4299999999999997, Demand: 3.43, percentage: 99.99999999999999
Sink 4 SODDISFATTO. Flusso netto: 0.5700000000000003, Demand: 0.57, percentage: 100.00000000000007
Sink 5 SODDISFATTO. Flusso netto: 0.6600000000000019, Demand: 0.66, percentage: 100.00000000000028
Sink 11 SODDISFATTO. Flusso netto: 1.03, Demand: 1.03, percentage: 100.0
Sink 15 SODDISFATTO. Flusso netto: 0.4600000000000044, Demand: 0.46, percentage: 100.00000000000095
Sink 16 SODDISFATTO. Flusso netto: 8.399999999999993, Demand: 8.4, percentage: 99.99999999999991
Sink 19 SODDISFATTO. Flusso netto: 0.5399999999999938, Demand: 0.54, percentage: 99.99999999999885
Sink 23 SODDISFATTO. Flusso netto: 0.5999999999999996, Demand: 0.6, percentage: 99.99999999999994
Sink 24 SODDISFATTO. Flusso netto: 0.8000000000000007, Demand: 0.8, percentage: 100.00000000000009
Sink 25 SODDISFATTO. Flusso netto: 3.5, Demand: 3.5, percentage: 100.0
Sink 26 SODDISFATTO. Flusso netto: 6.000000000000007, Demand: 6.0, percentage: 100.00000000000011
Sink 28 SODDISFATTO. Flusso netto: 0.4, Demand: 0.4, percentage: 100.0
Sink 30 SODDISFATTO. Flusso netto: 0.9799999999999933, Demand: 0.98, percentage: 99.99999999999932
Sink 31 SODDISFATTO. Flusso netto: 0.3999999999999999, Demand: 0.4, percentage: 99.99999999999997
Sink 32 SODDISFATTO. Flusso netto: 0.9999999999999989, Demand: 1.0, percentage: 99.99999999999989
Sink 34 SODDISFATTO. Flusso netto: 1.7400000000000002, Demand: 1.74, percentage: 100.00000000000003
Sink 35 SODDISFATTO. Flusso netto: 1.3, Demand: 1.3, percentage: 100.0
Sink 37 SODDISFATTO. Flusso netto: 1.0, Demand: 1.0, percentage: 100.0
Sink 39 SODDISFATTO. Flusso netto: 0.40000000000000036, Demand: 0.4, percentage: 100.00000000000009
Sink 40 SODDISFATTO. Flusso netto: 0.5, Demand: 0.5, percentage: 100.0
Sink 41 SODDISFATTO. Flusso netto: 1.0600000000000005, Demand: 1.06, percentage: 100.00000000000004
Sink 42 SODDISFATTO. Flusso netto: 2.8200000000000007, Demand: 2.82, percentage: 100.00000000000003
Sink 45 SODDISFATTO. Flusso netto: 0.6800000000000002, Demand: 0.68, percentage: 100.00000000000003
Sink 46 SODDISFATTO. Flusso netto: 1.17, Demand: 1.17, percentage: 100.0
Sink 49 non è soddisfatto. Flusso netto: 4.59, Demand: 7.0, percentage: 65.57142857142857
Flusso totale entrante nei SINK: 86.46000000000001
Flusso totale uscente nei SINK: 42.430000000000014
Flusso totale netto nei SINK: 44.029999999999994
Total DEMAND dei SINK: 46.44
Percentual di flusso ai SINK: 0.9481050818260119
Numero di Sink soddisfatti: 24.0, numero totale di sink: 25.0
Percentuale di Sink soddisfatti: 0.96

---------------------------------- DAY 243

Update Fixed Elements from Intrinsic Faults
Update Fixed Elements from Heavy Faults
Update Fixed Elements from Attack
Propagate Intrinsic Fault
Node NODO_2 has still failing due to Intrinsic Fault
pipeline ARCO_70 still has reduced capacity: 24.8 due to Intrinsic Fault
pipeline V_EDGE_53_0 still has reduced capacity: 24.8 due to Intrinsic Fault
pipeline ARCO_0 still has reduced capacity: 24.8 due to Intrinsic Fault
Propagate Heavy Faults
Propagate Attacks
Inject Intrinsic Failure To Source
Inject Heavy Fault To Sources
Inject Attack Multiple To Source
Inject Intrinsic Fault To Pipeline
Inject Heavy Fault To Pipeline
Inject Attack To Pipeline
----------- Statistics ------------
	Sources Under Attack: 0
	Sources with Heavy Fault: 0
	Sources with Intrinsic Fault: 1
	Arcs with reduce capacity due to Attack: 0
	Arcs with reduce capacity due to Heavy Fault: 0
	Arcs with reduce capacity due to Intrinsic Fault: 3
	Arcs with Attacks: 0
	Arcs with Heavy Fault: 0
	Arcs with Intrinsic Fault: 0
--------- SOURCES STATISTICS ---------------
Demand del real Source[0]: -31.0, flusso erogato: 8.069999999999997, flusso entrante: 0.0, efficienza: 26.032258064516117 %
Demand del real Source[8]: -10.5, flusso erogato: 3.8600000000000003, flusso entrante: 0.0, efficienza: 36.76190476190476 %
Demand del real Source[9]: -7.1, flusso erogato: 14.169999999999996, flusso entrante: 7.070000000000007, efficienza: 199.57746478873236 %
Demand del real Source[17]: -25.0, flusso erogato: 25.000000000000007, flusso entrante: 0.0, efficienza: 100.00000000000003 %
Flusso totale entrante nei Real Source: 7.070000000000007
Flusso totale uscente dai Real Source: 51.1
Flusso netto sui real Source: -44.029999999999994
--- SINKS STATISTICS ---
Sink 3 SODDISFATTO. Flusso netto: 3.4299999999999997, Demand: 3.43, percentage: 99.99999999999999
Sink 4 SODDISFATTO. Flusso netto: 0.5700000000000003, Demand: 0.57, percentage: 100.00000000000007
Sink 5 SODDISFATTO. Flusso netto: 0.6600000000000019, Demand: 0.66, percentage: 100.00000000000028
Sink 11 SODDISFATTO. Flusso netto: 1.03, Demand: 1.03, percentage: 100.0
Sink 15 SODDISFATTO. Flusso netto: 0.4600000000000044, Demand: 0.46, percentage: 100.00000000000095
Sink 16 SODDISFATTO. Flusso netto: 8.399999999999993, Demand: 8.4, percentage: 99.99999999999991
Sink 19 SODDISFATTO. Flusso netto: 0.5399999999999938, Demand: 0.54, percentage: 99.99999999999885
Sink 23 SODDISFATTO. Flusso netto: 0.5999999999999996, Demand: 0.6, percentage: 99.99999999999994
Sink 24 SODDISFATTO. Flusso netto: 0.8000000000000007, Demand: 0.8, percentage: 100.00000000000009
Sink 25 SODDISFATTO. Flusso netto: 3.5, Demand: 3.5, percentage: 100.0
Sink 26 SODDISFATTO. Flusso netto: 6.000000000000007, Demand: 6.0, percentage: 100.00000000000011
Sink 28 SODDISFATTO. Flusso netto: 0.4, Demand: 0.4, percentage: 100.0
Sink 30 SODDISFATTO. Flusso netto: 0.9799999999999933, Demand: 0.98, percentage: 99.99999999999932
Sink 31 SODDISFATTO. Flusso netto: 0.3999999999999999, Demand: 0.4, percentage: 99.99999999999997
Sink 32 SODDISFATTO. Flusso netto: 0.9999999999999989, Demand: 1.0, percentage: 99.99999999999989
Sink 34 SODDISFATTO. Flusso netto: 1.7400000000000002, Demand: 1.74, percentage: 100.00000000000003
Sink 35 SODDISFATTO. Flusso netto: 1.3, Demand: 1.3, percentage: 100.0
Sink 37 SODDISFATTO. Flusso netto: 1.0, Demand: 1.0, percentage: 100.0
Sink 39 SODDISFATTO. Flusso netto: 0.40000000000000036, Demand: 0.4, percentage: 100.00000000000009
Sink 40 SODDISFATTO. Flusso netto: 0.5, Demand: 0.5, percentage: 100.0
Sink 41 SODDISFATTO. Flusso netto: 1.0600000000000005, Demand: 1.06, percentage: 100.00000000000004
Sink 42 SODDISFATTO. Flusso netto: 2.8200000000000007, Demand: 2.82, percentage: 100.00000000000003
Sink 45 SODDISFATTO. Flusso netto: 0.6800000000000002, Demand: 0.68, percentage: 100.00000000000003
Sink 46 SODDISFATTO. Flusso netto: 1.17, Demand: 1.17, percentage: 100.0
Sink 49 non è soddisfatto. Flusso netto: 4.59, Demand: 7.0, percentage: 65.57142857142857
Flusso totale entrante nei SINK: 86.46000000000001
Flusso totale uscente nei SINK: 42.430000000000014
Flusso totale netto nei SINK: 44.029999999999994
Total DEMAND dei SINK: 46.44
Percentual di flusso ai SINK: 0.9481050818260119
Numero di Sink soddisfatti: 24.0, numero totale di sink: 25.0
Percentuale di Sink soddisfatti: 0.96

---------------------------------- DAY 244

Update Fixed Elements from Intrinsic Faults
Update Fixed Elements from Heavy Faults
Update Fixed Elements from Attack
Propagate Intrinsic Fault
Node NODO_2 has still failing due to Intrinsic Fault
pipeline ARCO_70 still has reduced capacity: 24.8 due to Intrinsic Fault
pipeline V_EDGE_53_0 still has reduced capacity: 24.8 due to Intrinsic Fault
pipeline ARCO_0 still has reduced capacity: 24.8 due to Intrinsic Fault
Propagate Heavy Faults
Propagate Attacks
Inject Intrinsic Failure To Source
Inject Heavy Fault To Sources
Inject Attack Multiple To Source
Inject Intrinsic Fault To Pipeline
Inject Heavy Fault To Pipeline
Inject Attack To Pipeline
----------- Statistics ------------
	Sources Under Attack: 0
	Sources with Heavy Fault: 0
	Sources with Intrinsic Fault: 1
	Arcs with reduce capacity due to Attack: 0
	Arcs with reduce capacity due to Heavy Fault: 0
	Arcs with reduce capacity due to Intrinsic Fault: 3
	Arcs with Attacks: 0
	Arcs with Heavy Fault: 0
	Arcs with Intrinsic Fault: 0
--------- SOURCES STATISTICS ---------------
Demand del real Source[0]: -31.0, flusso erogato: 8.069999999999997, flusso entrante: 0.0, efficienza: 26.032258064516117 %
Demand del real Source[8]: -10.5, flusso erogato: 3.8600000000000003, flusso entrante: 0.0, efficienza: 36.76190476190476 %
Demand del real Source[9]: -7.1, flusso erogato: 14.169999999999996, flusso entrante: 7.070000000000007, efficienza: 199.57746478873236 %
Demand del real Source[17]: -25.0, flusso erogato: 25.000000000000007, flusso entrante: 0.0, efficienza: 100.00000000000003 %
Flusso totale entrante nei Real Source: 7.070000000000007
Flusso totale uscente dai Real Source: 51.1
Flusso netto sui real Source: -44.029999999999994
--- SINKS STATISTICS ---
Sink 3 SODDISFATTO. Flusso netto: 3.4299999999999997, Demand: 3.43, percentage: 99.99999999999999
Sink 4 SODDISFATTO. Flusso netto: 0.5700000000000003, Demand: 0.57, percentage: 100.00000000000007
Sink 5 SODDISFATTO. Flusso netto: 0.6600000000000019, Demand: 0.66, percentage: 100.00000000000028
Sink 11 SODDISFATTO. Flusso netto: 1.03, Demand: 1.03, percentage: 100.0
Sink 15 SODDISFATTO. Flusso netto: 0.4600000000000044, Demand: 0.46, percentage: 100.00000000000095
Sink 16 SODDISFATTO. Flusso netto: 8.399999999999993, Demand: 8.4, percentage: 99.99999999999991
Sink 19 SODDISFATTO. Flusso netto: 0.5399999999999938, Demand: 0.54, percentage: 99.99999999999885
Sink 23 SODDISFATTO. Flusso netto: 0.5999999999999996, Demand: 0.6, percentage: 99.99999999999994
Sink 24 SODDISFATTO. Flusso netto: 0.8000000000000007, Demand: 0.8, percentage: 100.00000000000009
Sink 25 SODDISFATTO. Flusso netto: 3.5, Demand: 3.5, percentage: 100.0
Sink 26 SODDISFATTO. Flusso netto: 6.000000000000007, Demand: 6.0, percentage: 100.00000000000011
Sink 28 SODDISFATTO. Flusso netto: 0.4, Demand: 0.4, percentage: 100.0
Sink 30 SODDISFATTO. Flusso netto: 0.9799999999999933, Demand: 0.98, percentage: 99.99999999999932
Sink 31 SODDISFATTO. Flusso netto: 0.3999999999999999, Demand: 0.4, percentage: 99.99999999999997
Sink 32 SODDISFATTO. Flusso netto: 0.9999999999999989, Demand: 1.0, percentage: 99.99999999999989
Sink 34 SODDISFATTO. Flusso netto: 1.7400000000000002, Demand: 1.74, percentage: 100.00000000000003
Sink 35 SODDISFATTO. Flusso netto: 1.3, Demand: 1.3, percentage: 100.0
Sink 37 SODDISFATTO. Flusso netto: 1.0, Demand: 1.0, percentage: 100.0
Sink 39 SODDISFATTO. Flusso netto: 0.40000000000000036, Demand: 0.4, percentage: 100.00000000000009
Sink 40 SODDISFATTO. Flusso netto: 0.5, Demand: 0.5, percentage: 100.0
Sink 41 SODDISFATTO. Flusso netto: 1.0600000000000005, Demand: 1.06, percentage: 100.00000000000004
Sink 42 SODDISFATTO. Flusso netto: 2.8200000000000007, Demand: 2.82, percentage: 100.00000000000003
Sink 45 SODDISFATTO. Flusso netto: 0.6800000000000002, Demand: 0.68, percentage: 100.00000000000003
Sink 46 SODDISFATTO. Flusso netto: 1.17, Demand: 1.17, percentage: 100.0
Sink 49 non è soddisfatto. Flusso netto: 4.59, Demand: 7.0, percentage: 65.57142857142857
Flusso totale entrante nei SINK: 86.46000000000001
Flusso totale uscente nei SINK: 42.430000000000014
Flusso totale netto nei SINK: 44.029999999999994
Total DEMAND dei SINK: 46.44
Percentual di flusso ai SINK: 0.9481050818260119
Numero di Sink soddisfatti: 24.0, numero totale di sink: 25.0
Percentuale di Sink soddisfatti: 0.96

---------------------------------- DAY 245

Update Fixed Elements from Intrinsic Faults
Source NODO_2 fixed from Intrinsic Fault
Pipeline ARCO_70 fixed due to Source NODO_2 fixing from Intrinsic Fault
Pipeline V_EDGE_53_0 fixed due to Source NODO_2 fixing from Intrinsic Fault
Pipeline ARCO_0 fixed due to Source NODO_2 fixing from Intrinsic Fault
Update Fixed Elements from Heavy Faults
Update Fixed Elements from Attack
Propagate Intrinsic Fault
Propagate Heavy Faults
Propagate Attacks
Inject Intrinsic Failure To Source
Inject Heavy Fault To Sources
Inject Attack Multiple To Source
Inject Intrinsic Fault To Pipeline
Inject Heavy Fault To Pipeline
Inject Attack To Pipeline
----------- Statistics ------------
	Sources Under Attack: 0
	Sources with Heavy Fault: 0
	Sources with Intrinsic Fault: 0
	Arcs with reduce capacity due to Attack: 0
	Arcs with reduce capacity due to Heavy Fault: 0
	Arcs with reduce capacity due to Intrinsic Fault: 0
	Arcs with Attacks: 0
	Arcs with Heavy Fault: 0
	Arcs with Intrinsic Fault: 0
--------- SOURCES STATISTICS ---------------
Demand del real Source[0]: -31.0, flusso erogato: 8.069999999999997, flusso entrante: 0.0, efficienza: 26.032258064516117 %
Demand del real Source[8]: -10.5, flusso erogato: 3.8600000000000003, flusso entrante: 0.0, efficienza: 36.76190476190476 %
Demand del real Source[9]: -7.1, flusso erogato: 14.169999999999996, flusso entrante: 7.070000000000007, efficienza: 199.57746478873236 %
Demand del real Source[17]: -25.0, flusso erogato: 25.000000000000007, flusso entrante: 0.0, efficienza: 100.00000000000003 %
Flusso totale entrante nei Real Source: 7.070000000000007
Flusso totale uscente dai Real Source: 51.1
Flusso netto sui real Source: -44.029999999999994
--- SINKS STATISTICS ---
Sink 3 SODDISFATTO. Flusso netto: 3.4299999999999997, Demand: 3.43, percentage: 99.99999999999999
Sink 4 SODDISFATTO. Flusso netto: 0.5700000000000003, Demand: 0.57, percentage: 100.00000000000007
Sink 5 SODDISFATTO. Flusso netto: 0.6600000000000019, Demand: 0.66, percentage: 100.00000000000028
Sink 11 SODDISFATTO. Flusso netto: 1.03, Demand: 1.03, percentage: 100.0
Sink 15 SODDISFATTO. Flusso netto: 0.4600000000000044, Demand: 0.46, percentage: 100.00000000000095
Sink 16 SODDISFATTO. Flusso netto: 8.399999999999993, Demand: 8.4, percentage: 99.99999999999991
Sink 19 SODDISFATTO. Flusso netto: 0.5399999999999938, Demand: 0.54, percentage: 99.99999999999885
Sink 23 SODDISFATTO. Flusso netto: 0.5999999999999996, Demand: 0.6, percentage: 99.99999999999994
Sink 24 SODDISFATTO. Flusso netto: 0.8000000000000007, Demand: 0.8, percentage: 100.00000000000009
Sink 25 SODDISFATTO. Flusso netto: 3.5, Demand: 3.5, percentage: 100.0
Sink 26 SODDISFATTO. Flusso netto: 6.000000000000007, Demand: 6.0, percentage: 100.00000000000011
Sink 28 SODDISFATTO. Flusso netto: 0.4, Demand: 0.4, percentage: 100.0
Sink 30 SODDISFATTO. Flusso netto: 0.9799999999999933, Demand: 0.98, percentage: 99.99999999999932
Sink 31 SODDISFATTO. Flusso netto: 0.3999999999999999, Demand: 0.4, percentage: 99.99999999999997
Sink 32 SODDISFATTO. Flusso netto: 0.9999999999999989, Demand: 1.0, percentage: 99.99999999999989
Sink 34 SODDISFATTO. Flusso netto: 1.7400000000000002, Demand: 1.74, percentage: 100.00000000000003
Sink 35 SODDISFATTO. Flusso netto: 1.3, Demand: 1.3, percentage: 100.0
Sink 37 SODDISFATTO. Flusso netto: 1.0, Demand: 1.0, percentage: 100.0
Sink 39 SODDISFATTO. Flusso netto: 0.40000000000000036, Demand: 0.4, percentage: 100.00000000000009
Sink 40 SODDISFATTO. Flusso netto: 0.5, Demand: 0.5, percentage: 100.0
Sink 41 SODDISFATTO. Flusso netto: 1.0600000000000005, Demand: 1.06, percentage: 100.00000000000004
Sink 42 SODDISFATTO. Flusso netto: 2.8200000000000007, Demand: 2.82, percentage: 100.00000000000003
Sink 45 SODDISFATTO. Flusso netto: 0.6800000000000002, Demand: 0.68, percentage: 100.00000000000003
Sink 46 SODDISFATTO. Flusso netto: 1.17, Demand: 1.17, percentage: 100.0
Sink 49 non è soddisfatto. Flusso netto: 4.59, Demand: 7.0, percentage: 65.57142857142857
Flusso totale entrante nei SINK: 86.46000000000001
Flusso totale uscente nei SINK: 42.430000000000014
Flusso totale netto nei SINK: 44.029999999999994
Total DEMAND dei SINK: 46.44
Percentual di flusso ai SINK: 0.9481050818260119
Numero di Sink soddisfatti: 24.0, numero totale di sink: 25.0
Percentuale di Sink soddisfatti: 0.96

---------------------------------- DAY 246

Update Fixed Elements from Intrinsic Faults
Update Fixed Elements from Heavy Faults
Update Fixed Elements from Attack
Propagate Intrinsic Fault
Propagate Heavy Faults
Propagate Attacks
Inject Intrinsic Failure To Source
Source NODO_2 is failing for an Intrinsic Fault in day: 246
pipeline ARCO_70 has reduced capacity due to NODO_2 Intrinsic fault
pipeline V_EDGE_53_0 has reduced capacity due to NODO_2 Intrinsic fault
pipeline ARCO_0 has reduced capacity due to NODO_2 Intrinsic fault
Inject Heavy Fault To Sources
Inject Attack Multiple To Source
Inject Intrinsic Fault To Pipeline
Inject Heavy Fault To Pipeline
Inject Attack To Pipeline
----------- Statistics ------------
	Sources Under Attack: 0
	Sources with Heavy Fault: 0
	Sources with Intrinsic Fault: 1
	Arcs with reduce capacity due to Attack: 0
	Arcs with reduce capacity due to Heavy Fault: 0
	Arcs with reduce capacity due to Intrinsic Fault: 3
	Arcs with Attacks: 0
	Arcs with Heavy Fault: 0
	Arcs with Intrinsic Fault: 0
--------- SOURCES STATISTICS ---------------
Demand del real Source[0]: -31.0, flusso erogato: 8.069999999999997, flusso entrante: 0.0, efficienza: 26.032258064516117 %
Demand del real Source[8]: -10.5, flusso erogato: 3.8600000000000003, flusso entrante: 0.0, efficienza: 36.76190476190476 %
Demand del real Source[9]: -7.1, flusso erogato: 14.169999999999996, flusso entrante: 7.070000000000007, efficienza: 199.57746478873236 %
Demand del real Source[17]: -25.0, flusso erogato: 25.000000000000007, flusso entrante: 0.0, efficienza: 100.00000000000003 %
Flusso totale entrante nei Real Source: 7.070000000000007
Flusso totale uscente dai Real Source: 51.1
Flusso netto sui real Source: -44.029999999999994
--- SINKS STATISTICS ---
Sink 3 SODDISFATTO. Flusso netto: 3.4299999999999997, Demand: 3.43, percentage: 99.99999999999999
Sink 4 SODDISFATTO. Flusso netto: 0.5700000000000003, Demand: 0.57, percentage: 100.00000000000007
Sink 5 SODDISFATTO. Flusso netto: 0.6600000000000019, Demand: 0.66, percentage: 100.00000000000028
Sink 11 SODDISFATTO. Flusso netto: 1.03, Demand: 1.03, percentage: 100.0
Sink 15 SODDISFATTO. Flusso netto: 0.4600000000000044, Demand: 0.46, percentage: 100.00000000000095
Sink 16 SODDISFATTO. Flusso netto: 8.399999999999993, Demand: 8.4, percentage: 99.99999999999991
Sink 19 SODDISFATTO. Flusso netto: 0.5399999999999938, Demand: 0.54, percentage: 99.99999999999885
Sink 23 SODDISFATTO. Flusso netto: 0.5999999999999996, Demand: 0.6, percentage: 99.99999999999994
Sink 24 SODDISFATTO. Flusso netto: 0.8000000000000007, Demand: 0.8, percentage: 100.00000000000009
Sink 25 SODDISFATTO. Flusso netto: 3.5, Demand: 3.5, percentage: 100.0
Sink 26 SODDISFATTO. Flusso netto: 6.000000000000007, Demand: 6.0, percentage: 100.00000000000011
Sink 28 SODDISFATTO. Flusso netto: 0.4, Demand: 0.4, percentage: 100.0
Sink 30 SODDISFATTO. Flusso netto: 0.9799999999999933, Demand: 0.98, percentage: 99.99999999999932
Sink 31 SODDISFATTO. Flusso netto: 0.3999999999999999, Demand: 0.4, percentage: 99.99999999999997
Sink 32 SODDISFATTO. Flusso netto: 0.9999999999999989, Demand: 1.0, percentage: 99.99999999999989
Sink 34 SODDISFATTO. Flusso netto: 1.7400000000000002, Demand: 1.74, percentage: 100.00000000000003
Sink 35 SODDISFATTO. Flusso netto: 1.3, Demand: 1.3, percentage: 100.0
Sink 37 SODDISFATTO. Flusso netto: 1.0, Demand: 1.0, percentage: 100.0
Sink 39 SODDISFATTO. Flusso netto: 0.40000000000000036, Demand: 0.4, percentage: 100.00000000000009
Sink 40 SODDISFATTO. Flusso netto: 0.5, Demand: 0.5, percentage: 100.0
Sink 41 SODDISFATTO. Flusso netto: 1.0600000000000005, Demand: 1.06, percentage: 100.00000000000004
Sink 42 SODDISFATTO. Flusso netto: 2.8200000000000007, Demand: 2.82, percentage: 100.00000000000003
Sink 45 SODDISFATTO. Flusso netto: 0.6800000000000002, Demand: 0.68, percentage: 100.00000000000003
Sink 46 SODDISFATTO. Flusso netto: 1.17, Demand: 1.17, percentage: 100.0
Sink 49 non è soddisfatto. Flusso netto: 4.59, Demand: 7.0, percentage: 65.57142857142857
Flusso totale entrante nei SINK: 86.46000000000001
Flusso totale uscente nei SINK: 42.430000000000014
Flusso totale netto nei SINK: 44.029999999999994
Total DEMAND dei SINK: 46.44
Percentual di flusso ai SINK: 0.9481050818260119
Numero di Sink soddisfatti: 24.0, numero totale di sink: 25.0
Percentuale di Sink soddisfatti: 0.96

---------------------------------- DAY 247

Update Fixed Elements from Intrinsic Faults
Update Fixed Elements from Heavy Faults
Update Fixed Elements from Attack
Propagate Intrinsic Fault
Node NODO_2 has still failing due to Intrinsic Fault
pipeline ARCO_70 still has reduced capacity: 24.8 due to Intrinsic Fault
pipeline V_EDGE_53_0 still has reduced capacity: 24.8 due to Intrinsic Fault
pipeline ARCO_0 still has reduced capacity: 24.8 due to Intrinsic Fault
Propagate Heavy Faults
Propagate Attacks
Inject Intrinsic Failure To Source
Inject Heavy Fault To Sources
Inject Attack Multiple To Source
Inject Intrinsic Fault To Pipeline
Inject Heavy Fault To Pipeline
Inject Attack To Pipeline
----------- Statistics ------------
	Sources Under Attack: 0
	Sources with Heavy Fault: 0
	Sources with Intrinsic Fault: 1
	Arcs with reduce capacity due to Attack: 0
	Arcs with reduce capacity due to Heavy Fault: 0
	Arcs with reduce capacity due to Intrinsic Fault: 3
	Arcs with Attacks: 0
	Arcs with Heavy Fault: 0
	Arcs with Intrinsic Fault: 0
--------- SOURCES STATISTICS ---------------
Demand del real Source[0]: -31.0, flusso erogato: 8.069999999999997, flusso entrante: 0.0, efficienza: 26.032258064516117 %
Demand del real Source[8]: -10.5, flusso erogato: 3.8600000000000003, flusso entrante: 0.0, efficienza: 36.76190476190476 %
Demand del real Source[9]: -7.1, flusso erogato: 14.169999999999996, flusso entrante: 7.070000000000007, efficienza: 199.57746478873236 %
Demand del real Source[17]: -25.0, flusso erogato: 25.000000000000007, flusso entrante: 0.0, efficienza: 100.00000000000003 %
Flusso totale entrante nei Real Source: 7.070000000000007
Flusso totale uscente dai Real Source: 51.1
Flusso netto sui real Source: -44.029999999999994
--- SINKS STATISTICS ---
Sink 3 SODDISFATTO. Flusso netto: 3.4299999999999997, Demand: 3.43, percentage: 99.99999999999999
Sink 4 SODDISFATTO. Flusso netto: 0.5700000000000003, Demand: 0.57, percentage: 100.00000000000007
Sink 5 SODDISFATTO. Flusso netto: 0.6600000000000019, Demand: 0.66, percentage: 100.00000000000028
Sink 11 SODDISFATTO. Flusso netto: 1.03, Demand: 1.03, percentage: 100.0
Sink 15 SODDISFATTO. Flusso netto: 0.4600000000000044, Demand: 0.46, percentage: 100.00000000000095
Sink 16 SODDISFATTO. Flusso netto: 8.399999999999993, Demand: 8.4, percentage: 99.99999999999991
Sink 19 SODDISFATTO. Flusso netto: 0.5399999999999938, Demand: 0.54, percentage: 99.99999999999885
Sink 23 SODDISFATTO. Flusso netto: 0.5999999999999996, Demand: 0.6, percentage: 99.99999999999994
Sink 24 SODDISFATTO. Flusso netto: 0.8000000000000007, Demand: 0.8, percentage: 100.00000000000009
Sink 25 SODDISFATTO. Flusso netto: 3.5, Demand: 3.5, percentage: 100.0
Sink 26 SODDISFATTO. Flusso netto: 6.000000000000007, Demand: 6.0, percentage: 100.00000000000011
Sink 28 SODDISFATTO. Flusso netto: 0.4, Demand: 0.4, percentage: 100.0
Sink 30 SODDISFATTO. Flusso netto: 0.9799999999999933, Demand: 0.98, percentage: 99.99999999999932
Sink 31 SODDISFATTO. Flusso netto: 0.3999999999999999, Demand: 0.4, percentage: 99.99999999999997
Sink 32 SODDISFATTO. Flusso netto: 0.9999999999999989, Demand: 1.0, percentage: 99.99999999999989
Sink 34 SODDISFATTO. Flusso netto: 1.7400000000000002, Demand: 1.74, percentage: 100.00000000000003
Sink 35 SODDISFATTO. Flusso netto: 1.3, Demand: 1.3, percentage: 100.0
Sink 37 SODDISFATTO. Flusso netto: 1.0, Demand: 1.0, percentage: 100.0
Sink 39 SODDISFATTO. Flusso netto: 0.40000000000000036, Demand: 0.4, percentage: 100.00000000000009
Sink 40 SODDISFATTO. Flusso netto: 0.5, Demand: 0.5, percentage: 100.0
Sink 41 SODDISFATTO. Flusso netto: 1.0600000000000005, Demand: 1.06, percentage: 100.00000000000004
Sink 42 SODDISFATTO. Flusso netto: 2.8200000000000007, Demand: 2.82, percentage: 100.00000000000003
Sink 45 SODDISFATTO. Flusso netto: 0.6800000000000002, Demand: 0.68, percentage: 100.00000000000003
Sink 46 SODDISFATTO. Flusso netto: 1.17, Demand: 1.17, percentage: 100.0
Sink 49 non è soddisfatto. Flusso netto: 4.59, Demand: 7.0, percentage: 65.57142857142857
Flusso totale entrante nei SINK: 86.46000000000001
Flusso totale uscente nei SINK: 42.430000000000014
Flusso totale netto nei SINK: 44.029999999999994
Total DEMAND dei SINK: 46.44
Percentual di flusso ai SINK: 0.9481050818260119
Numero di Sink soddisfatti: 24.0, numero totale di sink: 25.0
Percentuale di Sink soddisfatti: 0.96

---------------------------------- DAY 248

Update Fixed Elements from Intrinsic Faults
Update Fixed Elements from Heavy Faults
Update Fixed Elements from Attack
Propagate Intrinsic Fault
Node NODO_2 has still failing due to Intrinsic Fault
pipeline ARCO_70 still has reduced capacity: 24.8 due to Intrinsic Fault
pipeline V_EDGE_53_0 still has reduced capacity: 24.8 due to Intrinsic Fault
pipeline ARCO_0 still has reduced capacity: 24.8 due to Intrinsic Fault
Propagate Heavy Faults
Propagate Attacks
Inject Intrinsic Failure To Source
Inject Heavy Fault To Sources
Inject Attack Multiple To Source
Inject Intrinsic Fault To Pipeline
Inject Heavy Fault To Pipeline
Inject Attack To Pipeline
----------- Statistics ------------
	Sources Under Attack: 0
	Sources with Heavy Fault: 0
	Sources with Intrinsic Fault: 1
	Arcs with reduce capacity due to Attack: 0
	Arcs with reduce capacity due to Heavy Fault: 0
	Arcs with reduce capacity due to Intrinsic Fault: 3
	Arcs with Attacks: 0
	Arcs with Heavy Fault: 0
	Arcs with Intrinsic Fault: 0
--------- SOURCES STATISTICS ---------------
Demand del real Source[0]: -31.0, flusso erogato: 8.069999999999997, flusso entrante: 0.0, efficienza: 26.032258064516117 %
Demand del real Source[8]: -10.5, flusso erogato: 3.8600000000000003, flusso entrante: 0.0, efficienza: 36.76190476190476 %
Demand del real Source[9]: -7.1, flusso erogato: 14.169999999999996, flusso entrante: 7.070000000000007, efficienza: 199.57746478873236 %
Demand del real Source[17]: -25.0, flusso erogato: 25.000000000000007, flusso entrante: 0.0, efficienza: 100.00000000000003 %
Flusso totale entrante nei Real Source: 7.070000000000007
Flusso totale uscente dai Real Source: 51.1
Flusso netto sui real Source: -44.029999999999994
--- SINKS STATISTICS ---
Sink 3 SODDISFATTO. Flusso netto: 3.4299999999999997, Demand: 3.43, percentage: 99.99999999999999
Sink 4 SODDISFATTO. Flusso netto: 0.5700000000000003, Demand: 0.57, percentage: 100.00000000000007
Sink 5 SODDISFATTO. Flusso netto: 0.6600000000000019, Demand: 0.66, percentage: 100.00000000000028
Sink 11 SODDISFATTO. Flusso netto: 1.03, Demand: 1.03, percentage: 100.0
Sink 15 SODDISFATTO. Flusso netto: 0.4600000000000044, Demand: 0.46, percentage: 100.00000000000095
Sink 16 SODDISFATTO. Flusso netto: 8.399999999999993, Demand: 8.4, percentage: 99.99999999999991
Sink 19 SODDISFATTO. Flusso netto: 0.5399999999999938, Demand: 0.54, percentage: 99.99999999999885
Sink 23 SODDISFATTO. Flusso netto: 0.5999999999999996, Demand: 0.6, percentage: 99.99999999999994
Sink 24 SODDISFATTO. Flusso netto: 0.8000000000000007, Demand: 0.8, percentage: 100.00000000000009
Sink 25 SODDISFATTO. Flusso netto: 3.5, Demand: 3.5, percentage: 100.0
Sink 26 SODDISFATTO. Flusso netto: 6.000000000000007, Demand: 6.0, percentage: 100.00000000000011
Sink 28 SODDISFATTO. Flusso netto: 0.4, Demand: 0.4, percentage: 100.0
Sink 30 SODDISFATTO. Flusso netto: 0.9799999999999933, Demand: 0.98, percentage: 99.99999999999932
Sink 31 SODDISFATTO. Flusso netto: 0.3999999999999999, Demand: 0.4, percentage: 99.99999999999997
Sink 32 SODDISFATTO. Flusso netto: 0.9999999999999989, Demand: 1.0, percentage: 99.99999999999989
Sink 34 SODDISFATTO. Flusso netto: 1.7400000000000002, Demand: 1.74, percentage: 100.00000000000003
Sink 35 SODDISFATTO. Flusso netto: 1.3, Demand: 1.3, percentage: 100.0
Sink 37 SODDISFATTO. Flusso netto: 1.0, Demand: 1.0, percentage: 100.0
Sink 39 SODDISFATTO. Flusso netto: 0.40000000000000036, Demand: 0.4, percentage: 100.00000000000009
Sink 40 SODDISFATTO. Flusso netto: 0.5, Demand: 0.5, percentage: 100.0
Sink 41 SODDISFATTO. Flusso netto: 1.0600000000000005, Demand: 1.06, percentage: 100.00000000000004
Sink 42 SODDISFATTO. Flusso netto: 2.8200000000000007, Demand: 2.82, percentage: 100.00000000000003
Sink 45 SODDISFATTO. Flusso netto: 0.6800000000000002, Demand: 0.68, percentage: 100.00000000000003
Sink 46 SODDISFATTO. Flusso netto: 1.17, Demand: 1.17, percentage: 100.0
Sink 49 non è soddisfatto. Flusso netto: 4.59, Demand: 7.0, percentage: 65.57142857142857
Flusso totale entrante nei SINK: 86.46000000000001
Flusso totale uscente nei SINK: 42.430000000000014
Flusso totale netto nei SINK: 44.029999999999994
Total DEMAND dei SINK: 46.44
Percentual di flusso ai SINK: 0.9481050818260119
Numero di Sink soddisfatti: 24.0, numero totale di sink: 25.0
Percentuale di Sink soddisfatti: 0.96

---------------------------------- DAY 249

Update Fixed Elements from Intrinsic Faults
Source NODO_2 fixed from Intrinsic Fault
Pipeline ARCO_70 fixed due to Source NODO_2 fixing from Intrinsic Fault
Pipeline V_EDGE_53_0 fixed due to Source NODO_2 fixing from Intrinsic Fault
Pipeline ARCO_0 fixed due to Source NODO_2 fixing from Intrinsic Fault
Update Fixed Elements from Heavy Faults
Update Fixed Elements from Attack
Propagate Intrinsic Fault
Propagate Heavy Faults
Propagate Attacks
Inject Intrinsic Failure To Source
Inject Heavy Fault To Sources
Inject Attack Multiple To Source
Inject Intrinsic Fault To Pipeline
Inject Heavy Fault To Pipeline
Inject Attack To Pipeline
----------- Statistics ------------
	Sources Under Attack: 0
	Sources with Heavy Fault: 0
	Sources with Intrinsic Fault: 0
	Arcs with reduce capacity due to Attack: 0
	Arcs with reduce capacity due to Heavy Fault: 0
	Arcs with reduce capacity due to Intrinsic Fault: 0
	Arcs with Attacks: 0
	Arcs with Heavy Fault: 0
	Arcs with Intrinsic Fault: 0
--------- SOURCES STATISTICS ---------------
Demand del real Source[0]: -31.0, flusso erogato: 8.069999999999997, flusso entrante: 0.0, efficienza: 26.032258064516117 %
Demand del real Source[8]: -10.5, flusso erogato: 3.8600000000000003, flusso entrante: 0.0, efficienza: 36.76190476190476 %
Demand del real Source[9]: -7.1, flusso erogato: 14.169999999999996, flusso entrante: 7.070000000000007, efficienza: 199.57746478873236 %
Demand del real Source[17]: -25.0, flusso erogato: 25.000000000000007, flusso entrante: 0.0, efficienza: 100.00000000000003 %
Flusso totale entrante nei Real Source: 7.070000000000007
Flusso totale uscente dai Real Source: 51.1
Flusso netto sui real Source: -44.029999999999994
--- SINKS STATISTICS ---
Sink 3 SODDISFATTO. Flusso netto: 3.4299999999999997, Demand: 3.43, percentage: 99.99999999999999
Sink 4 SODDISFATTO. Flusso netto: 0.5700000000000003, Demand: 0.57, percentage: 100.00000000000007
Sink 5 SODDISFATTO. Flusso netto: 0.6600000000000019, Demand: 0.66, percentage: 100.00000000000028
Sink 11 SODDISFATTO. Flusso netto: 1.03, Demand: 1.03, percentage: 100.0
Sink 15 SODDISFATTO. Flusso netto: 0.4600000000000044, Demand: 0.46, percentage: 100.00000000000095
Sink 16 SODDISFATTO. Flusso netto: 8.399999999999993, Demand: 8.4, percentage: 99.99999999999991
Sink 19 SODDISFATTO. Flusso netto: 0.5399999999999938, Demand: 0.54, percentage: 99.99999999999885
Sink 23 SODDISFATTO. Flusso netto: 0.5999999999999996, Demand: 0.6, percentage: 99.99999999999994
Sink 24 SODDISFATTO. Flusso netto: 0.8000000000000007, Demand: 0.8, percentage: 100.00000000000009
Sink 25 SODDISFATTO. Flusso netto: 3.5, Demand: 3.5, percentage: 100.0
Sink 26 SODDISFATTO. Flusso netto: 6.000000000000007, Demand: 6.0, percentage: 100.00000000000011
Sink 28 SODDISFATTO. Flusso netto: 0.4, Demand: 0.4, percentage: 100.0
Sink 30 SODDISFATTO. Flusso netto: 0.9799999999999933, Demand: 0.98, percentage: 99.99999999999932
Sink 31 SODDISFATTO. Flusso netto: 0.3999999999999999, Demand: 0.4, percentage: 99.99999999999997
Sink 32 SODDISFATTO. Flusso netto: 0.9999999999999989, Demand: 1.0, percentage: 99.99999999999989
Sink 34 SODDISFATTO. Flusso netto: 1.7400000000000002, Demand: 1.74, percentage: 100.00000000000003
Sink 35 SODDISFATTO. Flusso netto: 1.3, Demand: 1.3, percentage: 100.0
Sink 37 SODDISFATTO. Flusso netto: 1.0, Demand: 1.0, percentage: 100.0
Sink 39 SODDISFATTO. Flusso netto: 0.40000000000000036, Demand: 0.4, percentage: 100.00000000000009
Sink 40 SODDISFATTO. Flusso netto: 0.5, Demand: 0.5, percentage: 100.0
Sink 41 SODDISFATTO. Flusso netto: 1.0600000000000005, Demand: 1.06, percentage: 100.00000000000004
Sink 42 SODDISFATTO. Flusso netto: 2.8200000000000007, Demand: 2.82, percentage: 100.00000000000003
Sink 45 SODDISFATTO. Flusso netto: 0.6800000000000002, Demand: 0.68, percentage: 100.00000000000003
Sink 46 SODDISFATTO. Flusso netto: 1.17, Demand: 1.17, percentage: 100.0
Sink 49 non è soddisfatto. Flusso netto: 4.59, Demand: 7.0, percentage: 65.57142857142857
Flusso totale entrante nei SINK: 86.46000000000001
Flusso totale uscente nei SINK: 42.430000000000014
Flusso totale netto nei SINK: 44.029999999999994
Total DEMAND dei SINK: 46.44
Percentual di flusso ai SINK: 0.9481050818260119
Numero di Sink soddisfatti: 24.0, numero totale di sink: 25.0
Percentuale di Sink soddisfatti: 0.96

---------------------------------- DAY 250

Update Fixed Elements from Intrinsic Faults
Update Fixed Elements from Heavy Faults
Update Fixed Elements from Attack
Propagate Intrinsic Fault
Propagate Heavy Faults
Propagate Attacks
Inject Intrinsic Failure To Source
Inject Heavy Fault To Sources
Inject Attack Multiple To Source
Inject Intrinsic Fault To Pipeline
Inject Heavy Fault To Pipeline
Inject Attack To Pipeline
----------- Statistics ------------
	Sources Under Attack: 0
	Sources with Heavy Fault: 0
	Sources with Intrinsic Fault: 0
	Arcs with reduce capacity due to Attack: 0
	Arcs with reduce capacity due to Heavy Fault: 0
	Arcs with reduce capacity due to Intrinsic Fault: 0
	Arcs with Attacks: 0
	Arcs with Heavy Fault: 0
	Arcs with Intrinsic Fault: 0
--------- SOURCES STATISTICS ---------------
Demand del real Source[0]: -31.0, flusso erogato: 8.069999999999997, flusso entrante: 0.0, efficienza: 26.032258064516117 %
Demand del real Source[8]: -10.5, flusso erogato: 3.8600000000000003, flusso entrante: 0.0, efficienza: 36.76190476190476 %
Demand del real Source[9]: -7.1, flusso erogato: 14.169999999999996, flusso entrante: 7.070000000000007, efficienza: 199.57746478873236 %
Demand del real Source[17]: -25.0, flusso erogato: 25.000000000000007, flusso entrante: 0.0, efficienza: 100.00000000000003 %
Flusso totale entrante nei Real Source: 7.070000000000007
Flusso totale uscente dai Real Source: 51.1
Flusso netto sui real Source: -44.029999999999994
--- SINKS STATISTICS ---
Sink 3 SODDISFATTO. Flusso netto: 3.4299999999999997, Demand: 3.43, percentage: 99.99999999999999
Sink 4 SODDISFATTO. Flusso netto: 0.5700000000000003, Demand: 0.57, percentage: 100.00000000000007
Sink 5 SODDISFATTO. Flusso netto: 0.6600000000000019, Demand: 0.66, percentage: 100.00000000000028
Sink 11 SODDISFATTO. Flusso netto: 1.03, Demand: 1.03, percentage: 100.0
Sink 15 SODDISFATTO. Flusso netto: 0.4600000000000044, Demand: 0.46, percentage: 100.00000000000095
Sink 16 SODDISFATTO. Flusso netto: 8.399999999999993, Demand: 8.4, percentage: 99.99999999999991
Sink 19 SODDISFATTO. Flusso netto: 0.5399999999999938, Demand: 0.54, percentage: 99.99999999999885
Sink 23 SODDISFATTO. Flusso netto: 0.5999999999999996, Demand: 0.6, percentage: 99.99999999999994
Sink 24 SODDISFATTO. Flusso netto: 0.8000000000000007, Demand: 0.8, percentage: 100.00000000000009
Sink 25 SODDISFATTO. Flusso netto: 3.5, Demand: 3.5, percentage: 100.0
Sink 26 SODDISFATTO. Flusso netto: 6.000000000000007, Demand: 6.0, percentage: 100.00000000000011
Sink 28 SODDISFATTO. Flusso netto: 0.4, Demand: 0.4, percentage: 100.0
Sink 30 SODDISFATTO. Flusso netto: 0.9799999999999933, Demand: 0.98, percentage: 99.99999999999932
Sink 31 SODDISFATTO. Flusso netto: 0.3999999999999999, Demand: 0.4, percentage: 99.99999999999997
Sink 32 SODDISFATTO. Flusso netto: 0.9999999999999989, Demand: 1.0, percentage: 99.99999999999989
Sink 34 SODDISFATTO. Flusso netto: 1.7400000000000002, Demand: 1.74, percentage: 100.00000000000003
Sink 35 SODDISFATTO. Flusso netto: 1.3, Demand: 1.3, percentage: 100.0
Sink 37 SODDISFATTO. Flusso netto: 1.0, Demand: 1.0, percentage: 100.0
Sink 39 SODDISFATTO. Flusso netto: 0.40000000000000036, Demand: 0.4, percentage: 100.00000000000009
Sink 40 SODDISFATTO. Flusso netto: 0.5, Demand: 0.5, percentage: 100.0
Sink 41 SODDISFATTO. Flusso netto: 1.0600000000000005, Demand: 1.06, percentage: 100.00000000000004
Sink 42 SODDISFATTO. Flusso netto: 2.8200000000000007, Demand: 2.82, percentage: 100.00000000000003
Sink 45 SODDISFATTO. Flusso netto: 0.6800000000000002, Demand: 0.68, percentage: 100.00000000000003
Sink 46 SODDISFATTO. Flusso netto: 1.17, Demand: 1.17, percentage: 100.0
Sink 49 non è soddisfatto. Flusso netto: 4.59, Demand: 7.0, percentage: 65.57142857142857
Flusso totale entrante nei SINK: 86.46000000000001
Flusso totale uscente nei SINK: 42.430000000000014
Flusso totale netto nei SINK: 44.029999999999994
Total DEMAND dei SINK: 46.44
Percentual di flusso ai SINK: 0.9481050818260119
Numero di Sink soddisfatti: 24.0, numero totale di sink: 25.0
Percentuale di Sink soddisfatti: 0.96

---------------------------------- DAY 251

Update Fixed Elements from Intrinsic Faults
Update Fixed Elements from Heavy Faults
Update Fixed Elements from Attack
Propagate Intrinsic Fault
Propagate Heavy Faults
Propagate Attacks
Inject Intrinsic Failure To Source
Inject Heavy Fault To Sources
Inject Attack Multiple To Source
Inject Intrinsic Fault To Pipeline
Inject Heavy Fault To Pipeline
Inject Attack To Pipeline
----------- Statistics ------------
	Sources Under Attack: 0
	Sources with Heavy Fault: 0
	Sources with Intrinsic Fault: 0
	Arcs with reduce capacity due to Attack: 0
	Arcs with reduce capacity due to Heavy Fault: 0
	Arcs with reduce capacity due to Intrinsic Fault: 0
	Arcs with Attacks: 0
	Arcs with Heavy Fault: 0
	Arcs with Intrinsic Fault: 0
--------- SOURCES STATISTICS ---------------
Demand del real Source[0]: -31.0, flusso erogato: 8.069999999999997, flusso entrante: 0.0, efficienza: 26.032258064516117 %
Demand del real Source[8]: -10.5, flusso erogato: 3.8600000000000003, flusso entrante: 0.0, efficienza: 36.76190476190476 %
Demand del real Source[9]: -7.1, flusso erogato: 14.169999999999996, flusso entrante: 7.070000000000007, efficienza: 199.57746478873236 %
Demand del real Source[17]: -25.0, flusso erogato: 25.000000000000007, flusso entrante: 0.0, efficienza: 100.00000000000003 %
Flusso totale entrante nei Real Source: 7.070000000000007
Flusso totale uscente dai Real Source: 51.1
Flusso netto sui real Source: -44.029999999999994
--- SINKS STATISTICS ---
Sink 3 SODDISFATTO. Flusso netto: 3.4299999999999997, Demand: 3.43, percentage: 99.99999999999999
Sink 4 SODDISFATTO. Flusso netto: 0.5700000000000003, Demand: 0.57, percentage: 100.00000000000007
Sink 5 SODDISFATTO. Flusso netto: 0.6600000000000019, Demand: 0.66, percentage: 100.00000000000028
Sink 11 SODDISFATTO. Flusso netto: 1.03, Demand: 1.03, percentage: 100.0
Sink 15 SODDISFATTO. Flusso netto: 0.4600000000000044, Demand: 0.46, percentage: 100.00000000000095
Sink 16 SODDISFATTO. Flusso netto: 8.399999999999993, Demand: 8.4, percentage: 99.99999999999991
Sink 19 SODDISFATTO. Flusso netto: 0.5399999999999938, Demand: 0.54, percentage: 99.99999999999885
Sink 23 SODDISFATTO. Flusso netto: 0.5999999999999996, Demand: 0.6, percentage: 99.99999999999994
Sink 24 SODDISFATTO. Flusso netto: 0.8000000000000007, Demand: 0.8, percentage: 100.00000000000009
Sink 25 SODDISFATTO. Flusso netto: 3.5, Demand: 3.5, percentage: 100.0
Sink 26 SODDISFATTO. Flusso netto: 6.000000000000007, Demand: 6.0, percentage: 100.00000000000011
Sink 28 SODDISFATTO. Flusso netto: 0.4, Demand: 0.4, percentage: 100.0
Sink 30 SODDISFATTO. Flusso netto: 0.9799999999999933, Demand: 0.98, percentage: 99.99999999999932
Sink 31 SODDISFATTO. Flusso netto: 0.3999999999999999, Demand: 0.4, percentage: 99.99999999999997
Sink 32 SODDISFATTO. Flusso netto: 0.9999999999999989, Demand: 1.0, percentage: 99.99999999999989
Sink 34 SODDISFATTO. Flusso netto: 1.7400000000000002, Demand: 1.74, percentage: 100.00000000000003
Sink 35 SODDISFATTO. Flusso netto: 1.3, Demand: 1.3, percentage: 100.0
Sink 37 SODDISFATTO. Flusso netto: 1.0, Demand: 1.0, percentage: 100.0
Sink 39 SODDISFATTO. Flusso netto: 0.40000000000000036, Demand: 0.4, percentage: 100.00000000000009
Sink 40 SODDISFATTO. Flusso netto: 0.5, Demand: 0.5, percentage: 100.0
Sink 41 SODDISFATTO. Flusso netto: 1.0600000000000005, Demand: 1.06, percentage: 100.00000000000004
Sink 42 SODDISFATTO. Flusso netto: 2.8200000000000007, Demand: 2.82, percentage: 100.00000000000003
Sink 45 SODDISFATTO. Flusso netto: 0.6800000000000002, Demand: 0.68, percentage: 100.00000000000003
Sink 46 SODDISFATTO. Flusso netto: 1.17, Demand: 1.17, percentage: 100.0
Sink 49 non è soddisfatto. Flusso netto: 4.59, Demand: 7.0, percentage: 65.57142857142857
Flusso totale entrante nei SINK: 86.46000000000001
Flusso totale uscente nei SINK: 42.430000000000014
Flusso totale netto nei SINK: 44.029999999999994
Total DEMAND dei SINK: 46.44
Percentual di flusso ai SINK: 0.9481050818260119
Numero di Sink soddisfatti: 24.0, numero totale di sink: 25.0
Percentuale di Sink soddisfatti: 0.96

---------------------------------- DAY 252

Update Fixed Elements from Intrinsic Faults
Update Fixed Elements from Heavy Faults
Update Fixed Elements from Attack
Propagate Intrinsic Fault
Propagate Heavy Faults
Propagate Attacks
Inject Intrinsic Failure To Source
Source NODO_11 is failing for an Intrinsic Fault in day: 252
pipeline ARCO_3 has reduced capacity due to NODO_11 Intrinsic fault
pipeline ARCO_90 has reduced capacity due to NODO_11 Intrinsic fault
pipeline ARCO_91 has reduced capacity due to NODO_11 Intrinsic fault
pipeline ARCO_92 has reduced capacity due to NODO_11 Intrinsic fault
pipeline V_EDGE_53_9 has reduced capacity due to NODO_11 Intrinsic fault
pipeline ARCO_20 has reduced capacity due to NODO_11 Intrinsic fault
pipeline ARCO_21 has reduced capacity due to NODO_11 Intrinsic fault
pipeline ARCO_22 has reduced capacity due to NODO_11 Intrinsic fault
pipeline ARCO_73 has reduced capacity due to NODO_11 Intrinsic fault
Inject Heavy Fault To Sources
Inject Attack Multiple To Source
Inject Intrinsic Fault To Pipeline
Inject Heavy Fault To Pipeline
Inject Attack To Pipeline
----------- Statistics ------------
	Sources Under Attack: 0
	Sources with Heavy Fault: 0
	Sources with Intrinsic Fault: 1
	Arcs with reduce capacity due to Attack: 0
	Arcs with reduce capacity due to Heavy Fault: 0
	Arcs with reduce capacity due to Intrinsic Fault: 9
	Arcs with Attacks: 0
	Arcs with Heavy Fault: 0
	Arcs with Intrinsic Fault: 0
--------- SOURCES STATISTICS ---------------
Demand del real Source[0]: -31.0, flusso erogato: 8.729999999999993, flusso entrante: 0.0, efficienza: 28.161290322580623 %
Demand del real Source[8]: -10.5, flusso erogato: 3.8600000000000003, flusso entrante: 0.0, efficienza: 36.76190476190476 %
Demand del real Source[9]: -7.1, flusso erogato: 13.409999999999997, flusso entrante: 7.73, efficienza: 188.87323943661968 %
Demand del real Source[17]: -25.0, flusso erogato: 25.000000000000007, flusso entrante: 0.0, efficienza: 100.00000000000003 %
Flusso totale entrante nei Real Source: 7.73
Flusso totale uscente dai Real Source: 51.0
Flusso netto sui real Source: -43.269999999999996
--- SINKS STATISTICS ---
Sink 3 SODDISFATTO. Flusso netto: 3.4299999999999997, Demand: 3.43, percentage: 99.99999999999999
Sink 4 SODDISFATTO. Flusso netto: 0.5700000000000003, Demand: 0.57, percentage: 100.00000000000007
Sink 5 SODDISFATTO. Flusso netto: 0.6600000000000001, Demand: 0.66, percentage: 100.00000000000003
Sink 11 SODDISFATTO. Flusso netto: 1.03, Demand: 1.03, percentage: 100.0
Sink 15 SODDISFATTO. Flusso netto: 0.4600000000000044, Demand: 0.46, percentage: 100.00000000000095
Sink 16 SODDISFATTO. Flusso netto: 8.399999999999993, Demand: 8.4, percentage: 99.99999999999991
Sink 19 SODDISFATTO. Flusso netto: 0.5399999999999938, Demand: 0.54, percentage: 99.99999999999885
Sink 23 SODDISFATTO. Flusso netto: 0.5999999999999996, Demand: 0.6, percentage: 99.99999999999994
Sink 24 SODDISFATTO. Flusso netto: 0.8000000000000007, Demand: 0.8, percentage: 100.00000000000009
Sink 25 SODDISFATTO. Flusso netto: 3.5, Demand: 3.5, percentage: 100.0
Sink 26 SODDISFATTO. Flusso netto: 6.000000000000007, Demand: 6.0, percentage: 100.00000000000011
Sink 28 SODDISFATTO. Flusso netto: 0.4, Demand: 0.4, percentage: 100.0
Sink 30 SODDISFATTO. Flusso netto: 0.9799999999999933, Demand: 0.98, percentage: 99.99999999999932
Sink 31 SODDISFATTO. Flusso netto: 0.3999999999999999, Demand: 0.4, percentage: 99.99999999999997
Sink 32 SODDISFATTO. Flusso netto: 0.9999999999999989, Demand: 1.0, percentage: 99.99999999999989
Sink 34 SODDISFATTO. Flusso netto: 1.7400000000000002, Demand: 1.74, percentage: 100.00000000000003
Sink 35 SODDISFATTO. Flusso netto: 1.3, Demand: 1.3, percentage: 100.0
Sink 37 SODDISFATTO. Flusso netto: 1.0, Demand: 1.0, percentage: 100.0
Sink 39 SODDISFATTO. Flusso netto: 0.40000000000000036, Demand: 0.4, percentage: 100.00000000000009
Sink 40 SODDISFATTO. Flusso netto: 0.5, Demand: 0.5, percentage: 100.0
Sink 41 SODDISFATTO. Flusso netto: 1.0600000000000005, Demand: 1.06, percentage: 100.00000000000004
Sink 42 SODDISFATTO. Flusso netto: 2.819999999999999, Demand: 2.82, percentage: 99.99999999999997
Sink 45 SODDISFATTO. Flusso netto: 0.6800000000000002, Demand: 0.68, percentage: 100.00000000000003
Sink 46 SODDISFATTO. Flusso netto: 1.17, Demand: 1.17, percentage: 100.0
Sink 49 non è soddisfatto. Flusso netto: 3.83, Demand: 7.0, percentage: 54.714285714285715
Flusso totale entrante nei SINK: 85.282
Flusso totale uscente nei SINK: 42.01200000000001
Flusso totale netto nei SINK: 43.26999999999999
Total DEMAND dei SINK: 46.44
Percentual di flusso ai SINK: 0.9317398794142978
Numero di Sink soddisfatti: 24.0, numero totale di sink: 25.0
Percentuale di Sink soddisfatti: 0.96

---------------------------------- DAY 253

Update Fixed Elements from Intrinsic Faults
Update Fixed Elements from Heavy Faults
Update Fixed Elements from Attack
Propagate Intrinsic Fault
Node NODO_11 has still failing due to Intrinsic Fault
pipeline ARCO_3 still has reduced capacity: 9.688 due to Intrinsic Fault
pipeline ARCO_90 still has reduced capacity: 1.6 due to Intrinsic Fault
pipeline ARCO_91 still has reduced capacity: 9.688 due to Intrinsic Fault
pipeline ARCO_92 still has reduced capacity: 39.328 due to Intrinsic Fault
pipeline V_EDGE_53_9 still has reduced capacity: 5.68 due to Intrinsic Fault
pipeline ARCO_20 still has reduced capacity: 1.6 due to Intrinsic Fault
pipeline ARCO_21 still has reduced capacity: 9.688 due to Intrinsic Fault
pipeline ARCO_22 still has reduced capacity: 39.328 due to Intrinsic Fault
pipeline ARCO_73 still has reduced capacity: 9.688 due to Intrinsic Fault
Propagate Heavy Faults
Propagate Attacks
Inject Intrinsic Failure To Source
Source NODO_2 is failing for an Intrinsic Fault in day: 253
pipeline ARCO_70 has reduced capacity due to NODO_2 Intrinsic fault
pipeline V_EDGE_53_0 has reduced capacity due to NODO_2 Intrinsic fault
pipeline ARCO_0 has reduced capacity due to NODO_2 Intrinsic fault
Inject Heavy Fault To Sources
Inject Attack Multiple To Source
Inject Intrinsic Fault To Pipeline
Inject Heavy Fault To Pipeline
Inject Attack To Pipeline
----------- Statistics ------------
	Sources Under Attack: 0
	Sources with Heavy Fault: 0
	Sources with Intrinsic Fault: 2
	Arcs with reduce capacity due to Attack: 0
	Arcs with reduce capacity due to Heavy Fault: 0
	Arcs with reduce capacity due to Intrinsic Fault: 12
	Arcs with Attacks: 0
	Arcs with Heavy Fault: 0
	Arcs with Intrinsic Fault: 0
--------- SOURCES STATISTICS ---------------
Demand del real Source[0]: -31.0, flusso erogato: 8.729999999999997, flusso entrante: 0.0, efficienza: 28.161290322580633 %
Demand del real Source[8]: -10.5, flusso erogato: 3.8600000000000003, flusso entrante: 0.0, efficienza: 36.76190476190476 %
Demand del real Source[9]: -7.1, flusso erogato: 13.409999999999997, flusso entrante: 7.73, efficienza: 188.87323943661968 %
Demand del real Source[17]: -25.0, flusso erogato: 25.000000000000007, flusso entrante: 0.0, efficienza: 100.00000000000003 %
Flusso totale entrante nei Real Source: 7.73
Flusso totale uscente dai Real Source: 51.0
Flusso netto sui real Source: -43.269999999999996
--- SINKS STATISTICS ---
Sink 3 SODDISFATTO. Flusso netto: 3.4299999999999997, Demand: 3.43, percentage: 99.99999999999999
Sink 4 SODDISFATTO. Flusso netto: 0.5700000000000003, Demand: 0.57, percentage: 100.00000000000007
Sink 5 SODDISFATTO. Flusso netto: 0.6600000000000001, Demand: 0.66, percentage: 100.00000000000003
Sink 11 SODDISFATTO. Flusso netto: 1.03, Demand: 1.03, percentage: 100.0
Sink 15 SODDISFATTO. Flusso netto: 0.4600000000000044, Demand: 0.46, percentage: 100.00000000000095
Sink 16 SODDISFATTO. Flusso netto: 8.399999999999993, Demand: 8.4, percentage: 99.99999999999991
Sink 19 SODDISFATTO. Flusso netto: 0.5399999999999938, Demand: 0.54, percentage: 99.99999999999885
Sink 23 SODDISFATTO. Flusso netto: 0.5999999999999996, Demand: 0.6, percentage: 99.99999999999994
Sink 24 SODDISFATTO. Flusso netto: 0.8000000000000007, Demand: 0.8, percentage: 100.00000000000009
Sink 25 SODDISFATTO. Flusso netto: 3.5, Demand: 3.5, percentage: 100.0
Sink 26 SODDISFATTO. Flusso netto: 6.000000000000007, Demand: 6.0, percentage: 100.00000000000011
Sink 28 SODDISFATTO. Flusso netto: 0.4, Demand: 0.4, percentage: 100.0
Sink 30 SODDISFATTO. Flusso netto: 0.9799999999999933, Demand: 0.98, percentage: 99.99999999999932
Sink 31 SODDISFATTO. Flusso netto: 0.3999999999999999, Demand: 0.4, percentage: 99.99999999999997
Sink 32 SODDISFATTO. Flusso netto: 0.9999999999999989, Demand: 1.0, percentage: 99.99999999999989
Sink 34 SODDISFATTO. Flusso netto: 1.7400000000000002, Demand: 1.74, percentage: 100.00000000000003
Sink 35 SODDISFATTO. Flusso netto: 1.3, Demand: 1.3, percentage: 100.0
Sink 37 SODDISFATTO. Flusso netto: 1.0, Demand: 1.0, percentage: 100.0
Sink 39 SODDISFATTO. Flusso netto: 0.40000000000000036, Demand: 0.4, percentage: 100.00000000000009
Sink 40 SODDISFATTO. Flusso netto: 0.5, Demand: 0.5, percentage: 100.0
Sink 41 SODDISFATTO. Flusso netto: 1.0600000000000005, Demand: 1.06, percentage: 100.00000000000004
Sink 42 SODDISFATTO. Flusso netto: 2.819999999999999, Demand: 2.82, percentage: 99.99999999999997
Sink 45 SODDISFATTO. Flusso netto: 0.6800000000000002, Demand: 0.68, percentage: 100.00000000000003
Sink 46 SODDISFATTO. Flusso netto: 1.17, Demand: 1.17, percentage: 100.0
Sink 49 non è soddisfatto. Flusso netto: 3.83, Demand: 7.0, percentage: 54.714285714285715
Flusso totale entrante nei SINK: 85.282
Flusso totale uscente nei SINK: 42.01200000000001
Flusso totale netto nei SINK: 43.26999999999999
Total DEMAND dei SINK: 46.44
Percentual di flusso ai SINK: 0.9317398794142978
Numero di Sink soddisfatti: 24.0, numero totale di sink: 25.0
Percentuale di Sink soddisfatti: 0.96

---------------------------------- DAY 254

Update Fixed Elements from Intrinsic Faults
Update Fixed Elements from Heavy Faults
Update Fixed Elements from Attack
Propagate Intrinsic Fault
Node NODO_11 has still failing due to Intrinsic Fault
Node NODO_2 has still failing due to Intrinsic Fault
pipeline ARCO_3 still has reduced capacity: 9.688 due to Intrinsic Fault
pipeline ARCO_90 still has reduced capacity: 1.6 due to Intrinsic Fault
pipeline ARCO_91 still has reduced capacity: 9.688 due to Intrinsic Fault
pipeline ARCO_92 still has reduced capacity: 39.328 due to Intrinsic Fault
pipeline V_EDGE_53_9 still has reduced capacity: 5.68 due to Intrinsic Fault
pipeline ARCO_20 still has reduced capacity: 1.6 due to Intrinsic Fault
pipeline ARCO_21 still has reduced capacity: 9.688 due to Intrinsic Fault
pipeline ARCO_22 still has reduced capacity: 39.328 due to Intrinsic Fault
pipeline ARCO_73 still has reduced capacity: 9.688 due to Intrinsic Fault
pipeline ARCO_70 still has reduced capacity: 24.8 due to Intrinsic Fault
pipeline V_EDGE_53_0 still has reduced capacity: 24.8 due to Intrinsic Fault
pipeline ARCO_0 still has reduced capacity: 24.8 due to Intrinsic Fault
Propagate Heavy Faults
Propagate Attacks
Inject Intrinsic Failure To Source
Source NODO_2 is failing for an Intrinsic Fault in day: 254
pipeline ARCO_70 has reduced capacity due to NODO_2 Intrinsic fault
pipeline V_EDGE_53_0 has reduced capacity due to NODO_2 Intrinsic fault
pipeline ARCO_0 has reduced capacity due to NODO_2 Intrinsic fault
Inject Heavy Fault To Sources
Inject Attack Multiple To Source
Inject Intrinsic Fault To Pipeline
Inject Heavy Fault To Pipeline
Inject Attack To Pipeline
----------- Statistics ------------
	Sources Under Attack: 0
	Sources with Heavy Fault: 0
	Sources with Intrinsic Fault: 2
	Arcs with reduce capacity due to Attack: 0
	Arcs with reduce capacity due to Heavy Fault: 0
	Arcs with reduce capacity due to Intrinsic Fault: 12
	Arcs with Attacks: 0
	Arcs with Heavy Fault: 0
	Arcs with Intrinsic Fault: 0
--------- SOURCES STATISTICS ---------------
Demand del real Source[0]: -31.0, flusso erogato: 8.729999999999997, flusso entrante: 0.0, efficienza: 28.161290322580633 %
Demand del real Source[8]: -10.5, flusso erogato: 3.8600000000000003, flusso entrante: 0.0, efficienza: 36.76190476190476 %
Demand del real Source[9]: -7.1, flusso erogato: 13.409999999999997, flusso entrante: 7.73, efficienza: 188.87323943661968 %
Demand del real Source[17]: -25.0, flusso erogato: 25.000000000000007, flusso entrante: 0.0, efficienza: 100.00000000000003 %
Flusso totale entrante nei Real Source: 7.73
Flusso totale uscente dai Real Source: 51.0
Flusso netto sui real Source: -43.269999999999996
--- SINKS STATISTICS ---
Sink 3 SODDISFATTO. Flusso netto: 3.4299999999999997, Demand: 3.43, percentage: 99.99999999999999
Sink 4 SODDISFATTO. Flusso netto: 0.5700000000000003, Demand: 0.57, percentage: 100.00000000000007
Sink 5 SODDISFATTO. Flusso netto: 0.6600000000000001, Demand: 0.66, percentage: 100.00000000000003
Sink 11 SODDISFATTO. Flusso netto: 1.03, Demand: 1.03, percentage: 100.0
Sink 15 SODDISFATTO. Flusso netto: 0.4600000000000044, Demand: 0.46, percentage: 100.00000000000095
Sink 16 SODDISFATTO. Flusso netto: 8.399999999999993, Demand: 8.4, percentage: 99.99999999999991
Sink 19 SODDISFATTO. Flusso netto: 0.5399999999999938, Demand: 0.54, percentage: 99.99999999999885
Sink 23 SODDISFATTO. Flusso netto: 0.5999999999999996, Demand: 0.6, percentage: 99.99999999999994
Sink 24 SODDISFATTO. Flusso netto: 0.8000000000000007, Demand: 0.8, percentage: 100.00000000000009
Sink 25 SODDISFATTO. Flusso netto: 3.5, Demand: 3.5, percentage: 100.0
Sink 26 SODDISFATTO. Flusso netto: 6.000000000000007, Demand: 6.0, percentage: 100.00000000000011
Sink 28 SODDISFATTO. Flusso netto: 0.4, Demand: 0.4, percentage: 100.0
Sink 30 SODDISFATTO. Flusso netto: 0.9799999999999933, Demand: 0.98, percentage: 99.99999999999932
Sink 31 SODDISFATTO. Flusso netto: 0.3999999999999999, Demand: 0.4, percentage: 99.99999999999997
Sink 32 SODDISFATTO. Flusso netto: 0.9999999999999989, Demand: 1.0, percentage: 99.99999999999989
Sink 34 SODDISFATTO. Flusso netto: 1.7400000000000002, Demand: 1.74, percentage: 100.00000000000003
Sink 35 SODDISFATTO. Flusso netto: 1.3, Demand: 1.3, percentage: 100.0
Sink 37 SODDISFATTO. Flusso netto: 1.0, Demand: 1.0, percentage: 100.0
Sink 39 SODDISFATTO. Flusso netto: 0.40000000000000036, Demand: 0.4, percentage: 100.00000000000009
Sink 40 SODDISFATTO. Flusso netto: 0.5, Demand: 0.5, percentage: 100.0
Sink 41 SODDISFATTO. Flusso netto: 1.0600000000000005, Demand: 1.06, percentage: 100.00000000000004
Sink 42 SODDISFATTO. Flusso netto: 2.819999999999999, Demand: 2.82, percentage: 99.99999999999997
Sink 45 SODDISFATTO. Flusso netto: 0.6800000000000002, Demand: 0.68, percentage: 100.00000000000003
Sink 46 SODDISFATTO. Flusso netto: 1.17, Demand: 1.17, percentage: 100.0
Sink 49 non è soddisfatto. Flusso netto: 3.83, Demand: 7.0, percentage: 54.714285714285715
Flusso totale entrante nei SINK: 85.282
Flusso totale uscente nei SINK: 42.01200000000001
Flusso totale netto nei SINK: 43.26999999999999
Total DEMAND dei SINK: 46.44
Percentual di flusso ai SINK: 0.9317398794142978
Numero di Sink soddisfatti: 24.0, numero totale di sink: 25.0
Percentuale di Sink soddisfatti: 0.96

---------------------------------- DAY 255

Update Fixed Elements from Intrinsic Faults
Source NODO_11 fixed from Intrinsic Fault
Pipeline ARCO_3 fixed due to Source NODO_11 fixing from Intrinsic Fault
Pipeline ARCO_90 fixed due to Source NODO_11 fixing from Intrinsic Fault
Pipeline ARCO_91 fixed due to Source NODO_11 fixing from Intrinsic Fault
Pipeline ARCO_92 fixed due to Source NODO_11 fixing from Intrinsic Fault
Pipeline V_EDGE_53_9 fixed due to Source NODO_11 fixing from Intrinsic Fault
Pipeline ARCO_20 fixed due to Source NODO_11 fixing from Intrinsic Fault
Pipeline ARCO_21 fixed due to Source NODO_11 fixing from Intrinsic Fault
Pipeline ARCO_22 fixed due to Source NODO_11 fixing from Intrinsic Fault
Pipeline ARCO_73 fixed due to Source NODO_11 fixing from Intrinsic Fault
Update Fixed Elements from Heavy Faults
Update Fixed Elements from Attack
Propagate Intrinsic Fault
Node NODO_2 has still failing due to Intrinsic Fault
pipeline ARCO_70 still has reduced capacity: 24.8 due to Intrinsic Fault
pipeline V_EDGE_53_0 still has reduced capacity: 24.8 due to Intrinsic Fault
pipeline ARCO_0 still has reduced capacity: 24.8 due to Intrinsic Fault
Propagate Heavy Faults
Propagate Attacks
Inject Intrinsic Failure To Source
Inject Heavy Fault To Sources
Inject Attack Multiple To Source
Inject Intrinsic Fault To Pipeline
Inject Heavy Fault To Pipeline
Inject Attack To Pipeline
----------- Statistics ------------
	Sources Under Attack: 0
	Sources with Heavy Fault: 0
	Sources with Intrinsic Fault: 1
	Arcs with reduce capacity due to Attack: 0
	Arcs with reduce capacity due to Heavy Fault: 0
	Arcs with reduce capacity due to Intrinsic Fault: 3
	Arcs with Attacks: 0
	Arcs with Heavy Fault: 0
	Arcs with Intrinsic Fault: 0
--------- SOURCES STATISTICS ---------------
Demand del real Source[0]: -31.0, flusso erogato: 8.069999999999997, flusso entrante: 0.0, efficienza: 26.032258064516117 %
Demand del real Source[8]: -10.5, flusso erogato: 3.8600000000000003, flusso entrante: 0.0, efficienza: 36.76190476190476 %
Demand del real Source[9]: -7.1, flusso erogato: 14.169999999999996, flusso entrante: 7.070000000000007, efficienza: 199.57746478873236 %
Demand del real Source[17]: -25.0, flusso erogato: 25.000000000000007, flusso entrante: 0.0, efficienza: 100.00000000000003 %
Flusso totale entrante nei Real Source: 7.070000000000007
Flusso totale uscente dai Real Source: 51.1
Flusso netto sui real Source: -44.029999999999994
--- SINKS STATISTICS ---
Sink 3 SODDISFATTO. Flusso netto: 3.4299999999999997, Demand: 3.43, percentage: 99.99999999999999
Sink 4 SODDISFATTO. Flusso netto: 0.5700000000000003, Demand: 0.57, percentage: 100.00000000000007
Sink 5 SODDISFATTO. Flusso netto: 0.6600000000000019, Demand: 0.66, percentage: 100.00000000000028
Sink 11 SODDISFATTO. Flusso netto: 1.03, Demand: 1.03, percentage: 100.0
Sink 15 SODDISFATTO. Flusso netto: 0.4600000000000044, Demand: 0.46, percentage: 100.00000000000095
Sink 16 SODDISFATTO. Flusso netto: 8.399999999999993, Demand: 8.4, percentage: 99.99999999999991
Sink 19 SODDISFATTO. Flusso netto: 0.5399999999999938, Demand: 0.54, percentage: 99.99999999999885
Sink 23 SODDISFATTO. Flusso netto: 0.5999999999999996, Demand: 0.6, percentage: 99.99999999999994
Sink 24 SODDISFATTO. Flusso netto: 0.8000000000000007, Demand: 0.8, percentage: 100.00000000000009
Sink 25 SODDISFATTO. Flusso netto: 3.5, Demand: 3.5, percentage: 100.0
Sink 26 SODDISFATTO. Flusso netto: 6.000000000000007, Demand: 6.0, percentage: 100.00000000000011
Sink 28 SODDISFATTO. Flusso netto: 0.4, Demand: 0.4, percentage: 100.0
Sink 30 SODDISFATTO. Flusso netto: 0.9799999999999933, Demand: 0.98, percentage: 99.99999999999932
Sink 31 SODDISFATTO. Flusso netto: 0.3999999999999999, Demand: 0.4, percentage: 99.99999999999997
Sink 32 SODDISFATTO. Flusso netto: 0.9999999999999989, Demand: 1.0, percentage: 99.99999999999989
Sink 34 SODDISFATTO. Flusso netto: 1.7400000000000002, Demand: 1.74, percentage: 100.00000000000003
Sink 35 SODDISFATTO. Flusso netto: 1.3, Demand: 1.3, percentage: 100.0
Sink 37 SODDISFATTO. Flusso netto: 1.0, Demand: 1.0, percentage: 100.0
Sink 39 SODDISFATTO. Flusso netto: 0.40000000000000036, Demand: 0.4, percentage: 100.00000000000009
Sink 40 SODDISFATTO. Flusso netto: 0.5, Demand: 0.5, percentage: 100.0
Sink 41 SODDISFATTO. Flusso netto: 1.0600000000000005, Demand: 1.06, percentage: 100.00000000000004
Sink 42 SODDISFATTO. Flusso netto: 2.8200000000000007, Demand: 2.82, percentage: 100.00000000000003
Sink 45 SODDISFATTO. Flusso netto: 0.6800000000000002, Demand: 0.68, percentage: 100.00000000000003
Sink 46 SODDISFATTO. Flusso netto: 1.17, Demand: 1.17, percentage: 100.0
Sink 49 non è soddisfatto. Flusso netto: 4.59, Demand: 7.0, percentage: 65.57142857142857
Flusso totale entrante nei SINK: 86.46000000000001
Flusso totale uscente nei SINK: 42.430000000000014
Flusso totale netto nei SINK: 44.029999999999994
Total DEMAND dei SINK: 46.44
Percentual di flusso ai SINK: 0.9481050818260119
Numero di Sink soddisfatti: 24.0, numero totale di sink: 25.0
Percentuale di Sink soddisfatti: 0.96

---------------------------------- DAY 256

Update Fixed Elements from Intrinsic Faults
Source NODO_2 fixed from Intrinsic Fault
Pipeline ARCO_70 fixed due to Source NODO_2 fixing from Intrinsic Fault
Pipeline V_EDGE_53_0 fixed due to Source NODO_2 fixing from Intrinsic Fault
Pipeline ARCO_0 fixed due to Source NODO_2 fixing from Intrinsic Fault
Update Fixed Elements from Heavy Faults
Update Fixed Elements from Attack
Propagate Intrinsic Fault
Propagate Heavy Faults
Propagate Attacks
Inject Intrinsic Failure To Source
Source NODO_2 is failing for an Intrinsic Fault in day: 256
pipeline ARCO_70 has reduced capacity due to NODO_2 Intrinsic fault
pipeline V_EDGE_53_0 has reduced capacity due to NODO_2 Intrinsic fault
pipeline ARCO_0 has reduced capacity due to NODO_2 Intrinsic fault
Inject Heavy Fault To Sources
Inject Attack Multiple To Source
Inject Intrinsic Fault To Pipeline
Inject Heavy Fault To Pipeline
Inject Attack To Pipeline
----------- Statistics ------------
	Sources Under Attack: 0
	Sources with Heavy Fault: 0
	Sources with Intrinsic Fault: 1
	Arcs with reduce capacity due to Attack: 0
	Arcs with reduce capacity due to Heavy Fault: 0
	Arcs with reduce capacity due to Intrinsic Fault: 3
	Arcs with Attacks: 0
	Arcs with Heavy Fault: 0
	Arcs with Intrinsic Fault: 0
--------- SOURCES STATISTICS ---------------
Demand del real Source[0]: -31.0, flusso erogato: 8.069999999999997, flusso entrante: 0.0, efficienza: 26.032258064516117 %
Demand del real Source[8]: -10.5, flusso erogato: 3.8600000000000003, flusso entrante: 0.0, efficienza: 36.76190476190476 %
Demand del real Source[9]: -7.1, flusso erogato: 14.169999999999996, flusso entrante: 7.070000000000007, efficienza: 199.57746478873236 %
Demand del real Source[17]: -25.0, flusso erogato: 25.000000000000007, flusso entrante: 0.0, efficienza: 100.00000000000003 %
Flusso totale entrante nei Real Source: 7.070000000000007
Flusso totale uscente dai Real Source: 51.1
Flusso netto sui real Source: -44.029999999999994
--- SINKS STATISTICS ---
Sink 3 SODDISFATTO. Flusso netto: 3.4299999999999997, Demand: 3.43, percentage: 99.99999999999999
Sink 4 SODDISFATTO. Flusso netto: 0.5700000000000003, Demand: 0.57, percentage: 100.00000000000007
Sink 5 SODDISFATTO. Flusso netto: 0.6600000000000019, Demand: 0.66, percentage: 100.00000000000028
Sink 11 SODDISFATTO. Flusso netto: 1.03, Demand: 1.03, percentage: 100.0
Sink 15 SODDISFATTO. Flusso netto: 0.4600000000000044, Demand: 0.46, percentage: 100.00000000000095
Sink 16 SODDISFATTO. Flusso netto: 8.399999999999993, Demand: 8.4, percentage: 99.99999999999991
Sink 19 SODDISFATTO. Flusso netto: 0.5399999999999938, Demand: 0.54, percentage: 99.99999999999885
Sink 23 SODDISFATTO. Flusso netto: 0.5999999999999996, Demand: 0.6, percentage: 99.99999999999994
Sink 24 SODDISFATTO. Flusso netto: 0.8000000000000007, Demand: 0.8, percentage: 100.00000000000009
Sink 25 SODDISFATTO. Flusso netto: 3.5, Demand: 3.5, percentage: 100.0
Sink 26 SODDISFATTO. Flusso netto: 6.000000000000007, Demand: 6.0, percentage: 100.00000000000011
Sink 28 SODDISFATTO. Flusso netto: 0.4, Demand: 0.4, percentage: 100.0
Sink 30 SODDISFATTO. Flusso netto: 0.9799999999999933, Demand: 0.98, percentage: 99.99999999999932
Sink 31 SODDISFATTO. Flusso netto: 0.3999999999999999, Demand: 0.4, percentage: 99.99999999999997
Sink 32 SODDISFATTO. Flusso netto: 0.9999999999999989, Demand: 1.0, percentage: 99.99999999999989
Sink 34 SODDISFATTO. Flusso netto: 1.7400000000000002, Demand: 1.74, percentage: 100.00000000000003
Sink 35 SODDISFATTO. Flusso netto: 1.3, Demand: 1.3, percentage: 100.0
Sink 37 SODDISFATTO. Flusso netto: 1.0, Demand: 1.0, percentage: 100.0
Sink 39 SODDISFATTO. Flusso netto: 0.40000000000000036, Demand: 0.4, percentage: 100.00000000000009
Sink 40 SODDISFATTO. Flusso netto: 0.5, Demand: 0.5, percentage: 100.0
Sink 41 SODDISFATTO. Flusso netto: 1.0600000000000005, Demand: 1.06, percentage: 100.00000000000004
Sink 42 SODDISFATTO. Flusso netto: 2.8200000000000007, Demand: 2.82, percentage: 100.00000000000003
Sink 45 SODDISFATTO. Flusso netto: 0.6800000000000002, Demand: 0.68, percentage: 100.00000000000003
Sink 46 SODDISFATTO. Flusso netto: 1.17, Demand: 1.17, percentage: 100.0
Sink 49 non è soddisfatto. Flusso netto: 4.59, Demand: 7.0, percentage: 65.57142857142857
Flusso totale entrante nei SINK: 86.46000000000001
Flusso totale uscente nei SINK: 42.430000000000014
Flusso totale netto nei SINK: 44.029999999999994
Total DEMAND dei SINK: 46.44
Percentual di flusso ai SINK: 0.9481050818260119
Numero di Sink soddisfatti: 24.0, numero totale di sink: 25.0
Percentuale di Sink soddisfatti: 0.96

---------------------------------- DAY 257

Update Fixed Elements from Intrinsic Faults
Update Fixed Elements from Heavy Faults
Update Fixed Elements from Attack
Propagate Intrinsic Fault
Node NODO_2 has still failing due to Intrinsic Fault
pipeline ARCO_70 still has reduced capacity: 24.8 due to Intrinsic Fault
pipeline V_EDGE_53_0 still has reduced capacity: 24.8 due to Intrinsic Fault
pipeline ARCO_0 still has reduced capacity: 24.8 due to Intrinsic Fault
Propagate Heavy Faults
Propagate Attacks
Inject Intrinsic Failure To Source
Source NODO_2 is failing for an Intrinsic Fault in day: 257
pipeline ARCO_70 has reduced capacity due to NODO_2 Intrinsic fault
pipeline V_EDGE_53_0 has reduced capacity due to NODO_2 Intrinsic fault
pipeline ARCO_0 has reduced capacity due to NODO_2 Intrinsic fault
Inject Heavy Fault To Sources
Inject Attack Multiple To Source
Inject Intrinsic Fault To Pipeline
Inject Heavy Fault To Pipeline
Inject Attack To Pipeline
----------- Statistics ------------
	Sources Under Attack: 0
	Sources with Heavy Fault: 0
	Sources with Intrinsic Fault: 1
	Arcs with reduce capacity due to Attack: 0
	Arcs with reduce capacity due to Heavy Fault: 0
	Arcs with reduce capacity due to Intrinsic Fault: 3
	Arcs with Attacks: 0
	Arcs with Heavy Fault: 0
	Arcs with Intrinsic Fault: 0
--------- SOURCES STATISTICS ---------------
Demand del real Source[0]: -31.0, flusso erogato: 8.069999999999997, flusso entrante: 0.0, efficienza: 26.032258064516117 %
Demand del real Source[8]: -10.5, flusso erogato: 3.8600000000000003, flusso entrante: 0.0, efficienza: 36.76190476190476 %
Demand del real Source[9]: -7.1, flusso erogato: 14.169999999999996, flusso entrante: 7.070000000000007, efficienza: 199.57746478873236 %
Demand del real Source[17]: -25.0, flusso erogato: 25.000000000000007, flusso entrante: 0.0, efficienza: 100.00000000000003 %
Flusso totale entrante nei Real Source: 7.070000000000007
Flusso totale uscente dai Real Source: 51.1
Flusso netto sui real Source: -44.029999999999994
--- SINKS STATISTICS ---
Sink 3 SODDISFATTO. Flusso netto: 3.4299999999999997, Demand: 3.43, percentage: 99.99999999999999
Sink 4 SODDISFATTO. Flusso netto: 0.5700000000000003, Demand: 0.57, percentage: 100.00000000000007
Sink 5 SODDISFATTO. Flusso netto: 0.6600000000000019, Demand: 0.66, percentage: 100.00000000000028
Sink 11 SODDISFATTO. Flusso netto: 1.03, Demand: 1.03, percentage: 100.0
Sink 15 SODDISFATTO. Flusso netto: 0.4600000000000044, Demand: 0.46, percentage: 100.00000000000095
Sink 16 SODDISFATTO. Flusso netto: 8.399999999999993, Demand: 8.4, percentage: 99.99999999999991
Sink 19 SODDISFATTO. Flusso netto: 0.5399999999999938, Demand: 0.54, percentage: 99.99999999999885
Sink 23 SODDISFATTO. Flusso netto: 0.5999999999999996, Demand: 0.6, percentage: 99.99999999999994
Sink 24 SODDISFATTO. Flusso netto: 0.8000000000000007, Demand: 0.8, percentage: 100.00000000000009
Sink 25 SODDISFATTO. Flusso netto: 3.5, Demand: 3.5, percentage: 100.0
Sink 26 SODDISFATTO. Flusso netto: 6.000000000000007, Demand: 6.0, percentage: 100.00000000000011
Sink 28 SODDISFATTO. Flusso netto: 0.4, Demand: 0.4, percentage: 100.0
Sink 30 SODDISFATTO. Flusso netto: 0.9799999999999933, Demand: 0.98, percentage: 99.99999999999932
Sink 31 SODDISFATTO. Flusso netto: 0.3999999999999999, Demand: 0.4, percentage: 99.99999999999997
Sink 32 SODDISFATTO. Flusso netto: 0.9999999999999989, Demand: 1.0, percentage: 99.99999999999989
Sink 34 SODDISFATTO. Flusso netto: 1.7400000000000002, Demand: 1.74, percentage: 100.00000000000003
Sink 35 SODDISFATTO. Flusso netto: 1.3, Demand: 1.3, percentage: 100.0
Sink 37 SODDISFATTO. Flusso netto: 1.0, Demand: 1.0, percentage: 100.0
Sink 39 SODDISFATTO. Flusso netto: 0.40000000000000036, Demand: 0.4, percentage: 100.00000000000009
Sink 40 SODDISFATTO. Flusso netto: 0.5, Demand: 0.5, percentage: 100.0
Sink 41 SODDISFATTO. Flusso netto: 1.0600000000000005, Demand: 1.06, percentage: 100.00000000000004
Sink 42 SODDISFATTO. Flusso netto: 2.8200000000000007, Demand: 2.82, percentage: 100.00000000000003
Sink 45 SODDISFATTO. Flusso netto: 0.6800000000000002, Demand: 0.68, percentage: 100.00000000000003
Sink 46 SODDISFATTO. Flusso netto: 1.17, Demand: 1.17, percentage: 100.0
Sink 49 non è soddisfatto. Flusso netto: 4.59, Demand: 7.0, percentage: 65.57142857142857
Flusso totale entrante nei SINK: 86.46000000000001
Flusso totale uscente nei SINK: 42.430000000000014
Flusso totale netto nei SINK: 44.029999999999994
Total DEMAND dei SINK: 46.44
Percentual di flusso ai SINK: 0.9481050818260119
Numero di Sink soddisfatti: 24.0, numero totale di sink: 25.0
Percentuale di Sink soddisfatti: 0.96

---------------------------------- DAY 258

Update Fixed Elements from Intrinsic Faults
Update Fixed Elements from Heavy Faults
Update Fixed Elements from Attack
Propagate Intrinsic Fault
Node NODO_2 has still failing due to Intrinsic Fault
pipeline ARCO_70 still has reduced capacity: 24.8 due to Intrinsic Fault
pipeline V_EDGE_53_0 still has reduced capacity: 24.8 due to Intrinsic Fault
pipeline ARCO_0 still has reduced capacity: 24.8 due to Intrinsic Fault
Propagate Heavy Faults
Propagate Attacks
Inject Intrinsic Failure To Source
Inject Heavy Fault To Sources
Inject Attack Multiple To Source
Inject Intrinsic Fault To Pipeline
Inject Heavy Fault To Pipeline
Inject Attack To Pipeline
----------- Statistics ------------
	Sources Under Attack: 0
	Sources with Heavy Fault: 0
	Sources with Intrinsic Fault: 1
	Arcs with reduce capacity due to Attack: 0
	Arcs with reduce capacity due to Heavy Fault: 0
	Arcs with reduce capacity due to Intrinsic Fault: 3
	Arcs with Attacks: 0
	Arcs with Heavy Fault: 0
	Arcs with Intrinsic Fault: 0
--------- SOURCES STATISTICS ---------------
Demand del real Source[0]: -31.0, flusso erogato: 8.069999999999997, flusso entrante: 0.0, efficienza: 26.032258064516117 %
Demand del real Source[8]: -10.5, flusso erogato: 3.8600000000000003, flusso entrante: 0.0, efficienza: 36.76190476190476 %
Demand del real Source[9]: -7.1, flusso erogato: 14.169999999999996, flusso entrante: 7.070000000000007, efficienza: 199.57746478873236 %
Demand del real Source[17]: -25.0, flusso erogato: 25.000000000000007, flusso entrante: 0.0, efficienza: 100.00000000000003 %
Flusso totale entrante nei Real Source: 7.070000000000007
Flusso totale uscente dai Real Source: 51.1
Flusso netto sui real Source: -44.029999999999994
--- SINKS STATISTICS ---
Sink 3 SODDISFATTO. Flusso netto: 3.4299999999999997, Demand: 3.43, percentage: 99.99999999999999
Sink 4 SODDISFATTO. Flusso netto: 0.5700000000000003, Demand: 0.57, percentage: 100.00000000000007
Sink 5 SODDISFATTO. Flusso netto: 0.6600000000000019, Demand: 0.66, percentage: 100.00000000000028
Sink 11 SODDISFATTO. Flusso netto: 1.03, Demand: 1.03, percentage: 100.0
Sink 15 SODDISFATTO. Flusso netto: 0.4600000000000044, Demand: 0.46, percentage: 100.00000000000095
Sink 16 SODDISFATTO. Flusso netto: 8.399999999999993, Demand: 8.4, percentage: 99.99999999999991
Sink 19 SODDISFATTO. Flusso netto: 0.5399999999999938, Demand: 0.54, percentage: 99.99999999999885
Sink 23 SODDISFATTO. Flusso netto: 0.5999999999999996, Demand: 0.6, percentage: 99.99999999999994
Sink 24 SODDISFATTO. Flusso netto: 0.8000000000000007, Demand: 0.8, percentage: 100.00000000000009
Sink 25 SODDISFATTO. Flusso netto: 3.5, Demand: 3.5, percentage: 100.0
Sink 26 SODDISFATTO. Flusso netto: 6.000000000000007, Demand: 6.0, percentage: 100.00000000000011
Sink 28 SODDISFATTO. Flusso netto: 0.4, Demand: 0.4, percentage: 100.0
Sink 30 SODDISFATTO. Flusso netto: 0.9799999999999933, Demand: 0.98, percentage: 99.99999999999932
Sink 31 SODDISFATTO. Flusso netto: 0.3999999999999999, Demand: 0.4, percentage: 99.99999999999997
Sink 32 SODDISFATTO. Flusso netto: 0.9999999999999989, Demand: 1.0, percentage: 99.99999999999989
Sink 34 SODDISFATTO. Flusso netto: 1.7400000000000002, Demand: 1.74, percentage: 100.00000000000003
Sink 35 SODDISFATTO. Flusso netto: 1.3, Demand: 1.3, percentage: 100.0
Sink 37 SODDISFATTO. Flusso netto: 1.0, Demand: 1.0, percentage: 100.0
Sink 39 SODDISFATTO. Flusso netto: 0.40000000000000036, Demand: 0.4, percentage: 100.00000000000009
Sink 40 SODDISFATTO. Flusso netto: 0.5, Demand: 0.5, percentage: 100.0
Sink 41 SODDISFATTO. Flusso netto: 1.0600000000000005, Demand: 1.06, percentage: 100.00000000000004
Sink 42 SODDISFATTO. Flusso netto: 2.8200000000000007, Demand: 2.82, percentage: 100.00000000000003
Sink 45 SODDISFATTO. Flusso netto: 0.6800000000000002, Demand: 0.68, percentage: 100.00000000000003
Sink 46 SODDISFATTO. Flusso netto: 1.17, Demand: 1.17, percentage: 100.0
Sink 49 non è soddisfatto. Flusso netto: 4.59, Demand: 7.0, percentage: 65.57142857142857
Flusso totale entrante nei SINK: 86.46000000000001
Flusso totale uscente nei SINK: 42.430000000000014
Flusso totale netto nei SINK: 44.029999999999994
Total DEMAND dei SINK: 46.44
Percentual di flusso ai SINK: 0.9481050818260119
Numero di Sink soddisfatti: 24.0, numero totale di sink: 25.0
Percentuale di Sink soddisfatti: 0.96

---------------------------------- DAY 259

Update Fixed Elements from Intrinsic Faults
Source NODO_2 fixed from Intrinsic Fault
Pipeline ARCO_70 fixed due to Source NODO_2 fixing from Intrinsic Fault
Pipeline V_EDGE_53_0 fixed due to Source NODO_2 fixing from Intrinsic Fault
Pipeline ARCO_0 fixed due to Source NODO_2 fixing from Intrinsic Fault
Update Fixed Elements from Heavy Faults
Update Fixed Elements from Attack
Propagate Intrinsic Fault
Propagate Heavy Faults
Propagate Attacks
Inject Intrinsic Failure To Source
Inject Heavy Fault To Sources
Inject Attack Multiple To Source
Inject Intrinsic Fault To Pipeline
Inject Heavy Fault To Pipeline
Inject Attack To Pipeline
----------- Statistics ------------
	Sources Under Attack: 0
	Sources with Heavy Fault: 0
	Sources with Intrinsic Fault: 0
	Arcs with reduce capacity due to Attack: 0
	Arcs with reduce capacity due to Heavy Fault: 0
	Arcs with reduce capacity due to Intrinsic Fault: 0
	Arcs with Attacks: 0
	Arcs with Heavy Fault: 0
	Arcs with Intrinsic Fault: 0
--------- SOURCES STATISTICS ---------------
Demand del real Source[0]: -31.0, flusso erogato: 8.069999999999997, flusso entrante: 0.0, efficienza: 26.032258064516117 %
Demand del real Source[8]: -10.5, flusso erogato: 3.8600000000000003, flusso entrante: 0.0, efficienza: 36.76190476190476 %
Demand del real Source[9]: -7.1, flusso erogato: 14.169999999999996, flusso entrante: 7.070000000000007, efficienza: 199.57746478873236 %
Demand del real Source[17]: -25.0, flusso erogato: 25.000000000000007, flusso entrante: 0.0, efficienza: 100.00000000000003 %
Flusso totale entrante nei Real Source: 7.070000000000007
Flusso totale uscente dai Real Source: 51.1
Flusso netto sui real Source: -44.029999999999994
--- SINKS STATISTICS ---
Sink 3 SODDISFATTO. Flusso netto: 3.4299999999999997, Demand: 3.43, percentage: 99.99999999999999
Sink 4 SODDISFATTO. Flusso netto: 0.5700000000000003, Demand: 0.57, percentage: 100.00000000000007
Sink 5 SODDISFATTO. Flusso netto: 0.6600000000000019, Demand: 0.66, percentage: 100.00000000000028
Sink 11 SODDISFATTO. Flusso netto: 1.03, Demand: 1.03, percentage: 100.0
Sink 15 SODDISFATTO. Flusso netto: 0.4600000000000044, Demand: 0.46, percentage: 100.00000000000095
Sink 16 SODDISFATTO. Flusso netto: 8.399999999999993, Demand: 8.4, percentage: 99.99999999999991
Sink 19 SODDISFATTO. Flusso netto: 0.5399999999999938, Demand: 0.54, percentage: 99.99999999999885
Sink 23 SODDISFATTO. Flusso netto: 0.5999999999999996, Demand: 0.6, percentage: 99.99999999999994
Sink 24 SODDISFATTO. Flusso netto: 0.8000000000000007, Demand: 0.8, percentage: 100.00000000000009
Sink 25 SODDISFATTO. Flusso netto: 3.5, Demand: 3.5, percentage: 100.0
Sink 26 SODDISFATTO. Flusso netto: 6.000000000000007, Demand: 6.0, percentage: 100.00000000000011
Sink 28 SODDISFATTO. Flusso netto: 0.4, Demand: 0.4, percentage: 100.0
Sink 30 SODDISFATTO. Flusso netto: 0.9799999999999933, Demand: 0.98, percentage: 99.99999999999932
Sink 31 SODDISFATTO. Flusso netto: 0.3999999999999999, Demand: 0.4, percentage: 99.99999999999997
Sink 32 SODDISFATTO. Flusso netto: 0.9999999999999989, Demand: 1.0, percentage: 99.99999999999989
Sink 34 SODDISFATTO. Flusso netto: 1.7400000000000002, Demand: 1.74, percentage: 100.00000000000003
Sink 35 SODDISFATTO. Flusso netto: 1.3, Demand: 1.3, percentage: 100.0
Sink 37 SODDISFATTO. Flusso netto: 1.0, Demand: 1.0, percentage: 100.0
Sink 39 SODDISFATTO. Flusso netto: 0.40000000000000036, Demand: 0.4, percentage: 100.00000000000009
Sink 40 SODDISFATTO. Flusso netto: 0.5, Demand: 0.5, percentage: 100.0
Sink 41 SODDISFATTO. Flusso netto: 1.0600000000000005, Demand: 1.06, percentage: 100.00000000000004
Sink 42 SODDISFATTO. Flusso netto: 2.8200000000000007, Demand: 2.82, percentage: 100.00000000000003
Sink 45 SODDISFATTO. Flusso netto: 0.6800000000000002, Demand: 0.68, percentage: 100.00000000000003
Sink 46 SODDISFATTO. Flusso netto: 1.17, Demand: 1.17, percentage: 100.0
Sink 49 non è soddisfatto. Flusso netto: 4.59, Demand: 7.0, percentage: 65.57142857142857
Flusso totale entrante nei SINK: 86.46000000000001
Flusso totale uscente nei SINK: 42.430000000000014
Flusso totale netto nei SINK: 44.029999999999994
Total DEMAND dei SINK: 46.44
Percentual di flusso ai SINK: 0.9481050818260119
Numero di Sink soddisfatti: 24.0, numero totale di sink: 25.0
Percentuale di Sink soddisfatti: 0.96

---------------------------------- DAY 260

Update Fixed Elements from Intrinsic Faults
Update Fixed Elements from Heavy Faults
Update Fixed Elements from Attack
Propagate Intrinsic Fault
Propagate Heavy Faults
Propagate Attacks
Inject Intrinsic Failure To Source
Inject Heavy Fault To Sources
Inject Attack Multiple To Source
Inject Intrinsic Fault To Pipeline
Inject Heavy Fault To Pipeline
Inject Attack To Pipeline
----------- Statistics ------------
	Sources Under Attack: 0
	Sources with Heavy Fault: 0
	Sources with Intrinsic Fault: 0
	Arcs with reduce capacity due to Attack: 0
	Arcs with reduce capacity due to Heavy Fault: 0
	Arcs with reduce capacity due to Intrinsic Fault: 0
	Arcs with Attacks: 0
	Arcs with Heavy Fault: 0
	Arcs with Intrinsic Fault: 0
--------- SOURCES STATISTICS ---------------
Demand del real Source[0]: -31.0, flusso erogato: 8.069999999999997, flusso entrante: 0.0, efficienza: 26.032258064516117 %
Demand del real Source[8]: -10.5, flusso erogato: 3.8600000000000003, flusso entrante: 0.0, efficienza: 36.76190476190476 %
Demand del real Source[9]: -7.1, flusso erogato: 14.169999999999996, flusso entrante: 7.070000000000007, efficienza: 199.57746478873236 %
Demand del real Source[17]: -25.0, flusso erogato: 25.000000000000007, flusso entrante: 0.0, efficienza: 100.00000000000003 %
Flusso totale entrante nei Real Source: 7.070000000000007
Flusso totale uscente dai Real Source: 51.1
Flusso netto sui real Source: -44.029999999999994
--- SINKS STATISTICS ---
Sink 3 SODDISFATTO. Flusso netto: 3.4299999999999997, Demand: 3.43, percentage: 99.99999999999999
Sink 4 SODDISFATTO. Flusso netto: 0.5700000000000003, Demand: 0.57, percentage: 100.00000000000007
Sink 5 SODDISFATTO. Flusso netto: 0.6600000000000019, Demand: 0.66, percentage: 100.00000000000028
Sink 11 SODDISFATTO. Flusso netto: 1.03, Demand: 1.03, percentage: 100.0
Sink 15 SODDISFATTO. Flusso netto: 0.4600000000000044, Demand: 0.46, percentage: 100.00000000000095
Sink 16 SODDISFATTO. Flusso netto: 8.399999999999993, Demand: 8.4, percentage: 99.99999999999991
Sink 19 SODDISFATTO. Flusso netto: 0.5399999999999938, Demand: 0.54, percentage: 99.99999999999885
Sink 23 SODDISFATTO. Flusso netto: 0.5999999999999996, Demand: 0.6, percentage: 99.99999999999994
Sink 24 SODDISFATTO. Flusso netto: 0.8000000000000007, Demand: 0.8, percentage: 100.00000000000009
Sink 25 SODDISFATTO. Flusso netto: 3.5, Demand: 3.5, percentage: 100.0
Sink 26 SODDISFATTO. Flusso netto: 6.000000000000007, Demand: 6.0, percentage: 100.00000000000011
Sink 28 SODDISFATTO. Flusso netto: 0.4, Demand: 0.4, percentage: 100.0
Sink 30 SODDISFATTO. Flusso netto: 0.9799999999999933, Demand: 0.98, percentage: 99.99999999999932
Sink 31 SODDISFATTO. Flusso netto: 0.3999999999999999, Demand: 0.4, percentage: 99.99999999999997
Sink 32 SODDISFATTO. Flusso netto: 0.9999999999999989, Demand: 1.0, percentage: 99.99999999999989
Sink 34 SODDISFATTO. Flusso netto: 1.7400000000000002, Demand: 1.74, percentage: 100.00000000000003
Sink 35 SODDISFATTO. Flusso netto: 1.3, Demand: 1.3, percentage: 100.0
Sink 37 SODDISFATTO. Flusso netto: 1.0, Demand: 1.0, percentage: 100.0
Sink 39 SODDISFATTO. Flusso netto: 0.40000000000000036, Demand: 0.4, percentage: 100.00000000000009
Sink 40 SODDISFATTO. Flusso netto: 0.5, Demand: 0.5, percentage: 100.0
Sink 41 SODDISFATTO. Flusso netto: 1.0600000000000005, Demand: 1.06, percentage: 100.00000000000004
Sink 42 SODDISFATTO. Flusso netto: 2.8200000000000007, Demand: 2.82, percentage: 100.00000000000003
Sink 45 SODDISFATTO. Flusso netto: 0.6800000000000002, Demand: 0.68, percentage: 100.00000000000003
Sink 46 SODDISFATTO. Flusso netto: 1.17, Demand: 1.17, percentage: 100.0
Sink 49 non è soddisfatto. Flusso netto: 4.59, Demand: 7.0, percentage: 65.57142857142857
Flusso totale entrante nei SINK: 86.46000000000001
Flusso totale uscente nei SINK: 42.430000000000014
Flusso totale netto nei SINK: 44.029999999999994
Total DEMAND dei SINK: 46.44
Percentual di flusso ai SINK: 0.9481050818260119
Numero di Sink soddisfatti: 24.0, numero totale di sink: 25.0
Percentuale di Sink soddisfatti: 0.96

---------------------------------- DAY 261

Update Fixed Elements from Intrinsic Faults
Update Fixed Elements from Heavy Faults
Update Fixed Elements from Attack
Propagate Intrinsic Fault
Propagate Heavy Faults
Propagate Attacks
Inject Intrinsic Failure To Source
Inject Heavy Fault To Sources
Inject Attack Multiple To Source
Inject Intrinsic Fault To Pipeline
Inject Heavy Fault To Pipeline
Inject Attack To Pipeline
----------- Statistics ------------
	Sources Under Attack: 0
	Sources with Heavy Fault: 0
	Sources with Intrinsic Fault: 0
	Arcs with reduce capacity due to Attack: 0
	Arcs with reduce capacity due to Heavy Fault: 0
	Arcs with reduce capacity due to Intrinsic Fault: 0
	Arcs with Attacks: 0
	Arcs with Heavy Fault: 0
	Arcs with Intrinsic Fault: 0
--------- SOURCES STATISTICS ---------------
Demand del real Source[0]: -31.0, flusso erogato: 8.069999999999997, flusso entrante: 0.0, efficienza: 26.032258064516117 %
Demand del real Source[8]: -10.5, flusso erogato: 3.8600000000000003, flusso entrante: 0.0, efficienza: 36.76190476190476 %
Demand del real Source[9]: -7.1, flusso erogato: 14.169999999999996, flusso entrante: 7.070000000000007, efficienza: 199.57746478873236 %
Demand del real Source[17]: -25.0, flusso erogato: 25.000000000000007, flusso entrante: 0.0, efficienza: 100.00000000000003 %
Flusso totale entrante nei Real Source: 7.070000000000007
Flusso totale uscente dai Real Source: 51.1
Flusso netto sui real Source: -44.029999999999994
--- SINKS STATISTICS ---
Sink 3 SODDISFATTO. Flusso netto: 3.4299999999999997, Demand: 3.43, percentage: 99.99999999999999
Sink 4 SODDISFATTO. Flusso netto: 0.5700000000000003, Demand: 0.57, percentage: 100.00000000000007
Sink 5 SODDISFATTO. Flusso netto: 0.6600000000000019, Demand: 0.66, percentage: 100.00000000000028
Sink 11 SODDISFATTO. Flusso netto: 1.03, Demand: 1.03, percentage: 100.0
Sink 15 SODDISFATTO. Flusso netto: 0.4600000000000044, Demand: 0.46, percentage: 100.00000000000095
Sink 16 SODDISFATTO. Flusso netto: 8.399999999999993, Demand: 8.4, percentage: 99.99999999999991
Sink 19 SODDISFATTO. Flusso netto: 0.5399999999999938, Demand: 0.54, percentage: 99.99999999999885
Sink 23 SODDISFATTO. Flusso netto: 0.5999999999999996, Demand: 0.6, percentage: 99.99999999999994
Sink 24 SODDISFATTO. Flusso netto: 0.8000000000000007, Demand: 0.8, percentage: 100.00000000000009
Sink 25 SODDISFATTO. Flusso netto: 3.5, Demand: 3.5, percentage: 100.0
Sink 26 SODDISFATTO. Flusso netto: 6.000000000000007, Demand: 6.0, percentage: 100.00000000000011
Sink 28 SODDISFATTO. Flusso netto: 0.4, Demand: 0.4, percentage: 100.0
Sink 30 SODDISFATTO. Flusso netto: 0.9799999999999933, Demand: 0.98, percentage: 99.99999999999932
Sink 31 SODDISFATTO. Flusso netto: 0.3999999999999999, Demand: 0.4, percentage: 99.99999999999997
Sink 32 SODDISFATTO. Flusso netto: 0.9999999999999989, Demand: 1.0, percentage: 99.99999999999989
Sink 34 SODDISFATTO. Flusso netto: 1.7400000000000002, Demand: 1.74, percentage: 100.00000000000003
Sink 35 SODDISFATTO. Flusso netto: 1.3, Demand: 1.3, percentage: 100.0
Sink 37 SODDISFATTO. Flusso netto: 1.0, Demand: 1.0, percentage: 100.0
Sink 39 SODDISFATTO. Flusso netto: 0.40000000000000036, Demand: 0.4, percentage: 100.00000000000009
Sink 40 SODDISFATTO. Flusso netto: 0.5, Demand: 0.5, percentage: 100.0
Sink 41 SODDISFATTO. Flusso netto: 1.0600000000000005, Demand: 1.06, percentage: 100.00000000000004
Sink 42 SODDISFATTO. Flusso netto: 2.8200000000000007, Demand: 2.82, percentage: 100.00000000000003
Sink 45 SODDISFATTO. Flusso netto: 0.6800000000000002, Demand: 0.68, percentage: 100.00000000000003
Sink 46 SODDISFATTO. Flusso netto: 1.17, Demand: 1.17, percentage: 100.0
Sink 49 non è soddisfatto. Flusso netto: 4.59, Demand: 7.0, percentage: 65.57142857142857
Flusso totale entrante nei SINK: 86.46000000000001
Flusso totale uscente nei SINK: 42.430000000000014
Flusso totale netto nei SINK: 44.029999999999994
Total DEMAND dei SINK: 46.44
Percentual di flusso ai SINK: 0.9481050818260119
Numero di Sink soddisfatti: 24.0, numero totale di sink: 25.0
Percentuale di Sink soddisfatti: 0.96

---------------------------------- DAY 262

Update Fixed Elements from Intrinsic Faults
Update Fixed Elements from Heavy Faults
Update Fixed Elements from Attack
Propagate Intrinsic Fault
Propagate Heavy Faults
Propagate Attacks
Inject Intrinsic Failure To Source
Inject Heavy Fault To Sources
Inject Attack Multiple To Source
Inject Intrinsic Fault To Pipeline
Inject Heavy Fault To Pipeline
Inject Attack To Pipeline
----------- Statistics ------------
	Sources Under Attack: 0
	Sources with Heavy Fault: 0
	Sources with Intrinsic Fault: 0
	Arcs with reduce capacity due to Attack: 0
	Arcs with reduce capacity due to Heavy Fault: 0
	Arcs with reduce capacity due to Intrinsic Fault: 0
	Arcs with Attacks: 0
	Arcs with Heavy Fault: 0
	Arcs with Intrinsic Fault: 0
--------- SOURCES STATISTICS ---------------
Demand del real Source[0]: -31.0, flusso erogato: 8.069999999999997, flusso entrante: 0.0, efficienza: 26.032258064516117 %
Demand del real Source[8]: -10.5, flusso erogato: 3.8600000000000003, flusso entrante: 0.0, efficienza: 36.76190476190476 %
Demand del real Source[9]: -7.1, flusso erogato: 14.169999999999996, flusso entrante: 7.070000000000007, efficienza: 199.57746478873236 %
Demand del real Source[17]: -25.0, flusso erogato: 25.000000000000007, flusso entrante: 0.0, efficienza: 100.00000000000003 %
Flusso totale entrante nei Real Source: 7.070000000000007
Flusso totale uscente dai Real Source: 51.1
Flusso netto sui real Source: -44.029999999999994
--- SINKS STATISTICS ---
Sink 3 SODDISFATTO. Flusso netto: 3.4299999999999997, Demand: 3.43, percentage: 99.99999999999999
Sink 4 SODDISFATTO. Flusso netto: 0.5700000000000003, Demand: 0.57, percentage: 100.00000000000007
Sink 5 SODDISFATTO. Flusso netto: 0.6600000000000019, Demand: 0.66, percentage: 100.00000000000028
Sink 11 SODDISFATTO. Flusso netto: 1.03, Demand: 1.03, percentage: 100.0
Sink 15 SODDISFATTO. Flusso netto: 0.4600000000000044, Demand: 0.46, percentage: 100.00000000000095
Sink 16 SODDISFATTO. Flusso netto: 8.399999999999993, Demand: 8.4, percentage: 99.99999999999991
Sink 19 SODDISFATTO. Flusso netto: 0.5399999999999938, Demand: 0.54, percentage: 99.99999999999885
Sink 23 SODDISFATTO. Flusso netto: 0.5999999999999996, Demand: 0.6, percentage: 99.99999999999994
Sink 24 SODDISFATTO. Flusso netto: 0.8000000000000007, Demand: 0.8, percentage: 100.00000000000009
Sink 25 SODDISFATTO. Flusso netto: 3.5, Demand: 3.5, percentage: 100.0
Sink 26 SODDISFATTO. Flusso netto: 6.000000000000007, Demand: 6.0, percentage: 100.00000000000011
Sink 28 SODDISFATTO. Flusso netto: 0.4, Demand: 0.4, percentage: 100.0
Sink 30 SODDISFATTO. Flusso netto: 0.9799999999999933, Demand: 0.98, percentage: 99.99999999999932
Sink 31 SODDISFATTO. Flusso netto: 0.3999999999999999, Demand: 0.4, percentage: 99.99999999999997
Sink 32 SODDISFATTO. Flusso netto: 0.9999999999999989, Demand: 1.0, percentage: 99.99999999999989
Sink 34 SODDISFATTO. Flusso netto: 1.7400000000000002, Demand: 1.74, percentage: 100.00000000000003
Sink 35 SODDISFATTO. Flusso netto: 1.3, Demand: 1.3, percentage: 100.0
Sink 37 SODDISFATTO. Flusso netto: 1.0, Demand: 1.0, percentage: 100.0
Sink 39 SODDISFATTO. Flusso netto: 0.40000000000000036, Demand: 0.4, percentage: 100.00000000000009
Sink 40 SODDISFATTO. Flusso netto: 0.5, Demand: 0.5, percentage: 100.0
Sink 41 SODDISFATTO. Flusso netto: 1.0600000000000005, Demand: 1.06, percentage: 100.00000000000004
Sink 42 SODDISFATTO. Flusso netto: 2.8200000000000007, Demand: 2.82, percentage: 100.00000000000003
Sink 45 SODDISFATTO. Flusso netto: 0.6800000000000002, Demand: 0.68, percentage: 100.00000000000003
Sink 46 SODDISFATTO. Flusso netto: 1.17, Demand: 1.17, percentage: 100.0
Sink 49 non è soddisfatto. Flusso netto: 4.59, Demand: 7.0, percentage: 65.57142857142857
Flusso totale entrante nei SINK: 86.46000000000001
Flusso totale uscente nei SINK: 42.430000000000014
Flusso totale netto nei SINK: 44.029999999999994
Total DEMAND dei SINK: 46.44
Percentual di flusso ai SINK: 0.9481050818260119
Numero di Sink soddisfatti: 24.0, numero totale di sink: 25.0
Percentuale di Sink soddisfatti: 0.96

---------------------------------- DAY 263

Update Fixed Elements from Intrinsic Faults
Update Fixed Elements from Heavy Faults
Update Fixed Elements from Attack
Propagate Intrinsic Fault
Propagate Heavy Faults
Propagate Attacks
Inject Intrinsic Failure To Source
Source NODO_10 is failing for an Intrinsic Fault in day: 263
pipeline ARCO_17 has reduced capacity due to NODO_10 Intrinsic fault
pipeline ARCO_88 has reduced capacity due to NODO_10 Intrinsic fault
pipeline ARCO_89 has reduced capacity due to NODO_10 Intrinsic fault
pipeline V_EDGE_53_8 has reduced capacity due to NODO_10 Intrinsic fault
pipeline ARCO_18 has reduced capacity due to NODO_10 Intrinsic fault
pipeline ARCO_19 has reduced capacity due to NODO_10 Intrinsic fault
pipeline ARCO_87 has reduced capacity due to NODO_10 Intrinsic fault
Inject Heavy Fault To Sources
Inject Attack Multiple To Source
Inject Intrinsic Fault To Pipeline
Inject Heavy Fault To Pipeline
Inject Attack To Pipeline
----------- Statistics ------------
	Sources Under Attack: 0
	Sources with Heavy Fault: 0
	Sources with Intrinsic Fault: 1
	Arcs with reduce capacity due to Attack: 0
	Arcs with reduce capacity due to Heavy Fault: 0
	Arcs with reduce capacity due to Intrinsic Fault: 7
	Arcs with Attacks: 0
	Arcs with Heavy Fault: 0
	Arcs with Intrinsic Fault: 0
--------- SOURCES STATISTICS ---------------
Demand del real Source[0]: -31.0, flusso erogato: 11.159999999999997, flusso entrante: 0.0, efficienza: 35.999999999999986 %
Demand del real Source[8]: -10.5, flusso erogato: 0.0, flusso entrante: 0.0, efficienza: 0.0 %
Demand del real Source[9]: -7.1, flusso erogato: 17.259999999999998, flusso entrante: 10.159999999999997, efficienza: 243.09859154929575 %
Demand del real Source[17]: -25.0, flusso erogato: 25.000000000000007, flusso entrante: 0.0, efficienza: 100.00000000000003 %
Flusso totale entrante nei Real Source: 10.159999999999997
Flusso totale uscente dai Real Source: 53.42
Flusso netto sui real Source: -43.260000000000005
--- SINKS STATISTICS ---
Sink 3 SODDISFATTO. Flusso netto: 3.429999999999999, Demand: 3.43, percentage: 99.99999999999997
Sink 4 SODDISFATTO. Flusso netto: 0.5700000000000003, Demand: 0.57, percentage: 100.00000000000007
Sink 5 SODDISFATTO. Flusso netto: 0.6599999999999993, Demand: 0.66, percentage: 99.99999999999987
Sink 11 SODDISFATTO. Flusso netto: 1.0300000000000011, Demand: 1.03, percentage: 100.00000000000011
Sink 15 SODDISFATTO. Flusso netto: 0.4600000000000044, Demand: 0.46, percentage: 100.00000000000095
Sink 16 SODDISFATTO. Flusso netto: 8.399999999999993, Demand: 8.4, percentage: 99.99999999999991
Sink 19 SODDISFATTO. Flusso netto: 0.5399999999999938, Demand: 0.54, percentage: 99.99999999999885
Sink 23 SODDISFATTO. Flusso netto: 0.5999999999999996, Demand: 0.6, percentage: 99.99999999999994
Sink 24 SODDISFATTO. Flusso netto: 0.8000000000000007, Demand: 0.8, percentage: 100.00000000000009
Sink 25 SODDISFATTO. Flusso netto: 3.5, Demand: 3.5, percentage: 100.0
Sink 26 SODDISFATTO. Flusso netto: 6.000000000000007, Demand: 6.0, percentage: 100.00000000000011
Sink 28 SODDISFATTO. Flusso netto: 0.4, Demand: 0.4, percentage: 100.0
Sink 30 SODDISFATTO. Flusso netto: 0.9799999999999933, Demand: 0.98, percentage: 99.99999999999932
Sink 31 SODDISFATTO. Flusso netto: 0.3999999999999999, Demand: 0.4, percentage: 99.99999999999997
Sink 32 SODDISFATTO. Flusso netto: 0.9999999999999989, Demand: 1.0, percentage: 99.99999999999989
Sink 34 SODDISFATTO. Flusso netto: 1.7400000000000002, Demand: 1.74, percentage: 100.00000000000003
Sink 35 SODDISFATTO. Flusso netto: 1.3, Demand: 1.3, percentage: 100.0
Sink 37 SODDISFATTO. Flusso netto: 1.0, Demand: 1.0, percentage: 100.0
Sink 39 SODDISFATTO. Flusso netto: 0.40000000000000036, Demand: 0.4, percentage: 100.00000000000009
Sink 40 SODDISFATTO. Flusso netto: 0.5, Demand: 0.5, percentage: 100.0
Sink 41 SODDISFATTO. Flusso netto: 1.0599999999999996, Demand: 1.06, percentage: 99.99999999999996
Sink 42 SODDISFATTO. Flusso netto: 2.820000000000001, Demand: 2.82, percentage: 100.00000000000004
Sink 45 SODDISFATTO. Flusso netto: 0.6800000000000002, Demand: 0.68, percentage: 100.00000000000003
Sink 46 SODDISFATTO. Flusso netto: 1.17, Demand: 1.17, percentage: 100.0
Sink 49 non è soddisfatto. Flusso netto: 3.8200000000000003, Demand: 7.0, percentage: 54.57142857142857
Flusso totale entrante nei SINK: 88.47
Flusso totale uscente nei SINK: 45.21000000000001
Flusso totale netto nei SINK: 43.25999999999999
Total DEMAND dei SINK: 46.44
Percentual di flusso ai SINK: 0.9315245478036174
Numero di Sink soddisfatti: 24.0, numero totale di sink: 25.0
Percentuale di Sink soddisfatti: 0.96

---------------------------------- DAY 264

Update Fixed Elements from Intrinsic Faults
Update Fixed Elements from Heavy Faults
Update Fixed Elements from Attack
Propagate Intrinsic Fault
Node NODO_10 has still failing due to Intrinsic Fault
pipeline ARCO_17 still has reduced capacity: 0.0 due to Intrinsic Fault
pipeline ARCO_88 still has reduced capacity: 0.0 due to Intrinsic Fault
pipeline ARCO_89 still has reduced capacity: 0.0 due to Intrinsic Fault
pipeline V_EDGE_53_8 still has reduced capacity: 0.0 due to Intrinsic Fault
pipeline ARCO_18 still has reduced capacity: 0.0 due to Intrinsic Fault
pipeline ARCO_19 still has reduced capacity: 0.0 due to Intrinsic Fault
pipeline ARCO_87 still has reduced capacity: 0.0 due to Intrinsic Fault
Propagate Heavy Faults
Propagate Attacks
Inject Intrinsic Failure To Source
Inject Heavy Fault To Sources
Inject Attack Multiple To Source
Inject Intrinsic Fault To Pipeline
Inject Heavy Fault To Pipeline
Inject Attack To Pipeline
----------- Statistics ------------
	Sources Under Attack: 0
	Sources with Heavy Fault: 0
	Sources with Intrinsic Fault: 1
	Arcs with reduce capacity due to Attack: 0
	Arcs with reduce capacity due to Heavy Fault: 0
	Arcs with reduce capacity due to Intrinsic Fault: 7
	Arcs with Attacks: 0
	Arcs with Heavy Fault: 0
	Arcs with Intrinsic Fault: 0
--------- SOURCES STATISTICS ---------------
Demand del real Source[0]: -31.0, flusso erogato: 11.159999999999997, flusso entrante: 0.0, efficienza: 35.999999999999986 %
Demand del real Source[8]: -10.5, flusso erogato: 0.0, flusso entrante: 0.0, efficienza: 0.0 %
Demand del real Source[9]: -7.1, flusso erogato: 17.259999999999998, flusso entrante: 10.159999999999997, efficienza: 243.09859154929575 %
Demand del real Source[17]: -25.0, flusso erogato: 25.000000000000007, flusso entrante: 0.0, efficienza: 100.00000000000003 %
Flusso totale entrante nei Real Source: 10.159999999999997
Flusso totale uscente dai Real Source: 53.42
Flusso netto sui real Source: -43.260000000000005
--- SINKS STATISTICS ---
Sink 3 SODDISFATTO. Flusso netto: 3.429999999999999, Demand: 3.43, percentage: 99.99999999999997
Sink 4 SODDISFATTO. Flusso netto: 0.5700000000000003, Demand: 0.57, percentage: 100.00000000000007
Sink 5 SODDISFATTO. Flusso netto: 0.6599999999999993, Demand: 0.66, percentage: 99.99999999999987
Sink 11 SODDISFATTO. Flusso netto: 1.0300000000000011, Demand: 1.03, percentage: 100.00000000000011
Sink 15 SODDISFATTO. Flusso netto: 0.4600000000000044, Demand: 0.46, percentage: 100.00000000000095
Sink 16 SODDISFATTO. Flusso netto: 8.399999999999993, Demand: 8.4, percentage: 99.99999999999991
Sink 19 SODDISFATTO. Flusso netto: 0.5399999999999938, Demand: 0.54, percentage: 99.99999999999885
Sink 23 SODDISFATTO. Flusso netto: 0.5999999999999996, Demand: 0.6, percentage: 99.99999999999994
Sink 24 SODDISFATTO. Flusso netto: 0.8000000000000007, Demand: 0.8, percentage: 100.00000000000009
Sink 25 SODDISFATTO. Flusso netto: 3.5, Demand: 3.5, percentage: 100.0
Sink 26 SODDISFATTO. Flusso netto: 6.000000000000007, Demand: 6.0, percentage: 100.00000000000011
Sink 28 SODDISFATTO. Flusso netto: 0.4, Demand: 0.4, percentage: 100.0
Sink 30 SODDISFATTO. Flusso netto: 0.9799999999999933, Demand: 0.98, percentage: 99.99999999999932
Sink 31 SODDISFATTO. Flusso netto: 0.3999999999999999, Demand: 0.4, percentage: 99.99999999999997
Sink 32 SODDISFATTO. Flusso netto: 0.9999999999999989, Demand: 1.0, percentage: 99.99999999999989
Sink 34 SODDISFATTO. Flusso netto: 1.7400000000000002, Demand: 1.74, percentage: 100.00000000000003
Sink 35 SODDISFATTO. Flusso netto: 1.3, Demand: 1.3, percentage: 100.0
Sink 37 SODDISFATTO. Flusso netto: 1.0, Demand: 1.0, percentage: 100.0
Sink 39 SODDISFATTO. Flusso netto: 0.40000000000000036, Demand: 0.4, percentage: 100.00000000000009
Sink 40 SODDISFATTO. Flusso netto: 0.5, Demand: 0.5, percentage: 100.0
Sink 41 SODDISFATTO. Flusso netto: 1.0599999999999996, Demand: 1.06, percentage: 99.99999999999996
Sink 42 SODDISFATTO. Flusso netto: 2.820000000000001, Demand: 2.82, percentage: 100.00000000000004
Sink 45 SODDISFATTO. Flusso netto: 0.6800000000000002, Demand: 0.68, percentage: 100.00000000000003
Sink 46 SODDISFATTO. Flusso netto: 1.17, Demand: 1.17, percentage: 100.0
Sink 49 non è soddisfatto. Flusso netto: 3.8200000000000003, Demand: 7.0, percentage: 54.57142857142857
Flusso totale entrante nei SINK: 88.47
Flusso totale uscente nei SINK: 45.21000000000001
Flusso totale netto nei SINK: 43.25999999999999
Total DEMAND dei SINK: 46.44
Percentual di flusso ai SINK: 0.9315245478036174
Numero di Sink soddisfatti: 24.0, numero totale di sink: 25.0
Percentuale di Sink soddisfatti: 0.96

---------------------------------- DAY 265

Update Fixed Elements from Intrinsic Faults
Update Fixed Elements from Heavy Faults
Update Fixed Elements from Attack
Propagate Intrinsic Fault
Node NODO_10 has still failing due to Intrinsic Fault
pipeline ARCO_17 still has reduced capacity: 0.0 due to Intrinsic Fault
pipeline ARCO_88 still has reduced capacity: 0.0 due to Intrinsic Fault
pipeline ARCO_89 still has reduced capacity: 0.0 due to Intrinsic Fault
pipeline V_EDGE_53_8 still has reduced capacity: 0.0 due to Intrinsic Fault
pipeline ARCO_18 still has reduced capacity: 0.0 due to Intrinsic Fault
pipeline ARCO_19 still has reduced capacity: 0.0 due to Intrinsic Fault
pipeline ARCO_87 still has reduced capacity: 0.0 due to Intrinsic Fault
Propagate Heavy Faults
Propagate Attacks
Inject Intrinsic Failure To Source
Inject Heavy Fault To Sources
Inject Attack Multiple To Source
Inject Intrinsic Fault To Pipeline
Inject Heavy Fault To Pipeline
Inject Attack To Pipeline
----------- Statistics ------------
	Sources Under Attack: 0
	Sources with Heavy Fault: 0
	Sources with Intrinsic Fault: 1
	Arcs with reduce capacity due to Attack: 0
	Arcs with reduce capacity due to Heavy Fault: 0
	Arcs with reduce capacity due to Intrinsic Fault: 7
	Arcs with Attacks: 0
	Arcs with Heavy Fault: 0
	Arcs with Intrinsic Fault: 0
--------- SOURCES STATISTICS ---------------
Demand del real Source[0]: -31.0, flusso erogato: 11.159999999999997, flusso entrante: 0.0, efficienza: 35.999999999999986 %
Demand del real Source[8]: -10.5, flusso erogato: 0.0, flusso entrante: 0.0, efficienza: 0.0 %
Demand del real Source[9]: -7.1, flusso erogato: 17.259999999999998, flusso entrante: 10.159999999999997, efficienza: 243.09859154929575 %
Demand del real Source[17]: -25.0, flusso erogato: 25.000000000000007, flusso entrante: 0.0, efficienza: 100.00000000000003 %
Flusso totale entrante nei Real Source: 10.159999999999997
Flusso totale uscente dai Real Source: 53.42
Flusso netto sui real Source: -43.260000000000005
--- SINKS STATISTICS ---
Sink 3 SODDISFATTO. Flusso netto: 3.429999999999999, Demand: 3.43, percentage: 99.99999999999997
Sink 4 SODDISFATTO. Flusso netto: 0.5700000000000003, Demand: 0.57, percentage: 100.00000000000007
Sink 5 SODDISFATTO. Flusso netto: 0.6599999999999993, Demand: 0.66, percentage: 99.99999999999987
Sink 11 SODDISFATTO. Flusso netto: 1.0300000000000011, Demand: 1.03, percentage: 100.00000000000011
Sink 15 SODDISFATTO. Flusso netto: 0.4600000000000044, Demand: 0.46, percentage: 100.00000000000095
Sink 16 SODDISFATTO. Flusso netto: 8.399999999999993, Demand: 8.4, percentage: 99.99999999999991
Sink 19 SODDISFATTO. Flusso netto: 0.5399999999999938, Demand: 0.54, percentage: 99.99999999999885
Sink 23 SODDISFATTO. Flusso netto: 0.5999999999999996, Demand: 0.6, percentage: 99.99999999999994
Sink 24 SODDISFATTO. Flusso netto: 0.8000000000000007, Demand: 0.8, percentage: 100.00000000000009
Sink 25 SODDISFATTO. Flusso netto: 3.5, Demand: 3.5, percentage: 100.0
Sink 26 SODDISFATTO. Flusso netto: 6.000000000000007, Demand: 6.0, percentage: 100.00000000000011
Sink 28 SODDISFATTO. Flusso netto: 0.4, Demand: 0.4, percentage: 100.0
Sink 30 SODDISFATTO. Flusso netto: 0.9799999999999933, Demand: 0.98, percentage: 99.99999999999932
Sink 31 SODDISFATTO. Flusso netto: 0.3999999999999999, Demand: 0.4, percentage: 99.99999999999997
Sink 32 SODDISFATTO. Flusso netto: 0.9999999999999989, Demand: 1.0, percentage: 99.99999999999989
Sink 34 SODDISFATTO. Flusso netto: 1.7400000000000002, Demand: 1.74, percentage: 100.00000000000003
Sink 35 SODDISFATTO. Flusso netto: 1.3, Demand: 1.3, percentage: 100.0
Sink 37 SODDISFATTO. Flusso netto: 1.0, Demand: 1.0, percentage: 100.0
Sink 39 SODDISFATTO. Flusso netto: 0.40000000000000036, Demand: 0.4, percentage: 100.00000000000009
Sink 40 SODDISFATTO. Flusso netto: 0.5, Demand: 0.5, percentage: 100.0
Sink 41 SODDISFATTO. Flusso netto: 1.0599999999999996, Demand: 1.06, percentage: 99.99999999999996
Sink 42 SODDISFATTO. Flusso netto: 2.820000000000001, Demand: 2.82, percentage: 100.00000000000004
Sink 45 SODDISFATTO. Flusso netto: 0.6800000000000002, Demand: 0.68, percentage: 100.00000000000003
Sink 46 SODDISFATTO. Flusso netto: 1.17, Demand: 1.17, percentage: 100.0
Sink 49 non è soddisfatto. Flusso netto: 3.8200000000000003, Demand: 7.0, percentage: 54.57142857142857
Flusso totale entrante nei SINK: 88.47
Flusso totale uscente nei SINK: 45.21000000000001
Flusso totale netto nei SINK: 43.25999999999999
Total DEMAND dei SINK: 46.44
Percentual di flusso ai SINK: 0.9315245478036174
Numero di Sink soddisfatti: 24.0, numero totale di sink: 25.0
Percentuale di Sink soddisfatti: 0.96

---------------------------------- DAY 266

Update Fixed Elements from Intrinsic Faults
Update Fixed Elements from Heavy Faults
Update Fixed Elements from Attack
Propagate Intrinsic Fault
Node NODO_10 has still failing due to Intrinsic Fault
pipeline ARCO_17 still has reduced capacity: 0.0 due to Intrinsic Fault
pipeline ARCO_88 still has reduced capacity: 0.0 due to Intrinsic Fault
pipeline ARCO_89 still has reduced capacity: 0.0 due to Intrinsic Fault
pipeline V_EDGE_53_8 still has reduced capacity: 0.0 due to Intrinsic Fault
pipeline ARCO_18 still has reduced capacity: 0.0 due to Intrinsic Fault
pipeline ARCO_19 still has reduced capacity: 0.0 due to Intrinsic Fault
pipeline ARCO_87 still has reduced capacity: 0.0 due to Intrinsic Fault
Propagate Heavy Faults
Propagate Attacks
Inject Intrinsic Failure To Source
Source NODO_19 is failing for an Intrinsic Fault in day: 266
pipeline ARCO_35 has reduced capacity due to NODO_19 Intrinsic fault
pipeline ARCO_109 has reduced capacity due to NODO_19 Intrinsic fault
pipeline ARCO_110 has reduced capacity due to NODO_19 Intrinsic fault
pipeline V_EDGE_53_17 has reduced capacity due to NODO_19 Intrinsic fault
pipeline ARCO_39 has reduced capacity due to NODO_19 Intrinsic fault
pipeline ARCO_40 has reduced capacity due to NODO_19 Intrinsic fault
pipeline ARCO_105 has reduced capacity due to NODO_19 Intrinsic fault
Inject Heavy Fault To Sources
Inject Attack Multiple To Source
Inject Intrinsic Fault To Pipeline
Inject Heavy Fault To Pipeline
Inject Attack To Pipeline
----------- Statistics ------------
	Sources Under Attack: 0
	Sources with Heavy Fault: 0
	Sources with Intrinsic Fault: 2
	Arcs with reduce capacity due to Attack: 0
	Arcs with reduce capacity due to Heavy Fault: 0
	Arcs with reduce capacity due to Intrinsic Fault: 14
	Arcs with Attacks: 0
	Arcs with Heavy Fault: 0
	Arcs with Intrinsic Fault: 0
--------- SOURCES STATISTICS ---------------
Demand del real Source[0]: -31.0, flusso erogato: 16.470000000000002, flusso entrante: 0.0, efficienza: 53.12903225806453 %
Demand del real Source[8]: -10.5, flusso erogato: 0.0, flusso entrante: 0.0, efficienza: 0.0 %
Demand del real Source[9]: -7.1, flusso erogato: 22.57, flusso entrante: 15.469999999999999, efficienza: 317.88732394366195 %
Demand del real Source[17]: -25.0, flusso erogato: 0.0, flusso entrante: 0.0, efficienza: 0.0 %
Flusso totale entrante nei Real Source: 15.469999999999999
Flusso totale uscente dai Real Source: 39.040000000000006
Flusso netto sui real Source: -23.570000000000007
--- SINKS STATISTICS ---
Sink 3 SODDISFATTO. Flusso netto: 3.429999999999999, Demand: 3.43, percentage: 99.99999999999997
Sink 4 SODDISFATTO. Flusso netto: 0.5700000000000003, Demand: 0.57, percentage: 100.00000000000007
Sink 5 SODDISFATTO. Flusso netto: 0.6599999999999993, Demand: 0.66, percentage: 99.99999999999987
Sink 11 SODDISFATTO. Flusso netto: 1.0300000000000011, Demand: 1.03, percentage: 100.00000000000011
Sink 15 SODDISFATTO. Flusso netto: 0.4599999999999991, Demand: 0.46, percentage: 99.9999999999998
Sink 16 non è soddisfatto. Flusso netto: 2.83, Demand: 8.4, percentage: 33.69047619047619
Sink 19 non è soddisfatto. Flusso netto: 0.0, Demand: 0.54, percentage: 0.0
Sink 23 non è soddisfatto. Flusso netto: 0.0, Demand: 0.6, percentage: 0.0
Sink 24 non è soddisfatto. Flusso netto: 0.0, Demand: 0.8, percentage: 0.0
Sink 25 non è soddisfatto. Flusso netto: 0.0, Demand: 3.5, percentage: 0.0
Sink 26 non è soddisfatto. Flusso netto: 0.0, Demand: 6.0, percentage: 0.0
Sink 28 non è soddisfatto. Flusso netto: 0.0, Demand: 0.4, percentage: 0.0
Sink 30 non è soddisfatto. Flusso netto: 0.0, Demand: 0.98, percentage: 0.0
Sink 31 non è soddisfatto. Flusso netto: 0.0, Demand: 0.4, percentage: 0.0
Sink 32 SODDISFATTO. Flusso netto: 1.0000000000000009, Demand: 1.0, percentage: 100.00000000000009
Sink 34 SODDISFATTO. Flusso netto: 1.7400000000000002, Demand: 1.74, percentage: 100.00000000000003
Sink 35 SODDISFATTO. Flusso netto: 1.3, Demand: 1.3, percentage: 100.0
Sink 37 SODDISFATTO. Flusso netto: 1.0, Demand: 1.0, percentage: 100.0
Sink 39 non è soddisfatto. Flusso netto: 0.0, Demand: 0.4, percentage: 0.0
Sink 40 non è soddisfatto. Flusso netto: 0.0, Demand: 0.5, percentage: 0.0
Sink 41 SODDISFATTO. Flusso netto: 1.0600000000000005, Demand: 1.06, percentage: 100.00000000000004
Sink 42 SODDISFATTO. Flusso netto: 2.820000000000001, Demand: 2.82, percentage: 100.00000000000004
Sink 45 SODDISFATTO. Flusso netto: 0.6800000000000002, Demand: 0.68, percentage: 100.00000000000003
Sink 46 SODDISFATTO. Flusso netto: 1.17, Demand: 1.17, percentage: 100.0
Sink 49 non è soddisfatto. Flusso netto: 3.8200000000000003, Demand: 7.0, percentage: 54.57142857142857
Flusso totale entrante nei SINK: 49.58000000000001
Flusso totale uscente nei SINK: 26.01
Flusso totale netto nei SINK: 23.57000000000001
Total DEMAND dei SINK: 46.44
Percentual di flusso ai SINK: 0.5075366063738159
Numero di Sink soddisfatti: 13.0, numero totale di sink: 25.0
Percentuale di Sink soddisfatti: 0.52

---------------------------------- DAY 267

Update Fixed Elements from Intrinsic Faults
Update Fixed Elements from Heavy Faults
Update Fixed Elements from Attack
Propagate Intrinsic Fault
Node NODO_10 has still failing due to Intrinsic Fault
Node NODO_19 has still failing due to Intrinsic Fault
pipeline ARCO_17 still has reduced capacity: 0.0 due to Intrinsic Fault
pipeline ARCO_88 still has reduced capacity: 0.0 due to Intrinsic Fault
pipeline ARCO_89 still has reduced capacity: 0.0 due to Intrinsic Fault
pipeline V_EDGE_53_8 still has reduced capacity: 0.0 due to Intrinsic Fault
pipeline ARCO_18 still has reduced capacity: 0.0 due to Intrinsic Fault
pipeline ARCO_19 still has reduced capacity: 0.0 due to Intrinsic Fault
pipeline ARCO_87 still has reduced capacity: 0.0 due to Intrinsic Fault
pipeline ARCO_35 still has reduced capacity: 0.0 due to Intrinsic Fault
pipeline ARCO_109 still has reduced capacity: 0.0 due to Intrinsic Fault
pipeline ARCO_110 still has reduced capacity: 0.0 due to Intrinsic Fault
pipeline V_EDGE_53_17 still has reduced capacity: 0.0 due to Intrinsic Fault
pipeline ARCO_39 still has reduced capacity: 0.0 due to Intrinsic Fault
pipeline ARCO_40 still has reduced capacity: 0.0 due to Intrinsic Fault
pipeline ARCO_105 still has reduced capacity: 0.0 due to Intrinsic Fault
Propagate Heavy Faults
Propagate Attacks
Inject Intrinsic Failure To Source
Inject Heavy Fault To Sources
Inject Attack Multiple To Source
Inject Intrinsic Fault To Pipeline
Inject Heavy Fault To Pipeline
Inject Attack To Pipeline
----------- Statistics ------------
	Sources Under Attack: 0
	Sources with Heavy Fault: 0
	Sources with Intrinsic Fault: 2
	Arcs with reduce capacity due to Attack: 0
	Arcs with reduce capacity due to Heavy Fault: 0
	Arcs with reduce capacity due to Intrinsic Fault: 14
	Arcs with Attacks: 0
	Arcs with Heavy Fault: 0
	Arcs with Intrinsic Fault: 0
--------- SOURCES STATISTICS ---------------
Demand del real Source[0]: -31.0, flusso erogato: 16.470000000000002, flusso entrante: 0.0, efficienza: 53.12903225806453 %
Demand del real Source[8]: -10.5, flusso erogato: 0.0, flusso entrante: 0.0, efficienza: 0.0 %
Demand del real Source[9]: -7.1, flusso erogato: 22.57, flusso entrante: 15.469999999999999, efficienza: 317.88732394366195 %
Demand del real Source[17]: -25.0, flusso erogato: 0.0, flusso entrante: 0.0, efficienza: 0.0 %
Flusso totale entrante nei Real Source: 15.469999999999999
Flusso totale uscente dai Real Source: 39.040000000000006
Flusso netto sui real Source: -23.570000000000007
--- SINKS STATISTICS ---
Sink 3 SODDISFATTO. Flusso netto: 3.429999999999999, Demand: 3.43, percentage: 99.99999999999997
Sink 4 SODDISFATTO. Flusso netto: 0.5700000000000003, Demand: 0.57, percentage: 100.00000000000007
Sink 5 SODDISFATTO. Flusso netto: 0.6599999999999993, Demand: 0.66, percentage: 99.99999999999987
Sink 11 SODDISFATTO. Flusso netto: 1.0300000000000011, Demand: 1.03, percentage: 100.00000000000011
Sink 15 SODDISFATTO. Flusso netto: 0.4599999999999991, Demand: 0.46, percentage: 99.9999999999998
Sink 16 non è soddisfatto. Flusso netto: 2.83, Demand: 8.4, percentage: 33.69047619047619
Sink 19 non è soddisfatto. Flusso netto: 0.0, Demand: 0.54, percentage: 0.0
Sink 23 non è soddisfatto. Flusso netto: 0.0, Demand: 0.6, percentage: 0.0
Sink 24 non è soddisfatto. Flusso netto: 0.0, Demand: 0.8, percentage: 0.0
Sink 25 non è soddisfatto. Flusso netto: 0.0, Demand: 3.5, percentage: 0.0
Sink 26 non è soddisfatto. Flusso netto: 0.0, Demand: 6.0, percentage: 0.0
Sink 28 non è soddisfatto. Flusso netto: 0.0, Demand: 0.4, percentage: 0.0
Sink 30 non è soddisfatto. Flusso netto: 0.0, Demand: 0.98, percentage: 0.0
Sink 31 non è soddisfatto. Flusso netto: 0.0, Demand: 0.4, percentage: 0.0
Sink 32 SODDISFATTO. Flusso netto: 1.0000000000000009, Demand: 1.0, percentage: 100.00000000000009
Sink 34 SODDISFATTO. Flusso netto: 1.7400000000000002, Demand: 1.74, percentage: 100.00000000000003
Sink 35 SODDISFATTO. Flusso netto: 1.3, Demand: 1.3, percentage: 100.0
Sink 37 SODDISFATTO. Flusso netto: 1.0, Demand: 1.0, percentage: 100.0
Sink 39 non è soddisfatto. Flusso netto: 0.0, Demand: 0.4, percentage: 0.0
Sink 40 non è soddisfatto. Flusso netto: 0.0, Demand: 0.5, percentage: 0.0
Sink 41 SODDISFATTO. Flusso netto: 1.0600000000000005, Demand: 1.06, percentage: 100.00000000000004
Sink 42 SODDISFATTO. Flusso netto: 2.820000000000001, Demand: 2.82, percentage: 100.00000000000004
Sink 45 SODDISFATTO. Flusso netto: 0.6800000000000002, Demand: 0.68, percentage: 100.00000000000003
Sink 46 SODDISFATTO. Flusso netto: 1.17, Demand: 1.17, percentage: 100.0
Sink 49 non è soddisfatto. Flusso netto: 3.8200000000000003, Demand: 7.0, percentage: 54.57142857142857
Flusso totale entrante nei SINK: 49.58000000000001
Flusso totale uscente nei SINK: 26.01
Flusso totale netto nei SINK: 23.57000000000001
Total DEMAND dei SINK: 46.44
Percentual di flusso ai SINK: 0.5075366063738159
Numero di Sink soddisfatti: 13.0, numero totale di sink: 25.0
Percentuale di Sink soddisfatti: 0.52

---------------------------------- DAY 268

Update Fixed Elements from Intrinsic Faults
Source NODO_10 fixed from Intrinsic Fault
Pipeline ARCO_17 fixed due to Source NODO_10 fixing from Intrinsic Fault
Pipeline ARCO_88 fixed due to Source NODO_10 fixing from Intrinsic Fault
Pipeline ARCO_89 fixed due to Source NODO_10 fixing from Intrinsic Fault
Pipeline V_EDGE_53_8 fixed due to Source NODO_10 fixing from Intrinsic Fault
Pipeline ARCO_18 fixed due to Source NODO_10 fixing from Intrinsic Fault
Pipeline ARCO_19 fixed due to Source NODO_10 fixing from Intrinsic Fault
Pipeline ARCO_87 fixed due to Source NODO_10 fixing from Intrinsic Fault
Update Fixed Elements from Heavy Faults
Update Fixed Elements from Attack
Propagate Intrinsic Fault
Node NODO_19 has still failing due to Intrinsic Fault
pipeline ARCO_35 still has reduced capacity: 0.0 due to Intrinsic Fault
pipeline ARCO_109 still has reduced capacity: 0.0 due to Intrinsic Fault
pipeline ARCO_110 still has reduced capacity: 0.0 due to Intrinsic Fault
pipeline V_EDGE_53_17 still has reduced capacity: 0.0 due to Intrinsic Fault
pipeline ARCO_39 still has reduced capacity: 0.0 due to Intrinsic Fault
pipeline ARCO_40 still has reduced capacity: 0.0 due to Intrinsic Fault
pipeline ARCO_105 still has reduced capacity: 0.0 due to Intrinsic Fault
Propagate Heavy Faults
Propagate Attacks
Inject Intrinsic Failure To Source
Source NODO_2 is failing for an Intrinsic Fault in day: 268
pipeline ARCO_70 has reduced capacity due to NODO_2 Intrinsic fault
pipeline V_EDGE_53_0 has reduced capacity due to NODO_2 Intrinsic fault
pipeline ARCO_0 has reduced capacity due to NODO_2 Intrinsic fault
Source NODO_11 is failing for an Intrinsic Fault in day: 268
pipeline ARCO_3 has reduced capacity due to NODO_11 Intrinsic fault
pipeline ARCO_90 has reduced capacity due to NODO_11 Intrinsic fault
pipeline ARCO_91 has reduced capacity due to NODO_11 Intrinsic fault
pipeline ARCO_92 has reduced capacity due to NODO_11 Intrinsic fault
pipeline V_EDGE_53_9 has reduced capacity due to NODO_11 Intrinsic fault
pipeline ARCO_20 has reduced capacity due to NODO_11 Intrinsic fault
pipeline ARCO_21 has reduced capacity due to NODO_11 Intrinsic fault
pipeline ARCO_22 has reduced capacity due to NODO_11 Intrinsic fault
pipeline ARCO_73 has reduced capacity due to NODO_11 Intrinsic fault
Inject Heavy Fault To Sources
Inject Attack Multiple To Source
Inject Intrinsic Fault To Pipeline
Inject Heavy Fault To Pipeline
Inject Attack To Pipeline
----------- Statistics ------------
	Sources Under Attack: 0
	Sources with Heavy Fault: 0
	Sources with Intrinsic Fault: 3
	Arcs with reduce capacity due to Attack: 0
	Arcs with reduce capacity due to Heavy Fault: 0
	Arcs with reduce capacity due to Intrinsic Fault: 19
	Arcs with Attacks: 0
	Arcs with Heavy Fault: 0
	Arcs with Intrinsic Fault: 0
--------- SOURCES STATISTICS ---------------
Demand del real Source[0]: -31.0, flusso erogato: 10.05, flusso entrante: 0.0, efficienza: 32.41935483870968 %
Demand del real Source[8]: -10.5, flusso erogato: 7.85, flusso entrante: 0.0, efficienza: 74.76190476190476 %
Demand del real Source[9]: -7.1, flusso erogato: 14.729999999999999, flusso entrante: 9.050000000000004, efficienza: 207.46478873239437 %
Demand del real Source[17]: -25.0, flusso erogato: 0.0, flusso entrante: 0.0, efficienza: 0.0 %
Flusso totale entrante nei Real Source: 9.050000000000004
Flusso totale uscente dai Real Source: 32.63
Flusso netto sui real Source: -23.58
--- SINKS STATISTICS ---
Sink 3 SODDISFATTO. Flusso netto: 3.4299999999999997, Demand: 3.43, percentage: 99.99999999999999
Sink 4 SODDISFATTO. Flusso netto: 0.5700000000000003, Demand: 0.57, percentage: 100.00000000000007
Sink 5 SODDISFATTO. Flusso netto: 0.6600000000000001, Demand: 0.66, percentage: 100.00000000000003
Sink 11 SODDISFATTO. Flusso netto: 1.0299999999999978, Demand: 1.03, percentage: 99.99999999999979
Sink 15 SODDISFATTO. Flusso netto: 0.46000000000000263, Demand: 0.46, percentage: 100.00000000000058
Sink 16 non è soddisfatto. Flusso netto: 2.83, Demand: 8.4, percentage: 33.69047619047619
Sink 19 non è soddisfatto. Flusso netto: 0.0, Demand: 0.54, percentage: 0.0
Sink 23 non è soddisfatto. Flusso netto: 0.0, Demand: 0.6, percentage: 0.0
Sink 24 non è soddisfatto. Flusso netto: 0.0, Demand: 0.8, percentage: 0.0
Sink 25 non è soddisfatto. Flusso netto: 0.0, Demand: 3.5, percentage: 0.0
Sink 26 non è soddisfatto. Flusso netto: 0.0, Demand: 6.0, percentage: 0.0
Sink 28 non è soddisfatto. Flusso netto: 0.0, Demand: 0.4, percentage: 0.0
Sink 30 non è soddisfatto. Flusso netto: 0.0, Demand: 0.98, percentage: 0.0
Sink 31 non è soddisfatto. Flusso netto: 0.0, Demand: 0.4, percentage: 0.0
Sink 32 SODDISFATTO. Flusso netto: 1.0000000000000009, Demand: 1.0, percentage: 100.00000000000009
Sink 34 SODDISFATTO. Flusso netto: 1.7400000000000002, Demand: 1.74, percentage: 100.00000000000003
Sink 35 SODDISFATTO. Flusso netto: 1.3, Demand: 1.3, percentage: 100.0
Sink 37 SODDISFATTO. Flusso netto: 1.0, Demand: 1.0, percentage: 100.0
Sink 39 non è soddisfatto. Flusso netto: 0.0, Demand: 0.4, percentage: 0.0
Sink 40 non è soddisfatto. Flusso netto: 0.0, Demand: 0.5, percentage: 0.0
Sink 41 SODDISFATTO. Flusso netto: 1.0600000000000005, Demand: 1.06, percentage: 100.00000000000004
Sink 42 SODDISFATTO. Flusso netto: 2.819999999999999, Demand: 2.82, percentage: 99.99999999999997
Sink 45 SODDISFATTO. Flusso netto: 0.6800000000000002, Demand: 0.68, percentage: 100.00000000000003
Sink 46 SODDISFATTO. Flusso netto: 1.17, Demand: 1.17, percentage: 100.0
Sink 49 non è soddisfatto. Flusso netto: 3.83, Demand: 7.0, percentage: 54.714285714285715
Flusso totale entrante nei SINK: 42.402
Flusso totale uscente nei SINK: 18.822000000000003
Flusso totale netto nei SINK: 23.58
Total DEMAND dei SINK: 46.44
Percentual di flusso ai SINK: 0.5077519379844961
Numero di Sink soddisfatti: 13.0, numero totale di sink: 25.0
Percentuale di Sink soddisfatti: 0.52

---------------------------------- DAY 269

Update Fixed Elements from Intrinsic Faults
Update Fixed Elements from Heavy Faults
Update Fixed Elements from Attack
Propagate Intrinsic Fault
Node NODO_19 has still failing due to Intrinsic Fault
Node NODO_2 has still failing due to Intrinsic Fault
Node NODO_11 has still failing due to Intrinsic Fault
pipeline ARCO_35 still has reduced capacity: 0.0 due to Intrinsic Fault
pipeline ARCO_109 still has reduced capacity: 0.0 due to Intrinsic Fault
pipeline ARCO_110 still has reduced capacity: 0.0 due to Intrinsic Fault
pipeline V_EDGE_53_17 still has reduced capacity: 0.0 due to Intrinsic Fault
pipeline ARCO_39 still has reduced capacity: 0.0 due to Intrinsic Fault
pipeline ARCO_40 still has reduced capacity: 0.0 due to Intrinsic Fault
pipeline ARCO_105 still has reduced capacity: 0.0 due to Intrinsic Fault
pipeline ARCO_70 still has reduced capacity: 24.8 due to Intrinsic Fault
pipeline V_EDGE_53_0 still has reduced capacity: 24.8 due to Intrinsic Fault
pipeline ARCO_0 still has reduced capacity: 24.8 due to Intrinsic Fault
pipeline ARCO_3 still has reduced capacity: 9.688 due to Intrinsic Fault
pipeline ARCO_90 still has reduced capacity: 1.6 due to Intrinsic Fault
pipeline ARCO_91 still has reduced capacity: 9.688 due to Intrinsic Fault
pipeline ARCO_92 still has reduced capacity: 39.328 due to Intrinsic Fault
pipeline V_EDGE_53_9 still has reduced capacity: 5.68 due to Intrinsic Fault
pipeline ARCO_20 still has reduced capacity: 1.6 due to Intrinsic Fault
pipeline ARCO_21 still has reduced capacity: 9.688 due to Intrinsic Fault
pipeline ARCO_22 still has reduced capacity: 39.328 due to Intrinsic Fault
pipeline ARCO_73 still has reduced capacity: 9.688 due to Intrinsic Fault
Propagate Heavy Faults
Propagate Attacks
Inject Intrinsic Failure To Source
Source NODO_2 is failing for an Intrinsic Fault in day: 269
pipeline ARCO_70 has reduced capacity due to NODO_2 Intrinsic fault
pipeline V_EDGE_53_0 has reduced capacity due to NODO_2 Intrinsic fault
pipeline ARCO_0 has reduced capacity due to NODO_2 Intrinsic fault
Inject Heavy Fault To Sources
Inject Attack Multiple To Source
Inject Intrinsic Fault To Pipeline
Inject Heavy Fault To Pipeline
Inject Attack To Pipeline
----------- Statistics ------------
	Sources Under Attack: 0
	Sources with Heavy Fault: 0
	Sources with Intrinsic Fault: 3
	Arcs with reduce capacity due to Attack: 0
	Arcs with reduce capacity due to Heavy Fault: 0
	Arcs with reduce capacity due to Intrinsic Fault: 19
	Arcs with Attacks: 0
	Arcs with Heavy Fault: 0
	Arcs with Intrinsic Fault: 0
--------- SOURCES STATISTICS ---------------
Demand del real Source[0]: -31.0, flusso erogato: 10.05, flusso entrante: 0.0, efficienza: 32.41935483870968 %
Demand del real Source[8]: -10.5, flusso erogato: 7.85, flusso entrante: 0.0, efficienza: 74.76190476190476 %
Demand del real Source[9]: -7.1, flusso erogato: 14.729999999999999, flusso entrante: 9.050000000000004, efficienza: 207.46478873239437 %
Demand del real Source[17]: -25.0, flusso erogato: 0.0, flusso entrante: 0.0, efficienza: 0.0 %
Flusso totale entrante nei Real Source: 9.050000000000004
Flusso totale uscente dai Real Source: 32.63
Flusso netto sui real Source: -23.58
--- SINKS STATISTICS ---
Sink 3 SODDISFATTO. Flusso netto: 3.4299999999999997, Demand: 3.43, percentage: 99.99999999999999
Sink 4 SODDISFATTO. Flusso netto: 0.5700000000000003, Demand: 0.57, percentage: 100.00000000000007
Sink 5 SODDISFATTO. Flusso netto: 0.6600000000000001, Demand: 0.66, percentage: 100.00000000000003
Sink 11 SODDISFATTO. Flusso netto: 1.0299999999999978, Demand: 1.03, percentage: 99.99999999999979
Sink 15 SODDISFATTO. Flusso netto: 0.46000000000000263, Demand: 0.46, percentage: 100.00000000000058
Sink 16 non è soddisfatto. Flusso netto: 2.83, Demand: 8.4, percentage: 33.69047619047619
Sink 19 non è soddisfatto. Flusso netto: 0.0, Demand: 0.54, percentage: 0.0
Sink 23 non è soddisfatto. Flusso netto: 0.0, Demand: 0.6, percentage: 0.0
Sink 24 non è soddisfatto. Flusso netto: 0.0, Demand: 0.8, percentage: 0.0
Sink 25 non è soddisfatto. Flusso netto: 0.0, Demand: 3.5, percentage: 0.0
Sink 26 non è soddisfatto. Flusso netto: 0.0, Demand: 6.0, percentage: 0.0
Sink 28 non è soddisfatto. Flusso netto: 0.0, Demand: 0.4, percentage: 0.0
Sink 30 non è soddisfatto. Flusso netto: 0.0, Demand: 0.98, percentage: 0.0
Sink 31 non è soddisfatto. Flusso netto: 0.0, Demand: 0.4, percentage: 0.0
Sink 32 SODDISFATTO. Flusso netto: 1.0000000000000009, Demand: 1.0, percentage: 100.00000000000009
Sink 34 SODDISFATTO. Flusso netto: 1.7400000000000002, Demand: 1.74, percentage: 100.00000000000003
Sink 35 SODDISFATTO. Flusso netto: 1.3, Demand: 1.3, percentage: 100.0
Sink 37 SODDISFATTO. Flusso netto: 1.0, Demand: 1.0, percentage: 100.0
Sink 39 non è soddisfatto. Flusso netto: 0.0, Demand: 0.4, percentage: 0.0
Sink 40 non è soddisfatto. Flusso netto: 0.0, Demand: 0.5, percentage: 0.0
Sink 41 SODDISFATTO. Flusso netto: 1.0600000000000005, Demand: 1.06, percentage: 100.00000000000004
Sink 42 SODDISFATTO. Flusso netto: 2.819999999999999, Demand: 2.82, percentage: 99.99999999999997
Sink 45 SODDISFATTO. Flusso netto: 0.6800000000000002, Demand: 0.68, percentage: 100.00000000000003
Sink 46 SODDISFATTO. Flusso netto: 1.17, Demand: 1.17, percentage: 100.0
Sink 49 non è soddisfatto. Flusso netto: 3.83, Demand: 7.0, percentage: 54.714285714285715
Flusso totale entrante nei SINK: 42.402
Flusso totale uscente nei SINK: 18.822000000000003
Flusso totale netto nei SINK: 23.58
Total DEMAND dei SINK: 46.44
Percentual di flusso ai SINK: 0.5077519379844961
Numero di Sink soddisfatti: 13.0, numero totale di sink: 25.0
Percentuale di Sink soddisfatti: 0.52

---------------------------------- DAY 270

Update Fixed Elements from Intrinsic Faults
Source NODO_19 fixed from Intrinsic Fault
Pipeline ARCO_35 fixed due to Source NODO_19 fixing from Intrinsic Fault
Pipeline ARCO_109 fixed due to Source NODO_19 fixing from Intrinsic Fault
Pipeline ARCO_110 fixed due to Source NODO_19 fixing from Intrinsic Fault
Pipeline V_EDGE_53_17 fixed due to Source NODO_19 fixing from Intrinsic Fault
Pipeline ARCO_39 fixed due to Source NODO_19 fixing from Intrinsic Fault
Pipeline ARCO_40 fixed due to Source NODO_19 fixing from Intrinsic Fault
Pipeline ARCO_105 fixed due to Source NODO_19 fixing from Intrinsic Fault
Update Fixed Elements from Heavy Faults
Update Fixed Elements from Attack
Propagate Intrinsic Fault
Node NODO_2 has still failing due to Intrinsic Fault
Node NODO_11 has still failing due to Intrinsic Fault
pipeline ARCO_70 still has reduced capacity: 24.8 due to Intrinsic Fault
pipeline V_EDGE_53_0 still has reduced capacity: 24.8 due to Intrinsic Fault
pipeline ARCO_0 still has reduced capacity: 24.8 due to Intrinsic Fault
pipeline ARCO_3 still has reduced capacity: 9.688 due to Intrinsic Fault
pipeline ARCO_90 still has reduced capacity: 1.6 due to Intrinsic Fault
pipeline ARCO_91 still has reduced capacity: 9.688 due to Intrinsic Fault
pipeline ARCO_92 still has reduced capacity: 39.328 due to Intrinsic Fault
pipeline V_EDGE_53_9 still has reduced capacity: 5.68 due to Intrinsic Fault
pipeline ARCO_20 still has reduced capacity: 1.6 due to Intrinsic Fault
pipeline ARCO_21 still has reduced capacity: 9.688 due to Intrinsic Fault
pipeline ARCO_22 still has reduced capacity: 39.328 due to Intrinsic Fault
pipeline ARCO_73 still has reduced capacity: 9.688 due to Intrinsic Fault
Propagate Heavy Faults
Propagate Attacks
Inject Intrinsic Failure To Source
Inject Heavy Fault To Sources
Inject Attack Multiple To Source
Inject Intrinsic Fault To Pipeline
Inject Heavy Fault To Pipeline
Inject Attack To Pipeline
----------- Statistics ------------
	Sources Under Attack: 0
	Sources with Heavy Fault: 0
	Sources with Intrinsic Fault: 2
	Arcs with reduce capacity due to Attack: 0
	Arcs with reduce capacity due to Heavy Fault: 0
	Arcs with reduce capacity due to Intrinsic Fault: 12
	Arcs with Attacks: 0
	Arcs with Heavy Fault: 0
	Arcs with Intrinsic Fault: 0
--------- SOURCES STATISTICS ---------------
Demand del real Source[0]: -31.0, flusso erogato: 8.729999999999997, flusso entrante: 0.0, efficienza: 28.161290322580633 %
Demand del real Source[8]: -10.5, flusso erogato: 3.8600000000000003, flusso entrante: 0.0, efficienza: 36.76190476190476 %
Demand del real Source[9]: -7.1, flusso erogato: 13.409999999999997, flusso entrante: 7.73, efficienza: 188.87323943661968 %
Demand del real Source[17]: -25.0, flusso erogato: 25.000000000000007, flusso entrante: 0.0, efficienza: 100.00000000000003 %
Flusso totale entrante nei Real Source: 7.73
Flusso totale uscente dai Real Source: 51.0
Flusso netto sui real Source: -43.269999999999996
--- SINKS STATISTICS ---
Sink 3 SODDISFATTO. Flusso netto: 3.4299999999999997, Demand: 3.43, percentage: 99.99999999999999
Sink 4 SODDISFATTO. Flusso netto: 0.5700000000000003, Demand: 0.57, percentage: 100.00000000000007
Sink 5 SODDISFATTO. Flusso netto: 0.6600000000000001, Demand: 0.66, percentage: 100.00000000000003
Sink 11 SODDISFATTO. Flusso netto: 1.03, Demand: 1.03, percentage: 100.0
Sink 15 SODDISFATTO. Flusso netto: 0.4600000000000044, Demand: 0.46, percentage: 100.00000000000095
Sink 16 SODDISFATTO. Flusso netto: 8.399999999999993, Demand: 8.4, percentage: 99.99999999999991
Sink 19 SODDISFATTO. Flusso netto: 0.5399999999999938, Demand: 0.54, percentage: 99.99999999999885
Sink 23 SODDISFATTO. Flusso netto: 0.5999999999999996, Demand: 0.6, percentage: 99.99999999999994
Sink 24 SODDISFATTO. Flusso netto: 0.8000000000000007, Demand: 0.8, percentage: 100.00000000000009
Sink 25 SODDISFATTO. Flusso netto: 3.5, Demand: 3.5, percentage: 100.0
Sink 26 SODDISFATTO. Flusso netto: 6.000000000000007, Demand: 6.0, percentage: 100.00000000000011
Sink 28 SODDISFATTO. Flusso netto: 0.4, Demand: 0.4, percentage: 100.0
Sink 30 SODDISFATTO. Flusso netto: 0.9799999999999933, Demand: 0.98, percentage: 99.99999999999932
Sink 31 SODDISFATTO. Flusso netto: 0.3999999999999999, Demand: 0.4, percentage: 99.99999999999997
Sink 32 SODDISFATTO. Flusso netto: 0.9999999999999989, Demand: 1.0, percentage: 99.99999999999989
Sink 34 SODDISFATTO. Flusso netto: 1.7400000000000002, Demand: 1.74, percentage: 100.00000000000003
Sink 35 SODDISFATTO. Flusso netto: 1.3, Demand: 1.3, percentage: 100.0
Sink 37 SODDISFATTO. Flusso netto: 1.0, Demand: 1.0, percentage: 100.0
Sink 39 SODDISFATTO. Flusso netto: 0.40000000000000036, Demand: 0.4, percentage: 100.00000000000009
Sink 40 SODDISFATTO. Flusso netto: 0.5, Demand: 0.5, percentage: 100.0
Sink 41 SODDISFATTO. Flusso netto: 1.0600000000000005, Demand: 1.06, percentage: 100.00000000000004
Sink 42 SODDISFATTO. Flusso netto: 2.819999999999999, Demand: 2.82, percentage: 99.99999999999997
Sink 45 SODDISFATTO. Flusso netto: 0.6800000000000002, Demand: 0.68, percentage: 100.00000000000003
Sink 46 SODDISFATTO. Flusso netto: 1.17, Demand: 1.17, percentage: 100.0
Sink 49 non è soddisfatto. Flusso netto: 3.83, Demand: 7.0, percentage: 54.714285714285715
Flusso totale entrante nei SINK: 85.282
Flusso totale uscente nei SINK: 42.01200000000001
Flusso totale netto nei SINK: 43.26999999999999
Total DEMAND dei SINK: 46.44
Percentual di flusso ai SINK: 0.9317398794142978
Numero di Sink soddisfatti: 24.0, numero totale di sink: 25.0
Percentuale di Sink soddisfatti: 0.96

---------------------------------- DAY 271

Update Fixed Elements from Intrinsic Faults
Source NODO_2 fixed from Intrinsic Fault
Pipeline ARCO_70 fixed due to Source NODO_2 fixing from Intrinsic Fault
Pipeline V_EDGE_53_0 fixed due to Source NODO_2 fixing from Intrinsic Fault
Pipeline ARCO_0 fixed due to Source NODO_2 fixing from Intrinsic Fault
Source NODO_11 fixed from Intrinsic Fault
Pipeline ARCO_3 fixed due to Source NODO_11 fixing from Intrinsic Fault
Pipeline ARCO_90 fixed due to Source NODO_11 fixing from Intrinsic Fault
Pipeline ARCO_91 fixed due to Source NODO_11 fixing from Intrinsic Fault
Pipeline ARCO_92 fixed due to Source NODO_11 fixing from Intrinsic Fault
Pipeline V_EDGE_53_9 fixed due to Source NODO_11 fixing from Intrinsic Fault
Pipeline ARCO_20 fixed due to Source NODO_11 fixing from Intrinsic Fault
Pipeline ARCO_21 fixed due to Source NODO_11 fixing from Intrinsic Fault
Pipeline ARCO_22 fixed due to Source NODO_11 fixing from Intrinsic Fault
Pipeline ARCO_73 fixed due to Source NODO_11 fixing from Intrinsic Fault
Update Fixed Elements from Heavy Faults
Update Fixed Elements from Attack
Propagate Intrinsic Fault
Propagate Heavy Faults
Propagate Attacks
Inject Intrinsic Failure To Source
Inject Heavy Fault To Sources
Inject Attack Multiple To Source
Inject Intrinsic Fault To Pipeline
Inject Heavy Fault To Pipeline
Inject Attack To Pipeline
----------- Statistics ------------
	Sources Under Attack: 0
	Sources with Heavy Fault: 0
	Sources with Intrinsic Fault: 0
	Arcs with reduce capacity due to Attack: 0
	Arcs with reduce capacity due to Heavy Fault: 0
	Arcs with reduce capacity due to Intrinsic Fault: 0
	Arcs with Attacks: 0
	Arcs with Heavy Fault: 0
	Arcs with Intrinsic Fault: 0
--------- SOURCES STATISTICS ---------------
Demand del real Source[0]: -31.0, flusso erogato: 8.069999999999997, flusso entrante: 0.0, efficienza: 26.032258064516117 %
Demand del real Source[8]: -10.5, flusso erogato: 3.8600000000000003, flusso entrante: 0.0, efficienza: 36.76190476190476 %
Demand del real Source[9]: -7.1, flusso erogato: 14.169999999999996, flusso entrante: 7.070000000000007, efficienza: 199.57746478873236 %
Demand del real Source[17]: -25.0, flusso erogato: 25.000000000000007, flusso entrante: 0.0, efficienza: 100.00000000000003 %
Flusso totale entrante nei Real Source: 7.070000000000007
Flusso totale uscente dai Real Source: 51.1
Flusso netto sui real Source: -44.029999999999994
--- SINKS STATISTICS ---
Sink 3 SODDISFATTO. Flusso netto: 3.4299999999999997, Demand: 3.43, percentage: 99.99999999999999
Sink 4 SODDISFATTO. Flusso netto: 0.5700000000000003, Demand: 0.57, percentage: 100.00000000000007
Sink 5 SODDISFATTO. Flusso netto: 0.6600000000000019, Demand: 0.66, percentage: 100.00000000000028
Sink 11 SODDISFATTO. Flusso netto: 1.03, Demand: 1.03, percentage: 100.0
Sink 15 SODDISFATTO. Flusso netto: 0.4600000000000044, Demand: 0.46, percentage: 100.00000000000095
Sink 16 SODDISFATTO. Flusso netto: 8.399999999999993, Demand: 8.4, percentage: 99.99999999999991
Sink 19 SODDISFATTO. Flusso netto: 0.5399999999999938, Demand: 0.54, percentage: 99.99999999999885
Sink 23 SODDISFATTO. Flusso netto: 0.5999999999999996, Demand: 0.6, percentage: 99.99999999999994
Sink 24 SODDISFATTO. Flusso netto: 0.8000000000000007, Demand: 0.8, percentage: 100.00000000000009
Sink 25 SODDISFATTO. Flusso netto: 3.5, Demand: 3.5, percentage: 100.0
Sink 26 SODDISFATTO. Flusso netto: 6.000000000000007, Demand: 6.0, percentage: 100.00000000000011
Sink 28 SODDISFATTO. Flusso netto: 0.4, Demand: 0.4, percentage: 100.0
Sink 30 SODDISFATTO. Flusso netto: 0.9799999999999933, Demand: 0.98, percentage: 99.99999999999932
Sink 31 SODDISFATTO. Flusso netto: 0.3999999999999999, Demand: 0.4, percentage: 99.99999999999997
Sink 32 SODDISFATTO. Flusso netto: 0.9999999999999989, Demand: 1.0, percentage: 99.99999999999989
Sink 34 SODDISFATTO. Flusso netto: 1.7400000000000002, Demand: 1.74, percentage: 100.00000000000003
Sink 35 SODDISFATTO. Flusso netto: 1.3, Demand: 1.3, percentage: 100.0
Sink 37 SODDISFATTO. Flusso netto: 1.0, Demand: 1.0, percentage: 100.0
Sink 39 SODDISFATTO. Flusso netto: 0.40000000000000036, Demand: 0.4, percentage: 100.00000000000009
Sink 40 SODDISFATTO. Flusso netto: 0.5, Demand: 0.5, percentage: 100.0
Sink 41 SODDISFATTO. Flusso netto: 1.0600000000000005, Demand: 1.06, percentage: 100.00000000000004
Sink 42 SODDISFATTO. Flusso netto: 2.8200000000000007, Demand: 2.82, percentage: 100.00000000000003
Sink 45 SODDISFATTO. Flusso netto: 0.6800000000000002, Demand: 0.68, percentage: 100.00000000000003
Sink 46 SODDISFATTO. Flusso netto: 1.17, Demand: 1.17, percentage: 100.0
Sink 49 non è soddisfatto. Flusso netto: 4.59, Demand: 7.0, percentage: 65.57142857142857
Flusso totale entrante nei SINK: 86.46000000000001
Flusso totale uscente nei SINK: 42.430000000000014
Flusso totale netto nei SINK: 44.029999999999994
Total DEMAND dei SINK: 46.44
Percentual di flusso ai SINK: 0.9481050818260119
Numero di Sink soddisfatti: 24.0, numero totale di sink: 25.0
Percentuale di Sink soddisfatti: 0.96

---------------------------------- DAY 272

Update Fixed Elements from Intrinsic Faults
Update Fixed Elements from Heavy Faults
Update Fixed Elements from Attack
Propagate Intrinsic Fault
Propagate Heavy Faults
Propagate Attacks
Inject Intrinsic Failure To Source
Inject Heavy Fault To Sources
Inject Attack Multiple To Source
Inject Intrinsic Fault To Pipeline
Inject Heavy Fault To Pipeline
Inject Attack To Pipeline
----------- Statistics ------------
	Sources Under Attack: 0
	Sources with Heavy Fault: 0
	Sources with Intrinsic Fault: 0
	Arcs with reduce capacity due to Attack: 0
	Arcs with reduce capacity due to Heavy Fault: 0
	Arcs with reduce capacity due to Intrinsic Fault: 0
	Arcs with Attacks: 0
	Arcs with Heavy Fault: 0
	Arcs with Intrinsic Fault: 0
--------- SOURCES STATISTICS ---------------
Demand del real Source[0]: -31.0, flusso erogato: 8.069999999999997, flusso entrante: 0.0, efficienza: 26.032258064516117 %
Demand del real Source[8]: -10.5, flusso erogato: 3.8600000000000003, flusso entrante: 0.0, efficienza: 36.76190476190476 %
Demand del real Source[9]: -7.1, flusso erogato: 14.169999999999996, flusso entrante: 7.070000000000007, efficienza: 199.57746478873236 %
Demand del real Source[17]: -25.0, flusso erogato: 25.000000000000007, flusso entrante: 0.0, efficienza: 100.00000000000003 %
Flusso totale entrante nei Real Source: 7.070000000000007
Flusso totale uscente dai Real Source: 51.1
Flusso netto sui real Source: -44.029999999999994
--- SINKS STATISTICS ---
Sink 3 SODDISFATTO. Flusso netto: 3.4299999999999997, Demand: 3.43, percentage: 99.99999999999999
Sink 4 SODDISFATTO. Flusso netto: 0.5700000000000003, Demand: 0.57, percentage: 100.00000000000007
Sink 5 SODDISFATTO. Flusso netto: 0.6600000000000019, Demand: 0.66, percentage: 100.00000000000028
Sink 11 SODDISFATTO. Flusso netto: 1.03, Demand: 1.03, percentage: 100.0
Sink 15 SODDISFATTO. Flusso netto: 0.4600000000000044, Demand: 0.46, percentage: 100.00000000000095
Sink 16 SODDISFATTO. Flusso netto: 8.399999999999993, Demand: 8.4, percentage: 99.99999999999991
Sink 19 SODDISFATTO. Flusso netto: 0.5399999999999938, Demand: 0.54, percentage: 99.99999999999885
Sink 23 SODDISFATTO. Flusso netto: 0.5999999999999996, Demand: 0.6, percentage: 99.99999999999994
Sink 24 SODDISFATTO. Flusso netto: 0.8000000000000007, Demand: 0.8, percentage: 100.00000000000009
Sink 25 SODDISFATTO. Flusso netto: 3.5, Demand: 3.5, percentage: 100.0
Sink 26 SODDISFATTO. Flusso netto: 6.000000000000007, Demand: 6.0, percentage: 100.00000000000011
Sink 28 SODDISFATTO. Flusso netto: 0.4, Demand: 0.4, percentage: 100.0
Sink 30 SODDISFATTO. Flusso netto: 0.9799999999999933, Demand: 0.98, percentage: 99.99999999999932
Sink 31 SODDISFATTO. Flusso netto: 0.3999999999999999, Demand: 0.4, percentage: 99.99999999999997
Sink 32 SODDISFATTO. Flusso netto: 0.9999999999999989, Demand: 1.0, percentage: 99.99999999999989
Sink 34 SODDISFATTO. Flusso netto: 1.7400000000000002, Demand: 1.74, percentage: 100.00000000000003
Sink 35 SODDISFATTO. Flusso netto: 1.3, Demand: 1.3, percentage: 100.0
Sink 37 SODDISFATTO. Flusso netto: 1.0, Demand: 1.0, percentage: 100.0
Sink 39 SODDISFATTO. Flusso netto: 0.40000000000000036, Demand: 0.4, percentage: 100.00000000000009
Sink 40 SODDISFATTO. Flusso netto: 0.5, Demand: 0.5, percentage: 100.0
Sink 41 SODDISFATTO. Flusso netto: 1.0600000000000005, Demand: 1.06, percentage: 100.00000000000004
Sink 42 SODDISFATTO. Flusso netto: 2.8200000000000007, Demand: 2.82, percentage: 100.00000000000003
Sink 45 SODDISFATTO. Flusso netto: 0.6800000000000002, Demand: 0.68, percentage: 100.00000000000003
Sink 46 SODDISFATTO. Flusso netto: 1.17, Demand: 1.17, percentage: 100.0
Sink 49 non è soddisfatto. Flusso netto: 4.59, Demand: 7.0, percentage: 65.57142857142857
Flusso totale entrante nei SINK: 86.46000000000001
Flusso totale uscente nei SINK: 42.430000000000014
Flusso totale netto nei SINK: 44.029999999999994
Total DEMAND dei SINK: 46.44
Percentual di flusso ai SINK: 0.9481050818260119
Numero di Sink soddisfatti: 24.0, numero totale di sink: 25.0
Percentuale di Sink soddisfatti: 0.96

---------------------------------- DAY 273

Update Fixed Elements from Intrinsic Faults
Update Fixed Elements from Heavy Faults
Update Fixed Elements from Attack
Propagate Intrinsic Fault
Propagate Heavy Faults
Propagate Attacks
Inject Intrinsic Failure To Source
Source NODO_19 is failing for an Intrinsic Fault in day: 273
pipeline ARCO_35 has reduced capacity due to NODO_19 Intrinsic fault
pipeline ARCO_109 has reduced capacity due to NODO_19 Intrinsic fault
pipeline ARCO_110 has reduced capacity due to NODO_19 Intrinsic fault
pipeline V_EDGE_53_17 has reduced capacity due to NODO_19 Intrinsic fault
pipeline ARCO_39 has reduced capacity due to NODO_19 Intrinsic fault
pipeline ARCO_40 has reduced capacity due to NODO_19 Intrinsic fault
pipeline ARCO_105 has reduced capacity due to NODO_19 Intrinsic fault
Inject Heavy Fault To Sources
Inject Attack Multiple To Source
Inject Intrinsic Fault To Pipeline
Inject Heavy Fault To Pipeline
Inject Attack To Pipeline
----------- Statistics ------------
	Sources Under Attack: 0
	Sources with Heavy Fault: 0
	Sources with Intrinsic Fault: 1
	Arcs with reduce capacity due to Attack: 0
	Arcs with reduce capacity due to Heavy Fault: 0
	Arcs with reduce capacity due to Intrinsic Fault: 7
	Arcs with Attacks: 0
	Arcs with Heavy Fault: 0
	Arcs with Intrinsic Fault: 0
--------- SOURCES STATISTICS ---------------
Demand del real Source[0]: -31.0, flusso erogato: 9.79, flusso entrante: 0.0, efficienza: 31.58064516129032 %
Demand del real Source[8]: -10.5, flusso erogato: 7.45, flusso entrante: 0.0, efficienza: 70.95238095238095 %
Demand del real Source[9]: -7.1, flusso erogato: 15.889999999999999, flusso entrante: 8.790000000000006, efficienza: 223.80281690140845 %
Demand del real Source[17]: -25.0, flusso erogato: 0.0, flusso entrante: 0.0, efficienza: 0.0 %
Flusso totale entrante nei Real Source: 8.790000000000006
Flusso totale uscente dai Real Source: 33.13
Flusso netto sui real Source: -24.339999999999996
--- SINKS STATISTICS ---
Sink 3 SODDISFATTO. Flusso netto: 3.4299999999999997, Demand: 3.43, percentage: 99.99999999999999
Sink 4 SODDISFATTO. Flusso netto: 0.5700000000000003, Demand: 0.57, percentage: 100.00000000000007
Sink 5 SODDISFATTO. Flusso netto: 0.6600000000000019, Demand: 0.66, percentage: 100.00000000000028
Sink 11 SODDISFATTO. Flusso netto: 1.0299999999999978, Demand: 1.03, percentage: 99.99999999999979
Sink 15 SODDISFATTO. Flusso netto: 0.46000000000000263, Demand: 0.46, percentage: 100.00000000000058
Sink 16 non è soddisfatto. Flusso netto: 2.83, Demand: 8.4, percentage: 33.69047619047619
Sink 19 non è soddisfatto. Flusso netto: 0.0, Demand: 0.54, percentage: 0.0
Sink 23 non è soddisfatto. Flusso netto: 0.0, Demand: 0.6, percentage: 0.0
Sink 24 non è soddisfatto. Flusso netto: 0.0, Demand: 0.8, percentage: 0.0
Sink 25 non è soddisfatto. Flusso netto: 0.0, Demand: 3.5, percentage: 0.0
Sink 26 non è soddisfatto. Flusso netto: 0.0, Demand: 6.0, percentage: 0.0
Sink 28 non è soddisfatto. Flusso netto: 0.0, Demand: 0.4, percentage: 0.0
Sink 30 non è soddisfatto. Flusso netto: 0.0, Demand: 0.98, percentage: 0.0
Sink 31 non è soddisfatto. Flusso netto: 0.0, Demand: 0.4, percentage: 0.0
Sink 32 SODDISFATTO. Flusso netto: 1.0, Demand: 1.0, percentage: 100.0
Sink 34 SODDISFATTO. Flusso netto: 1.7400000000000002, Demand: 1.74, percentage: 100.00000000000003
Sink 35 SODDISFATTO. Flusso netto: 1.3, Demand: 1.3, percentage: 100.0
Sink 37 SODDISFATTO. Flusso netto: 1.0, Demand: 1.0, percentage: 100.0
Sink 39 non è soddisfatto. Flusso netto: 0.0, Demand: 0.4, percentage: 0.0
Sink 40 non è soddisfatto. Flusso netto: 0.0, Demand: 0.5, percentage: 0.0
Sink 41 SODDISFATTO. Flusso netto: 1.0600000000000005, Demand: 1.06, percentage: 100.00000000000004
Sink 42 SODDISFATTO. Flusso netto: 2.8200000000000007, Demand: 2.82, percentage: 100.00000000000003
Sink 45 SODDISFATTO. Flusso netto: 0.6800000000000002, Demand: 0.68, percentage: 100.00000000000003
Sink 46 SODDISFATTO. Flusso netto: 1.17, Demand: 1.17, percentage: 100.0
Sink 49 non è soddisfatto. Flusso netto: 4.59, Demand: 7.0, percentage: 65.57142857142857
Flusso totale entrante nei SINK: 43.980000000000004
Flusso totale uscente nei SINK: 19.639999999999997
Flusso totale netto nei SINK: 24.340000000000007
Total DEMAND dei SINK: 46.44
Percentual di flusso ai SINK: 0.5241171403962104
Numero di Sink soddisfatti: 13.0, numero totale di sink: 25.0
Percentuale di Sink soddisfatti: 0.52

---------------------------------- DAY 274

Update Fixed Elements from Intrinsic Faults
Update Fixed Elements from Heavy Faults
Update Fixed Elements from Attack
Propagate Intrinsic Fault
Node NODO_19 has still failing due to Intrinsic Fault
pipeline ARCO_35 still has reduced capacity: 0.0 due to Intrinsic Fault
pipeline ARCO_109 still has reduced capacity: 0.0 due to Intrinsic Fault
pipeline ARCO_110 still has reduced capacity: 0.0 due to Intrinsic Fault
pipeline V_EDGE_53_17 still has reduced capacity: 0.0 due to Intrinsic Fault
pipeline ARCO_39 still has reduced capacity: 0.0 due to Intrinsic Fault
pipeline ARCO_40 still has reduced capacity: 0.0 due to Intrinsic Fault
pipeline ARCO_105 still has reduced capacity: 0.0 due to Intrinsic Fault
Propagate Heavy Faults
Propagate Attacks
Inject Intrinsic Failure To Source
Source NODO_19 is failing for an Intrinsic Fault in day: 274
pipeline ARCO_35 has reduced capacity due to NODO_19 Intrinsic fault
pipeline ARCO_109 has reduced capacity due to NODO_19 Intrinsic fault
pipeline ARCO_110 has reduced capacity due to NODO_19 Intrinsic fault
pipeline V_EDGE_53_17 has reduced capacity due to NODO_19 Intrinsic fault
pipeline ARCO_39 has reduced capacity due to NODO_19 Intrinsic fault
pipeline ARCO_40 has reduced capacity due to NODO_19 Intrinsic fault
pipeline ARCO_105 has reduced capacity due to NODO_19 Intrinsic fault
Inject Heavy Fault To Sources
Inject Attack Multiple To Source
Inject Intrinsic Fault To Pipeline
Inject Heavy Fault To Pipeline
Inject Attack To Pipeline
----------- Statistics ------------
	Sources Under Attack: 0
	Sources with Heavy Fault: 0
	Sources with Intrinsic Fault: 1
	Arcs with reduce capacity due to Attack: 0
	Arcs with reduce capacity due to Heavy Fault: 0
	Arcs with reduce capacity due to Intrinsic Fault: 7
	Arcs with Attacks: 0
	Arcs with Heavy Fault: 0
	Arcs with Intrinsic Fault: 0
--------- SOURCES STATISTICS ---------------
Demand del real Source[0]: -31.0, flusso erogato: 9.79, flusso entrante: 0.0, efficienza: 31.58064516129032 %
Demand del real Source[8]: -10.5, flusso erogato: 7.45, flusso entrante: 0.0, efficienza: 70.95238095238095 %
Demand del real Source[9]: -7.1, flusso erogato: 15.889999999999999, flusso entrante: 8.790000000000006, efficienza: 223.80281690140845 %
Demand del real Source[17]: -25.0, flusso erogato: 0.0, flusso entrante: 0.0, efficienza: 0.0 %
Flusso totale entrante nei Real Source: 8.790000000000006
Flusso totale uscente dai Real Source: 33.13
Flusso netto sui real Source: -24.339999999999996
--- SINKS STATISTICS ---
Sink 3 SODDISFATTO. Flusso netto: 3.4299999999999997, Demand: 3.43, percentage: 99.99999999999999
Sink 4 SODDISFATTO. Flusso netto: 0.5700000000000003, Demand: 0.57, percentage: 100.00000000000007
Sink 5 SODDISFATTO. Flusso netto: 0.6600000000000019, Demand: 0.66, percentage: 100.00000000000028
Sink 11 SODDISFATTO. Flusso netto: 1.0299999999999978, Demand: 1.03, percentage: 99.99999999999979
Sink 15 SODDISFATTO. Flusso netto: 0.46000000000000263, Demand: 0.46, percentage: 100.00000000000058
Sink 16 non è soddisfatto. Flusso netto: 2.83, Demand: 8.4, percentage: 33.69047619047619
Sink 19 non è soddisfatto. Flusso netto: 0.0, Demand: 0.54, percentage: 0.0
Sink 23 non è soddisfatto. Flusso netto: 0.0, Demand: 0.6, percentage: 0.0
Sink 24 non è soddisfatto. Flusso netto: 0.0, Demand: 0.8, percentage: 0.0
Sink 25 non è soddisfatto. Flusso netto: 0.0, Demand: 3.5, percentage: 0.0
Sink 26 non è soddisfatto. Flusso netto: 0.0, Demand: 6.0, percentage: 0.0
Sink 28 non è soddisfatto. Flusso netto: 0.0, Demand: 0.4, percentage: 0.0
Sink 30 non è soddisfatto. Flusso netto: 0.0, Demand: 0.98, percentage: 0.0
Sink 31 non è soddisfatto. Flusso netto: 0.0, Demand: 0.4, percentage: 0.0
Sink 32 SODDISFATTO. Flusso netto: 1.0, Demand: 1.0, percentage: 100.0
Sink 34 SODDISFATTO. Flusso netto: 1.7400000000000002, Demand: 1.74, percentage: 100.00000000000003
Sink 35 SODDISFATTO. Flusso netto: 1.3, Demand: 1.3, percentage: 100.0
Sink 37 SODDISFATTO. Flusso netto: 1.0, Demand: 1.0, percentage: 100.0
Sink 39 non è soddisfatto. Flusso netto: 0.0, Demand: 0.4, percentage: 0.0
Sink 40 non è soddisfatto. Flusso netto: 0.0, Demand: 0.5, percentage: 0.0
Sink 41 SODDISFATTO. Flusso netto: 1.0600000000000005, Demand: 1.06, percentage: 100.00000000000004
Sink 42 SODDISFATTO. Flusso netto: 2.8200000000000007, Demand: 2.82, percentage: 100.00000000000003
Sink 45 SODDISFATTO. Flusso netto: 0.6800000000000002, Demand: 0.68, percentage: 100.00000000000003
Sink 46 SODDISFATTO. Flusso netto: 1.17, Demand: 1.17, percentage: 100.0
Sink 49 non è soddisfatto. Flusso netto: 4.59, Demand: 7.0, percentage: 65.57142857142857
Flusso totale entrante nei SINK: 43.980000000000004
Flusso totale uscente nei SINK: 19.639999999999997
Flusso totale netto nei SINK: 24.340000000000007
Total DEMAND dei SINK: 46.44
Percentual di flusso ai SINK: 0.5241171403962104
Numero di Sink soddisfatti: 13.0, numero totale di sink: 25.0
Percentuale di Sink soddisfatti: 0.52

---------------------------------- DAY 275

Update Fixed Elements from Intrinsic Faults
Update Fixed Elements from Heavy Faults
Update Fixed Elements from Attack
Propagate Intrinsic Fault
Node NODO_19 has still failing due to Intrinsic Fault
pipeline ARCO_35 still has reduced capacity: 0.0 due to Intrinsic Fault
pipeline ARCO_109 still has reduced capacity: 0.0 due to Intrinsic Fault
pipeline ARCO_110 still has reduced capacity: 0.0 due to Intrinsic Fault
pipeline V_EDGE_53_17 still has reduced capacity: 0.0 due to Intrinsic Fault
pipeline ARCO_39 still has reduced capacity: 0.0 due to Intrinsic Fault
pipeline ARCO_40 still has reduced capacity: 0.0 due to Intrinsic Fault
pipeline ARCO_105 still has reduced capacity: 0.0 due to Intrinsic Fault
Propagate Heavy Faults
Propagate Attacks
Inject Intrinsic Failure To Source
Inject Heavy Fault To Sources
Inject Attack Multiple To Source
Inject Intrinsic Fault To Pipeline
Inject Heavy Fault To Pipeline
Inject Attack To Pipeline
----------- Statistics ------------
	Sources Under Attack: 0
	Sources with Heavy Fault: 0
	Sources with Intrinsic Fault: 1
	Arcs with reduce capacity due to Attack: 0
	Arcs with reduce capacity due to Heavy Fault: 0
	Arcs with reduce capacity due to Intrinsic Fault: 7
	Arcs with Attacks: 0
	Arcs with Heavy Fault: 0
	Arcs with Intrinsic Fault: 0
--------- SOURCES STATISTICS ---------------
Demand del real Source[0]: -31.0, flusso erogato: 9.79, flusso entrante: 0.0, efficienza: 31.58064516129032 %
Demand del real Source[8]: -10.5, flusso erogato: 7.45, flusso entrante: 0.0, efficienza: 70.95238095238095 %
Demand del real Source[9]: -7.1, flusso erogato: 15.889999999999999, flusso entrante: 8.790000000000006, efficienza: 223.80281690140845 %
Demand del real Source[17]: -25.0, flusso erogato: 0.0, flusso entrante: 0.0, efficienza: 0.0 %
Flusso totale entrante nei Real Source: 8.790000000000006
Flusso totale uscente dai Real Source: 33.13
Flusso netto sui real Source: -24.339999999999996
--- SINKS STATISTICS ---
Sink 3 SODDISFATTO. Flusso netto: 3.4299999999999997, Demand: 3.43, percentage: 99.99999999999999
Sink 4 SODDISFATTO. Flusso netto: 0.5700000000000003, Demand: 0.57, percentage: 100.00000000000007
Sink 5 SODDISFATTO. Flusso netto: 0.6600000000000019, Demand: 0.66, percentage: 100.00000000000028
Sink 11 SODDISFATTO. Flusso netto: 1.0299999999999978, Demand: 1.03, percentage: 99.99999999999979
Sink 15 SODDISFATTO. Flusso netto: 0.46000000000000263, Demand: 0.46, percentage: 100.00000000000058
Sink 16 non è soddisfatto. Flusso netto: 2.83, Demand: 8.4, percentage: 33.69047619047619
Sink 19 non è soddisfatto. Flusso netto: 0.0, Demand: 0.54, percentage: 0.0
Sink 23 non è soddisfatto. Flusso netto: 0.0, Demand: 0.6, percentage: 0.0
Sink 24 non è soddisfatto. Flusso netto: 0.0, Demand: 0.8, percentage: 0.0
Sink 25 non è soddisfatto. Flusso netto: 0.0, Demand: 3.5, percentage: 0.0
Sink 26 non è soddisfatto. Flusso netto: 0.0, Demand: 6.0, percentage: 0.0
Sink 28 non è soddisfatto. Flusso netto: 0.0, Demand: 0.4, percentage: 0.0
Sink 30 non è soddisfatto. Flusso netto: 0.0, Demand: 0.98, percentage: 0.0
Sink 31 non è soddisfatto. Flusso netto: 0.0, Demand: 0.4, percentage: 0.0
Sink 32 SODDISFATTO. Flusso netto: 1.0, Demand: 1.0, percentage: 100.0
Sink 34 SODDISFATTO. Flusso netto: 1.7400000000000002, Demand: 1.74, percentage: 100.00000000000003
Sink 35 SODDISFATTO. Flusso netto: 1.3, Demand: 1.3, percentage: 100.0
Sink 37 SODDISFATTO. Flusso netto: 1.0, Demand: 1.0, percentage: 100.0
Sink 39 non è soddisfatto. Flusso netto: 0.0, Demand: 0.4, percentage: 0.0
Sink 40 non è soddisfatto. Flusso netto: 0.0, Demand: 0.5, percentage: 0.0
Sink 41 SODDISFATTO. Flusso netto: 1.0600000000000005, Demand: 1.06, percentage: 100.00000000000004
Sink 42 SODDISFATTO. Flusso netto: 2.8200000000000007, Demand: 2.82, percentage: 100.00000000000003
Sink 45 SODDISFATTO. Flusso netto: 0.6800000000000002, Demand: 0.68, percentage: 100.00000000000003
Sink 46 SODDISFATTO. Flusso netto: 1.17, Demand: 1.17, percentage: 100.0
Sink 49 non è soddisfatto. Flusso netto: 4.59, Demand: 7.0, percentage: 65.57142857142857
Flusso totale entrante nei SINK: 43.980000000000004
Flusso totale uscente nei SINK: 19.639999999999997
Flusso totale netto nei SINK: 24.340000000000007
Total DEMAND dei SINK: 46.44
Percentual di flusso ai SINK: 0.5241171403962104
Numero di Sink soddisfatti: 13.0, numero totale di sink: 25.0
Percentuale di Sink soddisfatti: 0.52

---------------------------------- DAY 276

Update Fixed Elements from Intrinsic Faults
Update Fixed Elements from Heavy Faults
Update Fixed Elements from Attack
Propagate Intrinsic Fault
Node NODO_19 has still failing due to Intrinsic Fault
pipeline ARCO_35 still has reduced capacity: 0.0 due to Intrinsic Fault
pipeline ARCO_109 still has reduced capacity: 0.0 due to Intrinsic Fault
pipeline ARCO_110 still has reduced capacity: 0.0 due to Intrinsic Fault
pipeline V_EDGE_53_17 still has reduced capacity: 0.0 due to Intrinsic Fault
pipeline ARCO_39 still has reduced capacity: 0.0 due to Intrinsic Fault
pipeline ARCO_40 still has reduced capacity: 0.0 due to Intrinsic Fault
pipeline ARCO_105 still has reduced capacity: 0.0 due to Intrinsic Fault
Propagate Heavy Faults
Propagate Attacks
Inject Intrinsic Failure To Source
Source NODO_2 is failing for an Intrinsic Fault in day: 276
pipeline ARCO_70 has reduced capacity due to NODO_2 Intrinsic fault
pipeline V_EDGE_53_0 has reduced capacity due to NODO_2 Intrinsic fault
pipeline ARCO_0 has reduced capacity due to NODO_2 Intrinsic fault
Inject Heavy Fault To Sources
Inject Attack Multiple To Source
Inject Intrinsic Fault To Pipeline
Inject Heavy Fault To Pipeline
Inject Attack To Pipeline
----------- Statistics ------------
	Sources Under Attack: 0
	Sources with Heavy Fault: 0
	Sources with Intrinsic Fault: 2
	Arcs with reduce capacity due to Attack: 0
	Arcs with reduce capacity due to Heavy Fault: 0
	Arcs with reduce capacity due to Intrinsic Fault: 10
	Arcs with Attacks: 0
	Arcs with Heavy Fault: 0
	Arcs with Intrinsic Fault: 0
--------- SOURCES STATISTICS ---------------
Demand del real Source[0]: -31.0, flusso erogato: 9.79, flusso entrante: 0.0, efficienza: 31.58064516129032 %
Demand del real Source[8]: -10.5, flusso erogato: 7.45, flusso entrante: 0.0, efficienza: 70.95238095238095 %
Demand del real Source[9]: -7.1, flusso erogato: 15.889999999999999, flusso entrante: 8.790000000000006, efficienza: 223.80281690140845 %
Demand del real Source[17]: -25.0, flusso erogato: 0.0, flusso entrante: 0.0, efficienza: 0.0 %
Flusso totale entrante nei Real Source: 8.790000000000006
Flusso totale uscente dai Real Source: 33.13
Flusso netto sui real Source: -24.339999999999996
--- SINKS STATISTICS ---
Sink 3 SODDISFATTO. Flusso netto: 3.4299999999999997, Demand: 3.43, percentage: 99.99999999999999
Sink 4 SODDISFATTO. Flusso netto: 0.5700000000000003, Demand: 0.57, percentage: 100.00000000000007
Sink 5 SODDISFATTO. Flusso netto: 0.6600000000000019, Demand: 0.66, percentage: 100.00000000000028
Sink 11 SODDISFATTO. Flusso netto: 1.0299999999999978, Demand: 1.03, percentage: 99.99999999999979
Sink 15 SODDISFATTO. Flusso netto: 0.46000000000000263, Demand: 0.46, percentage: 100.00000000000058
Sink 16 non è soddisfatto. Flusso netto: 2.83, Demand: 8.4, percentage: 33.69047619047619
Sink 19 non è soddisfatto. Flusso netto: 0.0, Demand: 0.54, percentage: 0.0
Sink 23 non è soddisfatto. Flusso netto: 0.0, Demand: 0.6, percentage: 0.0
Sink 24 non è soddisfatto. Flusso netto: 0.0, Demand: 0.8, percentage: 0.0
Sink 25 non è soddisfatto. Flusso netto: 0.0, Demand: 3.5, percentage: 0.0
Sink 26 non è soddisfatto. Flusso netto: 0.0, Demand: 6.0, percentage: 0.0
Sink 28 non è soddisfatto. Flusso netto: 0.0, Demand: 0.4, percentage: 0.0
Sink 30 non è soddisfatto. Flusso netto: 0.0, Demand: 0.98, percentage: 0.0
Sink 31 non è soddisfatto. Flusso netto: 0.0, Demand: 0.4, percentage: 0.0
Sink 32 SODDISFATTO. Flusso netto: 1.0, Demand: 1.0, percentage: 100.0
Sink 34 SODDISFATTO. Flusso netto: 1.7400000000000002, Demand: 1.74, percentage: 100.00000000000003
Sink 35 SODDISFATTO. Flusso netto: 1.3, Demand: 1.3, percentage: 100.0
Sink 37 SODDISFATTO. Flusso netto: 1.0, Demand: 1.0, percentage: 100.0
Sink 39 non è soddisfatto. Flusso netto: 0.0, Demand: 0.4, percentage: 0.0
Sink 40 non è soddisfatto. Flusso netto: 0.0, Demand: 0.5, percentage: 0.0
Sink 41 SODDISFATTO. Flusso netto: 1.0600000000000005, Demand: 1.06, percentage: 100.00000000000004
Sink 42 SODDISFATTO. Flusso netto: 2.8200000000000007, Demand: 2.82, percentage: 100.00000000000003
Sink 45 SODDISFATTO. Flusso netto: 0.6800000000000002, Demand: 0.68, percentage: 100.00000000000003
Sink 46 SODDISFATTO. Flusso netto: 1.17, Demand: 1.17, percentage: 100.0
Sink 49 non è soddisfatto. Flusso netto: 4.59, Demand: 7.0, percentage: 65.57142857142857
Flusso totale entrante nei SINK: 43.980000000000004
Flusso totale uscente nei SINK: 19.639999999999997
Flusso totale netto nei SINK: 24.340000000000007
Total DEMAND dei SINK: 46.44
Percentual di flusso ai SINK: 0.5241171403962104
Numero di Sink soddisfatti: 13.0, numero totale di sink: 25.0
Percentuale di Sink soddisfatti: 0.52

---------------------------------- DAY 277

Update Fixed Elements from Intrinsic Faults
Source NODO_19 fixed from Intrinsic Fault
Pipeline ARCO_35 fixed due to Source NODO_19 fixing from Intrinsic Fault
Pipeline ARCO_109 fixed due to Source NODO_19 fixing from Intrinsic Fault
Pipeline ARCO_110 fixed due to Source NODO_19 fixing from Intrinsic Fault
Pipeline V_EDGE_53_17 fixed due to Source NODO_19 fixing from Intrinsic Fault
Pipeline ARCO_39 fixed due to Source NODO_19 fixing from Intrinsic Fault
Pipeline ARCO_40 fixed due to Source NODO_19 fixing from Intrinsic Fault
Pipeline ARCO_105 fixed due to Source NODO_19 fixing from Intrinsic Fault
Update Fixed Elements from Heavy Faults
Update Fixed Elements from Attack
Propagate Intrinsic Fault
Node NODO_2 has still failing due to Intrinsic Fault
pipeline ARCO_70 still has reduced capacity: 24.8 due to Intrinsic Fault
pipeline V_EDGE_53_0 still has reduced capacity: 24.8 due to Intrinsic Fault
pipeline ARCO_0 still has reduced capacity: 24.8 due to Intrinsic Fault
Propagate Heavy Faults
Propagate Attacks
Inject Intrinsic Failure To Source
Inject Heavy Fault To Sources
Inject Attack Multiple To Source
Inject Intrinsic Fault To Pipeline
Inject Heavy Fault To Pipeline
Inject Attack To Pipeline
----------- Statistics ------------
	Sources Under Attack: 0
	Sources with Heavy Fault: 0
	Sources with Intrinsic Fault: 1
	Arcs with reduce capacity due to Attack: 0
	Arcs with reduce capacity due to Heavy Fault: 0
	Arcs with reduce capacity due to Intrinsic Fault: 3
	Arcs with Attacks: 0
	Arcs with Heavy Fault: 0
	Arcs with Intrinsic Fault: 0
--------- SOURCES STATISTICS ---------------
Demand del real Source[0]: -31.0, flusso erogato: 8.069999999999997, flusso entrante: 0.0, efficienza: 26.032258064516117 %
Demand del real Source[8]: -10.5, flusso erogato: 3.8600000000000003, flusso entrante: 0.0, efficienza: 36.76190476190476 %
Demand del real Source[9]: -7.1, flusso erogato: 14.169999999999996, flusso entrante: 7.070000000000007, efficienza: 199.57746478873236 %
Demand del real Source[17]: -25.0, flusso erogato: 25.000000000000007, flusso entrante: 0.0, efficienza: 100.00000000000003 %
Flusso totale entrante nei Real Source: 7.070000000000007
Flusso totale uscente dai Real Source: 51.1
Flusso netto sui real Source: -44.029999999999994
--- SINKS STATISTICS ---
Sink 3 SODDISFATTO. Flusso netto: 3.4299999999999997, Demand: 3.43, percentage: 99.99999999999999
Sink 4 SODDISFATTO. Flusso netto: 0.5700000000000003, Demand: 0.57, percentage: 100.00000000000007
Sink 5 SODDISFATTO. Flusso netto: 0.6600000000000019, Demand: 0.66, percentage: 100.00000000000028
Sink 11 SODDISFATTO. Flusso netto: 1.03, Demand: 1.03, percentage: 100.0
Sink 15 SODDISFATTO. Flusso netto: 0.4600000000000044, Demand: 0.46, percentage: 100.00000000000095
Sink 16 SODDISFATTO. Flusso netto: 8.399999999999993, Demand: 8.4, percentage: 99.99999999999991
Sink 19 SODDISFATTO. Flusso netto: 0.5399999999999938, Demand: 0.54, percentage: 99.99999999999885
Sink 23 SODDISFATTO. Flusso netto: 0.5999999999999996, Demand: 0.6, percentage: 99.99999999999994
Sink 24 SODDISFATTO. Flusso netto: 0.8000000000000007, Demand: 0.8, percentage: 100.00000000000009
Sink 25 SODDISFATTO. Flusso netto: 3.5, Demand: 3.5, percentage: 100.0
Sink 26 SODDISFATTO. Flusso netto: 6.000000000000007, Demand: 6.0, percentage: 100.00000000000011
Sink 28 SODDISFATTO. Flusso netto: 0.4, Demand: 0.4, percentage: 100.0
Sink 30 SODDISFATTO. Flusso netto: 0.9799999999999933, Demand: 0.98, percentage: 99.99999999999932
Sink 31 SODDISFATTO. Flusso netto: 0.3999999999999999, Demand: 0.4, percentage: 99.99999999999997
Sink 32 SODDISFATTO. Flusso netto: 0.9999999999999989, Demand: 1.0, percentage: 99.99999999999989
Sink 34 SODDISFATTO. Flusso netto: 1.7400000000000002, Demand: 1.74, percentage: 100.00000000000003
Sink 35 SODDISFATTO. Flusso netto: 1.3, Demand: 1.3, percentage: 100.0
Sink 37 SODDISFATTO. Flusso netto: 1.0, Demand: 1.0, percentage: 100.0
Sink 39 SODDISFATTO. Flusso netto: 0.40000000000000036, Demand: 0.4, percentage: 100.00000000000009
Sink 40 SODDISFATTO. Flusso netto: 0.5, Demand: 0.5, percentage: 100.0
Sink 41 SODDISFATTO. Flusso netto: 1.0600000000000005, Demand: 1.06, percentage: 100.00000000000004
Sink 42 SODDISFATTO. Flusso netto: 2.8200000000000007, Demand: 2.82, percentage: 100.00000000000003
Sink 45 SODDISFATTO. Flusso netto: 0.6800000000000002, Demand: 0.68, percentage: 100.00000000000003
Sink 46 SODDISFATTO. Flusso netto: 1.17, Demand: 1.17, percentage: 100.0
Sink 49 non è soddisfatto. Flusso netto: 4.59, Demand: 7.0, percentage: 65.57142857142857
Flusso totale entrante nei SINK: 86.46000000000001
Flusso totale uscente nei SINK: 42.430000000000014
Flusso totale netto nei SINK: 44.029999999999994
Total DEMAND dei SINK: 46.44
Percentual di flusso ai SINK: 0.9481050818260119
Numero di Sink soddisfatti: 24.0, numero totale di sink: 25.0
Percentuale di Sink soddisfatti: 0.96

---------------------------------- DAY 278

Update Fixed Elements from Intrinsic Faults
Update Fixed Elements from Heavy Faults
Update Fixed Elements from Attack
Propagate Intrinsic Fault
Node NODO_2 has still failing due to Intrinsic Fault
pipeline ARCO_70 still has reduced capacity: 24.8 due to Intrinsic Fault
pipeline V_EDGE_53_0 still has reduced capacity: 24.8 due to Intrinsic Fault
pipeline ARCO_0 still has reduced capacity: 24.8 due to Intrinsic Fault
Propagate Heavy Faults
Propagate Attacks
Inject Intrinsic Failure To Source
Inject Heavy Fault To Sources
Inject Attack Multiple To Source
Inject Intrinsic Fault To Pipeline
Inject Heavy Fault To Pipeline
Inject Attack To Pipeline
----------- Statistics ------------
	Sources Under Attack: 0
	Sources with Heavy Fault: 0
	Sources with Intrinsic Fault: 1
	Arcs with reduce capacity due to Attack: 0
	Arcs with reduce capacity due to Heavy Fault: 0
	Arcs with reduce capacity due to Intrinsic Fault: 3
	Arcs with Attacks: 0
	Arcs with Heavy Fault: 0
	Arcs with Intrinsic Fault: 0
--------- SOURCES STATISTICS ---------------
Demand del real Source[0]: -31.0, flusso erogato: 8.069999999999997, flusso entrante: 0.0, efficienza: 26.032258064516117 %
Demand del real Source[8]: -10.5, flusso erogato: 3.8600000000000003, flusso entrante: 0.0, efficienza: 36.76190476190476 %
Demand del real Source[9]: -7.1, flusso erogato: 14.169999999999996, flusso entrante: 7.070000000000007, efficienza: 199.57746478873236 %
Demand del real Source[17]: -25.0, flusso erogato: 25.000000000000007, flusso entrante: 0.0, efficienza: 100.00000000000003 %
Flusso totale entrante nei Real Source: 7.070000000000007
Flusso totale uscente dai Real Source: 51.1
Flusso netto sui real Source: -44.029999999999994
--- SINKS STATISTICS ---
Sink 3 SODDISFATTO. Flusso netto: 3.4299999999999997, Demand: 3.43, percentage: 99.99999999999999
Sink 4 SODDISFATTO. Flusso netto: 0.5700000000000003, Demand: 0.57, percentage: 100.00000000000007
Sink 5 SODDISFATTO. Flusso netto: 0.6600000000000019, Demand: 0.66, percentage: 100.00000000000028
Sink 11 SODDISFATTO. Flusso netto: 1.03, Demand: 1.03, percentage: 100.0
Sink 15 SODDISFATTO. Flusso netto: 0.4600000000000044, Demand: 0.46, percentage: 100.00000000000095
Sink 16 SODDISFATTO. Flusso netto: 8.399999999999993, Demand: 8.4, percentage: 99.99999999999991
Sink 19 SODDISFATTO. Flusso netto: 0.5399999999999938, Demand: 0.54, percentage: 99.99999999999885
Sink 23 SODDISFATTO. Flusso netto: 0.5999999999999996, Demand: 0.6, percentage: 99.99999999999994
Sink 24 SODDISFATTO. Flusso netto: 0.8000000000000007, Demand: 0.8, percentage: 100.00000000000009
Sink 25 SODDISFATTO. Flusso netto: 3.5, Demand: 3.5, percentage: 100.0
Sink 26 SODDISFATTO. Flusso netto: 6.000000000000007, Demand: 6.0, percentage: 100.00000000000011
Sink 28 SODDISFATTO. Flusso netto: 0.4, Demand: 0.4, percentage: 100.0
Sink 30 SODDISFATTO. Flusso netto: 0.9799999999999933, Demand: 0.98, percentage: 99.99999999999932
Sink 31 SODDISFATTO. Flusso netto: 0.3999999999999999, Demand: 0.4, percentage: 99.99999999999997
Sink 32 SODDISFATTO. Flusso netto: 0.9999999999999989, Demand: 1.0, percentage: 99.99999999999989
Sink 34 SODDISFATTO. Flusso netto: 1.7400000000000002, Demand: 1.74, percentage: 100.00000000000003
Sink 35 SODDISFATTO. Flusso netto: 1.3, Demand: 1.3, percentage: 100.0
Sink 37 SODDISFATTO. Flusso netto: 1.0, Demand: 1.0, percentage: 100.0
Sink 39 SODDISFATTO. Flusso netto: 0.40000000000000036, Demand: 0.4, percentage: 100.00000000000009
Sink 40 SODDISFATTO. Flusso netto: 0.5, Demand: 0.5, percentage: 100.0
Sink 41 SODDISFATTO. Flusso netto: 1.0600000000000005, Demand: 1.06, percentage: 100.00000000000004
Sink 42 SODDISFATTO. Flusso netto: 2.8200000000000007, Demand: 2.82, percentage: 100.00000000000003
Sink 45 SODDISFATTO. Flusso netto: 0.6800000000000002, Demand: 0.68, percentage: 100.00000000000003
Sink 46 SODDISFATTO. Flusso netto: 1.17, Demand: 1.17, percentage: 100.0
Sink 49 non è soddisfatto. Flusso netto: 4.59, Demand: 7.0, percentage: 65.57142857142857
Flusso totale entrante nei SINK: 86.46000000000001
Flusso totale uscente nei SINK: 42.430000000000014
Flusso totale netto nei SINK: 44.029999999999994
Total DEMAND dei SINK: 46.44
Percentual di flusso ai SINK: 0.9481050818260119
Numero di Sink soddisfatti: 24.0, numero totale di sink: 25.0
Percentuale di Sink soddisfatti: 0.96

---------------------------------- DAY 279

Update Fixed Elements from Intrinsic Faults
Source NODO_2 fixed from Intrinsic Fault
Pipeline ARCO_70 fixed due to Source NODO_2 fixing from Intrinsic Fault
Pipeline V_EDGE_53_0 fixed due to Source NODO_2 fixing from Intrinsic Fault
Pipeline ARCO_0 fixed due to Source NODO_2 fixing from Intrinsic Fault
Update Fixed Elements from Heavy Faults
Update Fixed Elements from Attack
Propagate Intrinsic Fault
Propagate Heavy Faults
Propagate Attacks
Inject Intrinsic Failure To Source
Source NODO_11 is failing for an Intrinsic Fault in day: 279
pipeline ARCO_3 has reduced capacity due to NODO_11 Intrinsic fault
pipeline ARCO_90 has reduced capacity due to NODO_11 Intrinsic fault
pipeline ARCO_91 has reduced capacity due to NODO_11 Intrinsic fault
pipeline ARCO_92 has reduced capacity due to NODO_11 Intrinsic fault
pipeline V_EDGE_53_9 has reduced capacity due to NODO_11 Intrinsic fault
pipeline ARCO_20 has reduced capacity due to NODO_11 Intrinsic fault
pipeline ARCO_21 has reduced capacity due to NODO_11 Intrinsic fault
pipeline ARCO_22 has reduced capacity due to NODO_11 Intrinsic fault
pipeline ARCO_73 has reduced capacity due to NODO_11 Intrinsic fault
Inject Heavy Fault To Sources
Inject Attack Multiple To Source
Inject Intrinsic Fault To Pipeline
Inject Heavy Fault To Pipeline
Inject Attack To Pipeline
----------- Statistics ------------
	Sources Under Attack: 0
	Sources with Heavy Fault: 0
	Sources with Intrinsic Fault: 1
	Arcs with reduce capacity due to Attack: 0
	Arcs with reduce capacity due to Heavy Fault: 0
	Arcs with reduce capacity due to Intrinsic Fault: 9
	Arcs with Attacks: 0
	Arcs with Heavy Fault: 0
	Arcs with Intrinsic Fault: 0
--------- SOURCES STATISTICS ---------------
Demand del real Source[0]: -31.0, flusso erogato: 8.729999999999993, flusso entrante: 0.0, efficienza: 28.161290322580623 %
Demand del real Source[8]: -10.5, flusso erogato: 3.8600000000000003, flusso entrante: 0.0, efficienza: 36.76190476190476 %
Demand del real Source[9]: -7.1, flusso erogato: 13.409999999999997, flusso entrante: 7.73, efficienza: 188.87323943661968 %
Demand del real Source[17]: -25.0, flusso erogato: 25.000000000000007, flusso entrante: 0.0, efficienza: 100.00000000000003 %
Flusso totale entrante nei Real Source: 7.73
Flusso totale uscente dai Real Source: 51.0
Flusso netto sui real Source: -43.269999999999996
--- SINKS STATISTICS ---
Sink 3 SODDISFATTO. Flusso netto: 3.4299999999999997, Demand: 3.43, percentage: 99.99999999999999
Sink 4 SODDISFATTO. Flusso netto: 0.5700000000000003, Demand: 0.57, percentage: 100.00000000000007
Sink 5 SODDISFATTO. Flusso netto: 0.6600000000000001, Demand: 0.66, percentage: 100.00000000000003
Sink 11 SODDISFATTO. Flusso netto: 1.03, Demand: 1.03, percentage: 100.0
Sink 15 SODDISFATTO. Flusso netto: 0.4600000000000044, Demand: 0.46, percentage: 100.00000000000095
Sink 16 SODDISFATTO. Flusso netto: 8.399999999999993, Demand: 8.4, percentage: 99.99999999999991
Sink 19 SODDISFATTO. Flusso netto: 0.5399999999999938, Demand: 0.54, percentage: 99.99999999999885
Sink 23 SODDISFATTO. Flusso netto: 0.5999999999999996, Demand: 0.6, percentage: 99.99999999999994
Sink 24 SODDISFATTO. Flusso netto: 0.8000000000000007, Demand: 0.8, percentage: 100.00000000000009
Sink 25 SODDISFATTO. Flusso netto: 3.5, Demand: 3.5, percentage: 100.0
Sink 26 SODDISFATTO. Flusso netto: 6.000000000000007, Demand: 6.0, percentage: 100.00000000000011
Sink 28 SODDISFATTO. Flusso netto: 0.4, Demand: 0.4, percentage: 100.0
Sink 30 SODDISFATTO. Flusso netto: 0.9799999999999933, Demand: 0.98, percentage: 99.99999999999932
Sink 31 SODDISFATTO. Flusso netto: 0.3999999999999999, Demand: 0.4, percentage: 99.99999999999997
Sink 32 SODDISFATTO. Flusso netto: 0.9999999999999989, Demand: 1.0, percentage: 99.99999999999989
Sink 34 SODDISFATTO. Flusso netto: 1.7400000000000002, Demand: 1.74, percentage: 100.00000000000003
Sink 35 SODDISFATTO. Flusso netto: 1.3, Demand: 1.3, percentage: 100.0
Sink 37 SODDISFATTO. Flusso netto: 1.0, Demand: 1.0, percentage: 100.0
Sink 39 SODDISFATTO. Flusso netto: 0.40000000000000036, Demand: 0.4, percentage: 100.00000000000009
Sink 40 SODDISFATTO. Flusso netto: 0.5, Demand: 0.5, percentage: 100.0
Sink 41 SODDISFATTO. Flusso netto: 1.0600000000000005, Demand: 1.06, percentage: 100.00000000000004
Sink 42 SODDISFATTO. Flusso netto: 2.819999999999999, Demand: 2.82, percentage: 99.99999999999997
Sink 45 SODDISFATTO. Flusso netto: 0.6800000000000002, Demand: 0.68, percentage: 100.00000000000003
Sink 46 SODDISFATTO. Flusso netto: 1.17, Demand: 1.17, percentage: 100.0
Sink 49 non è soddisfatto. Flusso netto: 3.83, Demand: 7.0, percentage: 54.714285714285715
Flusso totale entrante nei SINK: 85.282
Flusso totale uscente nei SINK: 42.01200000000001
Flusso totale netto nei SINK: 43.26999999999999
Total DEMAND dei SINK: 46.44
Percentual di flusso ai SINK: 0.9317398794142978
Numero di Sink soddisfatti: 24.0, numero totale di sink: 25.0
Percentuale di Sink soddisfatti: 0.96

---------------------------------- DAY 280

Update Fixed Elements from Intrinsic Faults
Update Fixed Elements from Heavy Faults
Update Fixed Elements from Attack
Propagate Intrinsic Fault
Node NODO_11 has still failing due to Intrinsic Fault
pipeline ARCO_3 still has reduced capacity: 9.688 due to Intrinsic Fault
pipeline ARCO_90 still has reduced capacity: 1.6 due to Intrinsic Fault
pipeline ARCO_91 still has reduced capacity: 9.688 due to Intrinsic Fault
pipeline ARCO_92 still has reduced capacity: 39.328 due to Intrinsic Fault
pipeline V_EDGE_53_9 still has reduced capacity: 5.68 due to Intrinsic Fault
pipeline ARCO_20 still has reduced capacity: 1.6 due to Intrinsic Fault
pipeline ARCO_21 still has reduced capacity: 9.688 due to Intrinsic Fault
pipeline ARCO_22 still has reduced capacity: 39.328 due to Intrinsic Fault
pipeline ARCO_73 still has reduced capacity: 9.688 due to Intrinsic Fault
Propagate Heavy Faults
Propagate Attacks
Inject Intrinsic Failure To Source
Inject Heavy Fault To Sources
Inject Attack Multiple To Source
Inject Intrinsic Fault To Pipeline
Inject Heavy Fault To Pipeline
Inject Attack To Pipeline
----------- Statistics ------------
	Sources Under Attack: 0
	Sources with Heavy Fault: 0
	Sources with Intrinsic Fault: 1
	Arcs with reduce capacity due to Attack: 0
	Arcs with reduce capacity due to Heavy Fault: 0
	Arcs with reduce capacity due to Intrinsic Fault: 9
	Arcs with Attacks: 0
	Arcs with Heavy Fault: 0
	Arcs with Intrinsic Fault: 0
--------- SOURCES STATISTICS ---------------
Demand del real Source[0]: -31.0, flusso erogato: 8.729999999999993, flusso entrante: 0.0, efficienza: 28.161290322580623 %
Demand del real Source[8]: -10.5, flusso erogato: 3.8600000000000003, flusso entrante: 0.0, efficienza: 36.76190476190476 %
Demand del real Source[9]: -7.1, flusso erogato: 13.409999999999997, flusso entrante: 7.73, efficienza: 188.87323943661968 %
Demand del real Source[17]: -25.0, flusso erogato: 25.000000000000007, flusso entrante: 0.0, efficienza: 100.00000000000003 %
Flusso totale entrante nei Real Source: 7.73
Flusso totale uscente dai Real Source: 51.0
Flusso netto sui real Source: -43.269999999999996
--- SINKS STATISTICS ---
Sink 3 SODDISFATTO. Flusso netto: 3.4299999999999997, Demand: 3.43, percentage: 99.99999999999999
Sink 4 SODDISFATTO. Flusso netto: 0.5700000000000003, Demand: 0.57, percentage: 100.00000000000007
Sink 5 SODDISFATTO. Flusso netto: 0.6600000000000001, Demand: 0.66, percentage: 100.00000000000003
Sink 11 SODDISFATTO. Flusso netto: 1.03, Demand: 1.03, percentage: 100.0
Sink 15 SODDISFATTO. Flusso netto: 0.4600000000000044, Demand: 0.46, percentage: 100.00000000000095
Sink 16 SODDISFATTO. Flusso netto: 8.399999999999993, Demand: 8.4, percentage: 99.99999999999991
Sink 19 SODDISFATTO. Flusso netto: 0.5399999999999938, Demand: 0.54, percentage: 99.99999999999885
Sink 23 SODDISFATTO. Flusso netto: 0.5999999999999996, Demand: 0.6, percentage: 99.99999999999994
Sink 24 SODDISFATTO. Flusso netto: 0.8000000000000007, Demand: 0.8, percentage: 100.00000000000009
Sink 25 SODDISFATTO. Flusso netto: 3.5, Demand: 3.5, percentage: 100.0
Sink 26 SODDISFATTO. Flusso netto: 6.000000000000007, Demand: 6.0, percentage: 100.00000000000011
Sink 28 SODDISFATTO. Flusso netto: 0.4, Demand: 0.4, percentage: 100.0
Sink 30 SODDISFATTO. Flusso netto: 0.9799999999999933, Demand: 0.98, percentage: 99.99999999999932
Sink 31 SODDISFATTO. Flusso netto: 0.3999999999999999, Demand: 0.4, percentage: 99.99999999999997
Sink 32 SODDISFATTO. Flusso netto: 0.9999999999999989, Demand: 1.0, percentage: 99.99999999999989
Sink 34 SODDISFATTO. Flusso netto: 1.7400000000000002, Demand: 1.74, percentage: 100.00000000000003
Sink 35 SODDISFATTO. Flusso netto: 1.3, Demand: 1.3, percentage: 100.0
Sink 37 SODDISFATTO. Flusso netto: 1.0, Demand: 1.0, percentage: 100.0
Sink 39 SODDISFATTO. Flusso netto: 0.40000000000000036, Demand: 0.4, percentage: 100.00000000000009
Sink 40 SODDISFATTO. Flusso netto: 0.5, Demand: 0.5, percentage: 100.0
Sink 41 SODDISFATTO. Flusso netto: 1.0600000000000005, Demand: 1.06, percentage: 100.00000000000004
Sink 42 SODDISFATTO. Flusso netto: 2.819999999999999, Demand: 2.82, percentage: 99.99999999999997
Sink 45 SODDISFATTO. Flusso netto: 0.6800000000000002, Demand: 0.68, percentage: 100.00000000000003
Sink 46 SODDISFATTO. Flusso netto: 1.17, Demand: 1.17, percentage: 100.0
Sink 49 non è soddisfatto. Flusso netto: 3.83, Demand: 7.0, percentage: 54.714285714285715
Flusso totale entrante nei SINK: 85.282
Flusso totale uscente nei SINK: 42.01200000000001
Flusso totale netto nei SINK: 43.26999999999999
Total DEMAND dei SINK: 46.44
Percentual di flusso ai SINK: 0.9317398794142978
Numero di Sink soddisfatti: 24.0, numero totale di sink: 25.0
Percentuale di Sink soddisfatti: 0.96

---------------------------------- DAY 281

Update Fixed Elements from Intrinsic Faults
Update Fixed Elements from Heavy Faults
Update Fixed Elements from Attack
Propagate Intrinsic Fault
Node NODO_11 has still failing due to Intrinsic Fault
pipeline ARCO_3 still has reduced capacity: 9.688 due to Intrinsic Fault
pipeline ARCO_90 still has reduced capacity: 1.6 due to Intrinsic Fault
pipeline ARCO_91 still has reduced capacity: 9.688 due to Intrinsic Fault
pipeline ARCO_92 still has reduced capacity: 39.328 due to Intrinsic Fault
pipeline V_EDGE_53_9 still has reduced capacity: 5.68 due to Intrinsic Fault
pipeline ARCO_20 still has reduced capacity: 1.6 due to Intrinsic Fault
pipeline ARCO_21 still has reduced capacity: 9.688 due to Intrinsic Fault
pipeline ARCO_22 still has reduced capacity: 39.328 due to Intrinsic Fault
pipeline ARCO_73 still has reduced capacity: 9.688 due to Intrinsic Fault
Propagate Heavy Faults
Propagate Attacks
Inject Intrinsic Failure To Source
Inject Heavy Fault To Sources
Inject Attack Multiple To Source
Inject Intrinsic Fault To Pipeline
Inject Heavy Fault To Pipeline
Inject Attack To Pipeline
----------- Statistics ------------
	Sources Under Attack: 0
	Sources with Heavy Fault: 0
	Sources with Intrinsic Fault: 1
	Arcs with reduce capacity due to Attack: 0
	Arcs with reduce capacity due to Heavy Fault: 0
	Arcs with reduce capacity due to Intrinsic Fault: 9
	Arcs with Attacks: 0
	Arcs with Heavy Fault: 0
	Arcs with Intrinsic Fault: 0
--------- SOURCES STATISTICS ---------------
Demand del real Source[0]: -31.0, flusso erogato: 8.729999999999993, flusso entrante: 0.0, efficienza: 28.161290322580623 %
Demand del real Source[8]: -10.5, flusso erogato: 3.8600000000000003, flusso entrante: 0.0, efficienza: 36.76190476190476 %
Demand del real Source[9]: -7.1, flusso erogato: 13.409999999999997, flusso entrante: 7.73, efficienza: 188.87323943661968 %
Demand del real Source[17]: -25.0, flusso erogato: 25.000000000000007, flusso entrante: 0.0, efficienza: 100.00000000000003 %
Flusso totale entrante nei Real Source: 7.73
Flusso totale uscente dai Real Source: 51.0
Flusso netto sui real Source: -43.269999999999996
--- SINKS STATISTICS ---
Sink 3 SODDISFATTO. Flusso netto: 3.4299999999999997, Demand: 3.43, percentage: 99.99999999999999
Sink 4 SODDISFATTO. Flusso netto: 0.5700000000000003, Demand: 0.57, percentage: 100.00000000000007
Sink 5 SODDISFATTO. Flusso netto: 0.6600000000000001, Demand: 0.66, percentage: 100.00000000000003
Sink 11 SODDISFATTO. Flusso netto: 1.03, Demand: 1.03, percentage: 100.0
Sink 15 SODDISFATTO. Flusso netto: 0.4600000000000044, Demand: 0.46, percentage: 100.00000000000095
Sink 16 SODDISFATTO. Flusso netto: 8.399999999999993, Demand: 8.4, percentage: 99.99999999999991
Sink 19 SODDISFATTO. Flusso netto: 0.5399999999999938, Demand: 0.54, percentage: 99.99999999999885
Sink 23 SODDISFATTO. Flusso netto: 0.5999999999999996, Demand: 0.6, percentage: 99.99999999999994
Sink 24 SODDISFATTO. Flusso netto: 0.8000000000000007, Demand: 0.8, percentage: 100.00000000000009
Sink 25 SODDISFATTO. Flusso netto: 3.5, Demand: 3.5, percentage: 100.0
Sink 26 SODDISFATTO. Flusso netto: 6.000000000000007, Demand: 6.0, percentage: 100.00000000000011
Sink 28 SODDISFATTO. Flusso netto: 0.4, Demand: 0.4, percentage: 100.0
Sink 30 SODDISFATTO. Flusso netto: 0.9799999999999933, Demand: 0.98, percentage: 99.99999999999932
Sink 31 SODDISFATTO. Flusso netto: 0.3999999999999999, Demand: 0.4, percentage: 99.99999999999997
Sink 32 SODDISFATTO. Flusso netto: 0.9999999999999989, Demand: 1.0, percentage: 99.99999999999989
Sink 34 SODDISFATTO. Flusso netto: 1.7400000000000002, Demand: 1.74, percentage: 100.00000000000003
Sink 35 SODDISFATTO. Flusso netto: 1.3, Demand: 1.3, percentage: 100.0
Sink 37 SODDISFATTO. Flusso netto: 1.0, Demand: 1.0, percentage: 100.0
Sink 39 SODDISFATTO. Flusso netto: 0.40000000000000036, Demand: 0.4, percentage: 100.00000000000009
Sink 40 SODDISFATTO. Flusso netto: 0.5, Demand: 0.5, percentage: 100.0
Sink 41 SODDISFATTO. Flusso netto: 1.0600000000000005, Demand: 1.06, percentage: 100.00000000000004
Sink 42 SODDISFATTO. Flusso netto: 2.819999999999999, Demand: 2.82, percentage: 99.99999999999997
Sink 45 SODDISFATTO. Flusso netto: 0.6800000000000002, Demand: 0.68, percentage: 100.00000000000003
Sink 46 SODDISFATTO. Flusso netto: 1.17, Demand: 1.17, percentage: 100.0
Sink 49 non è soddisfatto. Flusso netto: 3.83, Demand: 7.0, percentage: 54.714285714285715
Flusso totale entrante nei SINK: 85.282
Flusso totale uscente nei SINK: 42.01200000000001
Flusso totale netto nei SINK: 43.26999999999999
Total DEMAND dei SINK: 46.44
Percentual di flusso ai SINK: 0.9317398794142978
Numero di Sink soddisfatti: 24.0, numero totale di sink: 25.0
Percentuale di Sink soddisfatti: 0.96

---------------------------------- DAY 282

Update Fixed Elements from Intrinsic Faults
Source NODO_11 fixed from Intrinsic Fault
Pipeline ARCO_3 fixed due to Source NODO_11 fixing from Intrinsic Fault
Pipeline ARCO_90 fixed due to Source NODO_11 fixing from Intrinsic Fault
Pipeline ARCO_91 fixed due to Source NODO_11 fixing from Intrinsic Fault
Pipeline ARCO_92 fixed due to Source NODO_11 fixing from Intrinsic Fault
Pipeline V_EDGE_53_9 fixed due to Source NODO_11 fixing from Intrinsic Fault
Pipeline ARCO_20 fixed due to Source NODO_11 fixing from Intrinsic Fault
Pipeline ARCO_21 fixed due to Source NODO_11 fixing from Intrinsic Fault
Pipeline ARCO_22 fixed due to Source NODO_11 fixing from Intrinsic Fault
Pipeline ARCO_73 fixed due to Source NODO_11 fixing from Intrinsic Fault
Update Fixed Elements from Heavy Faults
Update Fixed Elements from Attack
Propagate Intrinsic Fault
Propagate Heavy Faults
Propagate Attacks
Inject Intrinsic Failure To Source
Source NODO_19 is failing for an Intrinsic Fault in day: 282
pipeline ARCO_35 has reduced capacity due to NODO_19 Intrinsic fault
pipeline ARCO_109 has reduced capacity due to NODO_19 Intrinsic fault
pipeline ARCO_110 has reduced capacity due to NODO_19 Intrinsic fault
pipeline V_EDGE_53_17 has reduced capacity due to NODO_19 Intrinsic fault
pipeline ARCO_39 has reduced capacity due to NODO_19 Intrinsic fault
pipeline ARCO_40 has reduced capacity due to NODO_19 Intrinsic fault
pipeline ARCO_105 has reduced capacity due to NODO_19 Intrinsic fault
Inject Heavy Fault To Sources
Inject Attack Multiple To Source
Inject Intrinsic Fault To Pipeline
Inject Heavy Fault To Pipeline
Inject Attack To Pipeline
----------- Statistics ------------
	Sources Under Attack: 0
	Sources with Heavy Fault: 0
	Sources with Intrinsic Fault: 1
	Arcs with reduce capacity due to Attack: 0
	Arcs with reduce capacity due to Heavy Fault: 0
	Arcs with reduce capacity due to Intrinsic Fault: 7
	Arcs with Attacks: 0
	Arcs with Heavy Fault: 0
	Arcs with Intrinsic Fault: 0
--------- SOURCES STATISTICS ---------------
Demand del real Source[0]: -31.0, flusso erogato: 9.79, flusso entrante: 0.0, efficienza: 31.58064516129032 %
Demand del real Source[8]: -10.5, flusso erogato: 7.45, flusso entrante: 0.0, efficienza: 70.95238095238095 %
Demand del real Source[9]: -7.1, flusso erogato: 15.889999999999999, flusso entrante: 8.790000000000006, efficienza: 223.80281690140845 %
Demand del real Source[17]: -25.0, flusso erogato: 0.0, flusso entrante: 0.0, efficienza: 0.0 %
Flusso totale entrante nei Real Source: 8.790000000000006
Flusso totale uscente dai Real Source: 33.13
Flusso netto sui real Source: -24.339999999999996
--- SINKS STATISTICS ---
Sink 3 SODDISFATTO. Flusso netto: 3.4299999999999997, Demand: 3.43, percentage: 99.99999999999999
Sink 4 SODDISFATTO. Flusso netto: 0.5700000000000003, Demand: 0.57, percentage: 100.00000000000007
Sink 5 SODDISFATTO. Flusso netto: 0.6600000000000019, Demand: 0.66, percentage: 100.00000000000028
Sink 11 SODDISFATTO. Flusso netto: 1.0299999999999978, Demand: 1.03, percentage: 99.99999999999979
Sink 15 SODDISFATTO. Flusso netto: 0.46000000000000263, Demand: 0.46, percentage: 100.00000000000058
Sink 16 non è soddisfatto. Flusso netto: 2.83, Demand: 8.4, percentage: 33.69047619047619
Sink 19 non è soddisfatto. Flusso netto: 0.0, Demand: 0.54, percentage: 0.0
Sink 23 non è soddisfatto. Flusso netto: 0.0, Demand: 0.6, percentage: 0.0
Sink 24 non è soddisfatto. Flusso netto: 0.0, Demand: 0.8, percentage: 0.0
Sink 25 non è soddisfatto. Flusso netto: 0.0, Demand: 3.5, percentage: 0.0
Sink 26 non è soddisfatto. Flusso netto: 0.0, Demand: 6.0, percentage: 0.0
Sink 28 non è soddisfatto. Flusso netto: 0.0, Demand: 0.4, percentage: 0.0
Sink 30 non è soddisfatto. Flusso netto: 0.0, Demand: 0.98, percentage: 0.0
Sink 31 non è soddisfatto. Flusso netto: 0.0, Demand: 0.4, percentage: 0.0
Sink 32 SODDISFATTO. Flusso netto: 1.0, Demand: 1.0, percentage: 100.0
Sink 34 SODDISFATTO. Flusso netto: 1.7400000000000002, Demand: 1.74, percentage: 100.00000000000003
Sink 35 SODDISFATTO. Flusso netto: 1.3, Demand: 1.3, percentage: 100.0
Sink 37 SODDISFATTO. Flusso netto: 1.0, Demand: 1.0, percentage: 100.0
Sink 39 non è soddisfatto. Flusso netto: 0.0, Demand: 0.4, percentage: 0.0
Sink 40 non è soddisfatto. Flusso netto: 0.0, Demand: 0.5, percentage: 0.0
Sink 41 SODDISFATTO. Flusso netto: 1.0600000000000005, Demand: 1.06, percentage: 100.00000000000004
Sink 42 SODDISFATTO. Flusso netto: 2.8200000000000007, Demand: 2.82, percentage: 100.00000000000003
Sink 45 SODDISFATTO. Flusso netto: 0.6800000000000002, Demand: 0.68, percentage: 100.00000000000003
Sink 46 SODDISFATTO. Flusso netto: 1.17, Demand: 1.17, percentage: 100.0
Sink 49 non è soddisfatto. Flusso netto: 4.59, Demand: 7.0, percentage: 65.57142857142857
Flusso totale entrante nei SINK: 43.980000000000004
Flusso totale uscente nei SINK: 19.639999999999997
Flusso totale netto nei SINK: 24.340000000000007
Total DEMAND dei SINK: 46.44
Percentual di flusso ai SINK: 0.5241171403962104
Numero di Sink soddisfatti: 13.0, numero totale di sink: 25.0
Percentuale di Sink soddisfatti: 0.52

---------------------------------- DAY 283

Update Fixed Elements from Intrinsic Faults
Update Fixed Elements from Heavy Faults
Update Fixed Elements from Attack
Propagate Intrinsic Fault
Node NODO_19 has still failing due to Intrinsic Fault
pipeline ARCO_35 still has reduced capacity: 0.0 due to Intrinsic Fault
pipeline ARCO_109 still has reduced capacity: 0.0 due to Intrinsic Fault
pipeline ARCO_110 still has reduced capacity: 0.0 due to Intrinsic Fault
pipeline V_EDGE_53_17 still has reduced capacity: 0.0 due to Intrinsic Fault
pipeline ARCO_39 still has reduced capacity: 0.0 due to Intrinsic Fault
pipeline ARCO_40 still has reduced capacity: 0.0 due to Intrinsic Fault
pipeline ARCO_105 still has reduced capacity: 0.0 due to Intrinsic Fault
Propagate Heavy Faults
Propagate Attacks
Inject Intrinsic Failure To Source
Inject Heavy Fault To Sources
Inject Attack Multiple To Source
Inject Intrinsic Fault To Pipeline
Inject Heavy Fault To Pipeline
Inject Attack To Pipeline
----------- Statistics ------------
	Sources Under Attack: 0
	Sources with Heavy Fault: 0
	Sources with Intrinsic Fault: 1
	Arcs with reduce capacity due to Attack: 0
	Arcs with reduce capacity due to Heavy Fault: 0
	Arcs with reduce capacity due to Intrinsic Fault: 7
	Arcs with Attacks: 0
	Arcs with Heavy Fault: 0
	Arcs with Intrinsic Fault: 0
--------- SOURCES STATISTICS ---------------
Demand del real Source[0]: -31.0, flusso erogato: 9.79, flusso entrante: 0.0, efficienza: 31.58064516129032 %
Demand del real Source[8]: -10.5, flusso erogato: 7.45, flusso entrante: 0.0, efficienza: 70.95238095238095 %
Demand del real Source[9]: -7.1, flusso erogato: 15.889999999999999, flusso entrante: 8.790000000000006, efficienza: 223.80281690140845 %
Demand del real Source[17]: -25.0, flusso erogato: 0.0, flusso entrante: 0.0, efficienza: 0.0 %
Flusso totale entrante nei Real Source: 8.790000000000006
Flusso totale uscente dai Real Source: 33.13
Flusso netto sui real Source: -24.339999999999996
--- SINKS STATISTICS ---
Sink 3 SODDISFATTO. Flusso netto: 3.4299999999999997, Demand: 3.43, percentage: 99.99999999999999
Sink 4 SODDISFATTO. Flusso netto: 0.5700000000000003, Demand: 0.57, percentage: 100.00000000000007
Sink 5 SODDISFATTO. Flusso netto: 0.6600000000000019, Demand: 0.66, percentage: 100.00000000000028
Sink 11 SODDISFATTO. Flusso netto: 1.0299999999999978, Demand: 1.03, percentage: 99.99999999999979
Sink 15 SODDISFATTO. Flusso netto: 0.46000000000000263, Demand: 0.46, percentage: 100.00000000000058
Sink 16 non è soddisfatto. Flusso netto: 2.83, Demand: 8.4, percentage: 33.69047619047619
Sink 19 non è soddisfatto. Flusso netto: 0.0, Demand: 0.54, percentage: 0.0
Sink 23 non è soddisfatto. Flusso netto: 0.0, Demand: 0.6, percentage: 0.0
Sink 24 non è soddisfatto. Flusso netto: 0.0, Demand: 0.8, percentage: 0.0
Sink 25 non è soddisfatto. Flusso netto: 0.0, Demand: 3.5, percentage: 0.0
Sink 26 non è soddisfatto. Flusso netto: 0.0, Demand: 6.0, percentage: 0.0
Sink 28 non è soddisfatto. Flusso netto: 0.0, Demand: 0.4, percentage: 0.0
Sink 30 non è soddisfatto. Flusso netto: 0.0, Demand: 0.98, percentage: 0.0
Sink 31 non è soddisfatto. Flusso netto: 0.0, Demand: 0.4, percentage: 0.0
Sink 32 SODDISFATTO. Flusso netto: 1.0, Demand: 1.0, percentage: 100.0
Sink 34 SODDISFATTO. Flusso netto: 1.7400000000000002, Demand: 1.74, percentage: 100.00000000000003
Sink 35 SODDISFATTO. Flusso netto: 1.3, Demand: 1.3, percentage: 100.0
Sink 37 SODDISFATTO. Flusso netto: 1.0, Demand: 1.0, percentage: 100.0
Sink 39 non è soddisfatto. Flusso netto: 0.0, Demand: 0.4, percentage: 0.0
Sink 40 non è soddisfatto. Flusso netto: 0.0, Demand: 0.5, percentage: 0.0
Sink 41 SODDISFATTO. Flusso netto: 1.0600000000000005, Demand: 1.06, percentage: 100.00000000000004
Sink 42 SODDISFATTO. Flusso netto: 2.8200000000000007, Demand: 2.82, percentage: 100.00000000000003
Sink 45 SODDISFATTO. Flusso netto: 0.6800000000000002, Demand: 0.68, percentage: 100.00000000000003
Sink 46 SODDISFATTO. Flusso netto: 1.17, Demand: 1.17, percentage: 100.0
Sink 49 non è soddisfatto. Flusso netto: 4.59, Demand: 7.0, percentage: 65.57142857142857
Flusso totale entrante nei SINK: 43.980000000000004
Flusso totale uscente nei SINK: 19.639999999999997
Flusso totale netto nei SINK: 24.340000000000007
Total DEMAND dei SINK: 46.44
Percentual di flusso ai SINK: 0.5241171403962104
Numero di Sink soddisfatti: 13.0, numero totale di sink: 25.0
Percentuale di Sink soddisfatti: 0.52

---------------------------------- DAY 284

Update Fixed Elements from Intrinsic Faults
Update Fixed Elements from Heavy Faults
Update Fixed Elements from Attack
Propagate Intrinsic Fault
Node NODO_19 has still failing due to Intrinsic Fault
pipeline ARCO_35 still has reduced capacity: 0.0 due to Intrinsic Fault
pipeline ARCO_109 still has reduced capacity: 0.0 due to Intrinsic Fault
pipeline ARCO_110 still has reduced capacity: 0.0 due to Intrinsic Fault
pipeline V_EDGE_53_17 still has reduced capacity: 0.0 due to Intrinsic Fault
pipeline ARCO_39 still has reduced capacity: 0.0 due to Intrinsic Fault
pipeline ARCO_40 still has reduced capacity: 0.0 due to Intrinsic Fault
pipeline ARCO_105 still has reduced capacity: 0.0 due to Intrinsic Fault
Propagate Heavy Faults
Propagate Attacks
Inject Intrinsic Failure To Source
Inject Heavy Fault To Sources
Inject Attack Multiple To Source
Inject Intrinsic Fault To Pipeline
Inject Heavy Fault To Pipeline
Inject Attack To Pipeline
----------- Statistics ------------
	Sources Under Attack: 0
	Sources with Heavy Fault: 0
	Sources with Intrinsic Fault: 1
	Arcs with reduce capacity due to Attack: 0
	Arcs with reduce capacity due to Heavy Fault: 0
	Arcs with reduce capacity due to Intrinsic Fault: 7
	Arcs with Attacks: 0
	Arcs with Heavy Fault: 0
	Arcs with Intrinsic Fault: 0
--------- SOURCES STATISTICS ---------------
Demand del real Source[0]: -31.0, flusso erogato: 9.79, flusso entrante: 0.0, efficienza: 31.58064516129032 %
Demand del real Source[8]: -10.5, flusso erogato: 7.45, flusso entrante: 0.0, efficienza: 70.95238095238095 %
Demand del real Source[9]: -7.1, flusso erogato: 15.889999999999999, flusso entrante: 8.790000000000006, efficienza: 223.80281690140845 %
Demand del real Source[17]: -25.0, flusso erogato: 0.0, flusso entrante: 0.0, efficienza: 0.0 %
Flusso totale entrante nei Real Source: 8.790000000000006
Flusso totale uscente dai Real Source: 33.13
Flusso netto sui real Source: -24.339999999999996
--- SINKS STATISTICS ---
Sink 3 SODDISFATTO. Flusso netto: 3.4299999999999997, Demand: 3.43, percentage: 99.99999999999999
Sink 4 SODDISFATTO. Flusso netto: 0.5700000000000003, Demand: 0.57, percentage: 100.00000000000007
Sink 5 SODDISFATTO. Flusso netto: 0.6600000000000019, Demand: 0.66, percentage: 100.00000000000028
Sink 11 SODDISFATTO. Flusso netto: 1.0299999999999978, Demand: 1.03, percentage: 99.99999999999979
Sink 15 SODDISFATTO. Flusso netto: 0.46000000000000263, Demand: 0.46, percentage: 100.00000000000058
Sink 16 non è soddisfatto. Flusso netto: 2.83, Demand: 8.4, percentage: 33.69047619047619
Sink 19 non è soddisfatto. Flusso netto: 0.0, Demand: 0.54, percentage: 0.0
Sink 23 non è soddisfatto. Flusso netto: 0.0, Demand: 0.6, percentage: 0.0
Sink 24 non è soddisfatto. Flusso netto: 0.0, Demand: 0.8, percentage: 0.0
Sink 25 non è soddisfatto. Flusso netto: 0.0, Demand: 3.5, percentage: 0.0
Sink 26 non è soddisfatto. Flusso netto: 0.0, Demand: 6.0, percentage: 0.0
Sink 28 non è soddisfatto. Flusso netto: 0.0, Demand: 0.4, percentage: 0.0
Sink 30 non è soddisfatto. Flusso netto: 0.0, Demand: 0.98, percentage: 0.0
Sink 31 non è soddisfatto. Flusso netto: 0.0, Demand: 0.4, percentage: 0.0
Sink 32 SODDISFATTO. Flusso netto: 1.0, Demand: 1.0, percentage: 100.0
Sink 34 SODDISFATTO. Flusso netto: 1.7400000000000002, Demand: 1.74, percentage: 100.00000000000003
Sink 35 SODDISFATTO. Flusso netto: 1.3, Demand: 1.3, percentage: 100.0
Sink 37 SODDISFATTO. Flusso netto: 1.0, Demand: 1.0, percentage: 100.0
Sink 39 non è soddisfatto. Flusso netto: 0.0, Demand: 0.4, percentage: 0.0
Sink 40 non è soddisfatto. Flusso netto: 0.0, Demand: 0.5, percentage: 0.0
Sink 41 SODDISFATTO. Flusso netto: 1.0600000000000005, Demand: 1.06, percentage: 100.00000000000004
Sink 42 SODDISFATTO. Flusso netto: 2.8200000000000007, Demand: 2.82, percentage: 100.00000000000003
Sink 45 SODDISFATTO. Flusso netto: 0.6800000000000002, Demand: 0.68, percentage: 100.00000000000003
Sink 46 SODDISFATTO. Flusso netto: 1.17, Demand: 1.17, percentage: 100.0
Sink 49 non è soddisfatto. Flusso netto: 4.59, Demand: 7.0, percentage: 65.57142857142857
Flusso totale entrante nei SINK: 43.980000000000004
Flusso totale uscente nei SINK: 19.639999999999997
Flusso totale netto nei SINK: 24.340000000000007
Total DEMAND dei SINK: 46.44
Percentual di flusso ai SINK: 0.5241171403962104
Numero di Sink soddisfatti: 13.0, numero totale di sink: 25.0
Percentuale di Sink soddisfatti: 0.52

---------------------------------- DAY 285

Update Fixed Elements from Intrinsic Faults
Update Fixed Elements from Heavy Faults
Update Fixed Elements from Attack
Propagate Intrinsic Fault
Node NODO_19 has still failing due to Intrinsic Fault
pipeline ARCO_35 still has reduced capacity: 0.0 due to Intrinsic Fault
pipeline ARCO_109 still has reduced capacity: 0.0 due to Intrinsic Fault
pipeline ARCO_110 still has reduced capacity: 0.0 due to Intrinsic Fault
pipeline V_EDGE_53_17 still has reduced capacity: 0.0 due to Intrinsic Fault
pipeline ARCO_39 still has reduced capacity: 0.0 due to Intrinsic Fault
pipeline ARCO_40 still has reduced capacity: 0.0 due to Intrinsic Fault
pipeline ARCO_105 still has reduced capacity: 0.0 due to Intrinsic Fault
Propagate Heavy Faults
Propagate Attacks
Inject Intrinsic Failure To Source
Inject Heavy Fault To Sources
Inject Attack Multiple To Source
Inject Intrinsic Fault To Pipeline
Inject Heavy Fault To Pipeline
Inject Attack To Pipeline
----------- Statistics ------------
	Sources Under Attack: 0
	Sources with Heavy Fault: 0
	Sources with Intrinsic Fault: 1
	Arcs with reduce capacity due to Attack: 0
	Arcs with reduce capacity due to Heavy Fault: 0
	Arcs with reduce capacity due to Intrinsic Fault: 7
	Arcs with Attacks: 0
	Arcs with Heavy Fault: 0
	Arcs with Intrinsic Fault: 0
--------- SOURCES STATISTICS ---------------
Demand del real Source[0]: -31.0, flusso erogato: 9.79, flusso entrante: 0.0, efficienza: 31.58064516129032 %
Demand del real Source[8]: -10.5, flusso erogato: 7.45, flusso entrante: 0.0, efficienza: 70.95238095238095 %
Demand del real Source[9]: -7.1, flusso erogato: 15.889999999999999, flusso entrante: 8.790000000000006, efficienza: 223.80281690140845 %
Demand del real Source[17]: -25.0, flusso erogato: 0.0, flusso entrante: 0.0, efficienza: 0.0 %
Flusso totale entrante nei Real Source: 8.790000000000006
Flusso totale uscente dai Real Source: 33.13
Flusso netto sui real Source: -24.339999999999996
--- SINKS STATISTICS ---
Sink 3 SODDISFATTO. Flusso netto: 3.4299999999999997, Demand: 3.43, percentage: 99.99999999999999
Sink 4 SODDISFATTO. Flusso netto: 0.5700000000000003, Demand: 0.57, percentage: 100.00000000000007
Sink 5 SODDISFATTO. Flusso netto: 0.6600000000000019, Demand: 0.66, percentage: 100.00000000000028
Sink 11 SODDISFATTO. Flusso netto: 1.0299999999999978, Demand: 1.03, percentage: 99.99999999999979
Sink 15 SODDISFATTO. Flusso netto: 0.46000000000000263, Demand: 0.46, percentage: 100.00000000000058
Sink 16 non è soddisfatto. Flusso netto: 2.83, Demand: 8.4, percentage: 33.69047619047619
Sink 19 non è soddisfatto. Flusso netto: 0.0, Demand: 0.54, percentage: 0.0
Sink 23 non è soddisfatto. Flusso netto: 0.0, Demand: 0.6, percentage: 0.0
Sink 24 non è soddisfatto. Flusso netto: 0.0, Demand: 0.8, percentage: 0.0
Sink 25 non è soddisfatto. Flusso netto: 0.0, Demand: 3.5, percentage: 0.0
Sink 26 non è soddisfatto. Flusso netto: 0.0, Demand: 6.0, percentage: 0.0
Sink 28 non è soddisfatto. Flusso netto: 0.0, Demand: 0.4, percentage: 0.0
Sink 30 non è soddisfatto. Flusso netto: 0.0, Demand: 0.98, percentage: 0.0
Sink 31 non è soddisfatto. Flusso netto: 0.0, Demand: 0.4, percentage: 0.0
Sink 32 SODDISFATTO. Flusso netto: 1.0, Demand: 1.0, percentage: 100.0
Sink 34 SODDISFATTO. Flusso netto: 1.7400000000000002, Demand: 1.74, percentage: 100.00000000000003
Sink 35 SODDISFATTO. Flusso netto: 1.3, Demand: 1.3, percentage: 100.0
Sink 37 SODDISFATTO. Flusso netto: 1.0, Demand: 1.0, percentage: 100.0
Sink 39 non è soddisfatto. Flusso netto: 0.0, Demand: 0.4, percentage: 0.0
Sink 40 non è soddisfatto. Flusso netto: 0.0, Demand: 0.5, percentage: 0.0
Sink 41 SODDISFATTO. Flusso netto: 1.0600000000000005, Demand: 1.06, percentage: 100.00000000000004
Sink 42 SODDISFATTO. Flusso netto: 2.8200000000000007, Demand: 2.82, percentage: 100.00000000000003
Sink 45 SODDISFATTO. Flusso netto: 0.6800000000000002, Demand: 0.68, percentage: 100.00000000000003
Sink 46 SODDISFATTO. Flusso netto: 1.17, Demand: 1.17, percentage: 100.0
Sink 49 non è soddisfatto. Flusso netto: 4.59, Demand: 7.0, percentage: 65.57142857142857
Flusso totale entrante nei SINK: 43.980000000000004
Flusso totale uscente nei SINK: 19.639999999999997
Flusso totale netto nei SINK: 24.340000000000007
Total DEMAND dei SINK: 46.44
Percentual di flusso ai SINK: 0.5241171403962104
Numero di Sink soddisfatti: 13.0, numero totale di sink: 25.0
Percentuale di Sink soddisfatti: 0.52

---------------------------------- DAY 286

Update Fixed Elements from Intrinsic Faults
Source NODO_19 fixed from Intrinsic Fault
Pipeline ARCO_35 fixed due to Source NODO_19 fixing from Intrinsic Fault
Pipeline ARCO_109 fixed due to Source NODO_19 fixing from Intrinsic Fault
Pipeline ARCO_110 fixed due to Source NODO_19 fixing from Intrinsic Fault
Pipeline V_EDGE_53_17 fixed due to Source NODO_19 fixing from Intrinsic Fault
Pipeline ARCO_39 fixed due to Source NODO_19 fixing from Intrinsic Fault
Pipeline ARCO_40 fixed due to Source NODO_19 fixing from Intrinsic Fault
Pipeline ARCO_105 fixed due to Source NODO_19 fixing from Intrinsic Fault
Update Fixed Elements from Heavy Faults
Update Fixed Elements from Attack
Propagate Intrinsic Fault
Propagate Heavy Faults
Propagate Attacks
Inject Intrinsic Failure To Source
Inject Heavy Fault To Sources
Inject Attack Multiple To Source
Inject Intrinsic Fault To Pipeline
Inject Heavy Fault To Pipeline
Inject Attack To Pipeline
----------- Statistics ------------
	Sources Under Attack: 0
	Sources with Heavy Fault: 0
	Sources with Intrinsic Fault: 0
	Arcs with reduce capacity due to Attack: 0
	Arcs with reduce capacity due to Heavy Fault: 0
	Arcs with reduce capacity due to Intrinsic Fault: 0
	Arcs with Attacks: 0
	Arcs with Heavy Fault: 0
	Arcs with Intrinsic Fault: 0
--------- SOURCES STATISTICS ---------------
Demand del real Source[0]: -31.0, flusso erogato: 8.069999999999997, flusso entrante: 0.0, efficienza: 26.032258064516117 %
Demand del real Source[8]: -10.5, flusso erogato: 3.8600000000000003, flusso entrante: 0.0, efficienza: 36.76190476190476 %
Demand del real Source[9]: -7.1, flusso erogato: 14.169999999999996, flusso entrante: 7.070000000000007, efficienza: 199.57746478873236 %
Demand del real Source[17]: -25.0, flusso erogato: 25.000000000000007, flusso entrante: 0.0, efficienza: 100.00000000000003 %
Flusso totale entrante nei Real Source: 7.070000000000007
Flusso totale uscente dai Real Source: 51.1
Flusso netto sui real Source: -44.029999999999994
--- SINKS STATISTICS ---
Sink 3 SODDISFATTO. Flusso netto: 3.4299999999999997, Demand: 3.43, percentage: 99.99999999999999
Sink 4 SODDISFATTO. Flusso netto: 0.5700000000000003, Demand: 0.57, percentage: 100.00000000000007
Sink 5 SODDISFATTO. Flusso netto: 0.6600000000000019, Demand: 0.66, percentage: 100.00000000000028
Sink 11 SODDISFATTO. Flusso netto: 1.03, Demand: 1.03, percentage: 100.0
Sink 15 SODDISFATTO. Flusso netto: 0.4600000000000044, Demand: 0.46, percentage: 100.00000000000095
Sink 16 SODDISFATTO. Flusso netto: 8.399999999999993, Demand: 8.4, percentage: 99.99999999999991
Sink 19 SODDISFATTO. Flusso netto: 0.5399999999999938, Demand: 0.54, percentage: 99.99999999999885
Sink 23 SODDISFATTO. Flusso netto: 0.5999999999999996, Demand: 0.6, percentage: 99.99999999999994
Sink 24 SODDISFATTO. Flusso netto: 0.8000000000000007, Demand: 0.8, percentage: 100.00000000000009
Sink 25 SODDISFATTO. Flusso netto: 3.5, Demand: 3.5, percentage: 100.0
Sink 26 SODDISFATTO. Flusso netto: 6.000000000000007, Demand: 6.0, percentage: 100.00000000000011
Sink 28 SODDISFATTO. Flusso netto: 0.4, Demand: 0.4, percentage: 100.0
Sink 30 SODDISFATTO. Flusso netto: 0.9799999999999933, Demand: 0.98, percentage: 99.99999999999932
Sink 31 SODDISFATTO. Flusso netto: 0.3999999999999999, Demand: 0.4, percentage: 99.99999999999997
Sink 32 SODDISFATTO. Flusso netto: 0.9999999999999989, Demand: 1.0, percentage: 99.99999999999989
Sink 34 SODDISFATTO. Flusso netto: 1.7400000000000002, Demand: 1.74, percentage: 100.00000000000003
Sink 35 SODDISFATTO. Flusso netto: 1.3, Demand: 1.3, percentage: 100.0
Sink 37 SODDISFATTO. Flusso netto: 1.0, Demand: 1.0, percentage: 100.0
Sink 39 SODDISFATTO. Flusso netto: 0.40000000000000036, Demand: 0.4, percentage: 100.00000000000009
Sink 40 SODDISFATTO. Flusso netto: 0.5, Demand: 0.5, percentage: 100.0
Sink 41 SODDISFATTO. Flusso netto: 1.0600000000000005, Demand: 1.06, percentage: 100.00000000000004
Sink 42 SODDISFATTO. Flusso netto: 2.8200000000000007, Demand: 2.82, percentage: 100.00000000000003
Sink 45 SODDISFATTO. Flusso netto: 0.6800000000000002, Demand: 0.68, percentage: 100.00000000000003
Sink 46 SODDISFATTO. Flusso netto: 1.17, Demand: 1.17, percentage: 100.0
Sink 49 non è soddisfatto. Flusso netto: 4.59, Demand: 7.0, percentage: 65.57142857142857
Flusso totale entrante nei SINK: 86.46000000000001
Flusso totale uscente nei SINK: 42.430000000000014
Flusso totale netto nei SINK: 44.029999999999994
Total DEMAND dei SINK: 46.44
Percentual di flusso ai SINK: 0.9481050818260119
Numero di Sink soddisfatti: 24.0, numero totale di sink: 25.0
Percentuale di Sink soddisfatti: 0.96

---------------------------------- DAY 287

Update Fixed Elements from Intrinsic Faults
Update Fixed Elements from Heavy Faults
Update Fixed Elements from Attack
Propagate Intrinsic Fault
Propagate Heavy Faults
Propagate Attacks
Inject Intrinsic Failure To Source
Inject Heavy Fault To Sources
Inject Attack Multiple To Source
Inject Intrinsic Fault To Pipeline
Inject Heavy Fault To Pipeline
Inject Attack To Pipeline
----------- Statistics ------------
	Sources Under Attack: 0
	Sources with Heavy Fault: 0
	Sources with Intrinsic Fault: 0
	Arcs with reduce capacity due to Attack: 0
	Arcs with reduce capacity due to Heavy Fault: 0
	Arcs with reduce capacity due to Intrinsic Fault: 0
	Arcs with Attacks: 0
	Arcs with Heavy Fault: 0
	Arcs with Intrinsic Fault: 0
--------- SOURCES STATISTICS ---------------
Demand del real Source[0]: -31.0, flusso erogato: 8.069999999999997, flusso entrante: 0.0, efficienza: 26.032258064516117 %
Demand del real Source[8]: -10.5, flusso erogato: 3.8600000000000003, flusso entrante: 0.0, efficienza: 36.76190476190476 %
Demand del real Source[9]: -7.1, flusso erogato: 14.169999999999996, flusso entrante: 7.070000000000007, efficienza: 199.57746478873236 %
Demand del real Source[17]: -25.0, flusso erogato: 25.000000000000007, flusso entrante: 0.0, efficienza: 100.00000000000003 %
Flusso totale entrante nei Real Source: 7.070000000000007
Flusso totale uscente dai Real Source: 51.1
Flusso netto sui real Source: -44.029999999999994
--- SINKS STATISTICS ---
Sink 3 SODDISFATTO. Flusso netto: 3.4299999999999997, Demand: 3.43, percentage: 99.99999999999999
Sink 4 SODDISFATTO. Flusso netto: 0.5700000000000003, Demand: 0.57, percentage: 100.00000000000007
Sink 5 SODDISFATTO. Flusso netto: 0.6600000000000019, Demand: 0.66, percentage: 100.00000000000028
Sink 11 SODDISFATTO. Flusso netto: 1.03, Demand: 1.03, percentage: 100.0
Sink 15 SODDISFATTO. Flusso netto: 0.4600000000000044, Demand: 0.46, percentage: 100.00000000000095
Sink 16 SODDISFATTO. Flusso netto: 8.399999999999993, Demand: 8.4, percentage: 99.99999999999991
Sink 19 SODDISFATTO. Flusso netto: 0.5399999999999938, Demand: 0.54, percentage: 99.99999999999885
Sink 23 SODDISFATTO. Flusso netto: 0.5999999999999996, Demand: 0.6, percentage: 99.99999999999994
Sink 24 SODDISFATTO. Flusso netto: 0.8000000000000007, Demand: 0.8, percentage: 100.00000000000009
Sink 25 SODDISFATTO. Flusso netto: 3.5, Demand: 3.5, percentage: 100.0
Sink 26 SODDISFATTO. Flusso netto: 6.000000000000007, Demand: 6.0, percentage: 100.00000000000011
Sink 28 SODDISFATTO. Flusso netto: 0.4, Demand: 0.4, percentage: 100.0
Sink 30 SODDISFATTO. Flusso netto: 0.9799999999999933, Demand: 0.98, percentage: 99.99999999999932
Sink 31 SODDISFATTO. Flusso netto: 0.3999999999999999, Demand: 0.4, percentage: 99.99999999999997
Sink 32 SODDISFATTO. Flusso netto: 0.9999999999999989, Demand: 1.0, percentage: 99.99999999999989
Sink 34 SODDISFATTO. Flusso netto: 1.7400000000000002, Demand: 1.74, percentage: 100.00000000000003
Sink 35 SODDISFATTO. Flusso netto: 1.3, Demand: 1.3, percentage: 100.0
Sink 37 SODDISFATTO. Flusso netto: 1.0, Demand: 1.0, percentage: 100.0
Sink 39 SODDISFATTO. Flusso netto: 0.40000000000000036, Demand: 0.4, percentage: 100.00000000000009
Sink 40 SODDISFATTO. Flusso netto: 0.5, Demand: 0.5, percentage: 100.0
Sink 41 SODDISFATTO. Flusso netto: 1.0600000000000005, Demand: 1.06, percentage: 100.00000000000004
Sink 42 SODDISFATTO. Flusso netto: 2.8200000000000007, Demand: 2.82, percentage: 100.00000000000003
Sink 45 SODDISFATTO. Flusso netto: 0.6800000000000002, Demand: 0.68, percentage: 100.00000000000003
Sink 46 SODDISFATTO. Flusso netto: 1.17, Demand: 1.17, percentage: 100.0
Sink 49 non è soddisfatto. Flusso netto: 4.59, Demand: 7.0, percentage: 65.57142857142857
Flusso totale entrante nei SINK: 86.46000000000001
Flusso totale uscente nei SINK: 42.430000000000014
Flusso totale netto nei SINK: 44.029999999999994
Total DEMAND dei SINK: 46.44
Percentual di flusso ai SINK: 0.9481050818260119
Numero di Sink soddisfatti: 24.0, numero totale di sink: 25.0
Percentuale di Sink soddisfatti: 0.96

---------------------------------- DAY 288

Update Fixed Elements from Intrinsic Faults
Update Fixed Elements from Heavy Faults
Update Fixed Elements from Attack
Propagate Intrinsic Fault
Propagate Heavy Faults
Propagate Attacks
Inject Intrinsic Failure To Source
Inject Heavy Fault To Sources
Inject Attack Multiple To Source
Inject Intrinsic Fault To Pipeline
Inject Heavy Fault To Pipeline
Inject Attack To Pipeline
----------- Statistics ------------
	Sources Under Attack: 0
	Sources with Heavy Fault: 0
	Sources with Intrinsic Fault: 0
	Arcs with reduce capacity due to Attack: 0
	Arcs with reduce capacity due to Heavy Fault: 0
	Arcs with reduce capacity due to Intrinsic Fault: 0
	Arcs with Attacks: 0
	Arcs with Heavy Fault: 0
	Arcs with Intrinsic Fault: 0
--------- SOURCES STATISTICS ---------------
Demand del real Source[0]: -31.0, flusso erogato: 8.069999999999997, flusso entrante: 0.0, efficienza: 26.032258064516117 %
Demand del real Source[8]: -10.5, flusso erogato: 3.8600000000000003, flusso entrante: 0.0, efficienza: 36.76190476190476 %
Demand del real Source[9]: -7.1, flusso erogato: 14.169999999999996, flusso entrante: 7.070000000000007, efficienza: 199.57746478873236 %
Demand del real Source[17]: -25.0, flusso erogato: 25.000000000000007, flusso entrante: 0.0, efficienza: 100.00000000000003 %
Flusso totale entrante nei Real Source: 7.070000000000007
Flusso totale uscente dai Real Source: 51.1
Flusso netto sui real Source: -44.029999999999994
--- SINKS STATISTICS ---
Sink 3 SODDISFATTO. Flusso netto: 3.4299999999999997, Demand: 3.43, percentage: 99.99999999999999
Sink 4 SODDISFATTO. Flusso netto: 0.5700000000000003, Demand: 0.57, percentage: 100.00000000000007
Sink 5 SODDISFATTO. Flusso netto: 0.6600000000000019, Demand: 0.66, percentage: 100.00000000000028
Sink 11 SODDISFATTO. Flusso netto: 1.03, Demand: 1.03, percentage: 100.0
Sink 15 SODDISFATTO. Flusso netto: 0.4600000000000044, Demand: 0.46, percentage: 100.00000000000095
Sink 16 SODDISFATTO. Flusso netto: 8.399999999999993, Demand: 8.4, percentage: 99.99999999999991
Sink 19 SODDISFATTO. Flusso netto: 0.5399999999999938, Demand: 0.54, percentage: 99.99999999999885
Sink 23 SODDISFATTO. Flusso netto: 0.5999999999999996, Demand: 0.6, percentage: 99.99999999999994
Sink 24 SODDISFATTO. Flusso netto: 0.8000000000000007, Demand: 0.8, percentage: 100.00000000000009
Sink 25 SODDISFATTO. Flusso netto: 3.5, Demand: 3.5, percentage: 100.0
Sink 26 SODDISFATTO. Flusso netto: 6.000000000000007, Demand: 6.0, percentage: 100.00000000000011
Sink 28 SODDISFATTO. Flusso netto: 0.4, Demand: 0.4, percentage: 100.0
Sink 30 SODDISFATTO. Flusso netto: 0.9799999999999933, Demand: 0.98, percentage: 99.99999999999932
Sink 31 SODDISFATTO. Flusso netto: 0.3999999999999999, Demand: 0.4, percentage: 99.99999999999997
Sink 32 SODDISFATTO. Flusso netto: 0.9999999999999989, Demand: 1.0, percentage: 99.99999999999989
Sink 34 SODDISFATTO. Flusso netto: 1.7400000000000002, Demand: 1.74, percentage: 100.00000000000003
Sink 35 SODDISFATTO. Flusso netto: 1.3, Demand: 1.3, percentage: 100.0
Sink 37 SODDISFATTO. Flusso netto: 1.0, Demand: 1.0, percentage: 100.0
Sink 39 SODDISFATTO. Flusso netto: 0.40000000000000036, Demand: 0.4, percentage: 100.00000000000009
Sink 40 SODDISFATTO. Flusso netto: 0.5, Demand: 0.5, percentage: 100.0
Sink 41 SODDISFATTO. Flusso netto: 1.0600000000000005, Demand: 1.06, percentage: 100.00000000000004
Sink 42 SODDISFATTO. Flusso netto: 2.8200000000000007, Demand: 2.82, percentage: 100.00000000000003
Sink 45 SODDISFATTO. Flusso netto: 0.6800000000000002, Demand: 0.68, percentage: 100.00000000000003
Sink 46 SODDISFATTO. Flusso netto: 1.17, Demand: 1.17, percentage: 100.0
Sink 49 non è soddisfatto. Flusso netto: 4.59, Demand: 7.0, percentage: 65.57142857142857
Flusso totale entrante nei SINK: 86.46000000000001
Flusso totale uscente nei SINK: 42.430000000000014
Flusso totale netto nei SINK: 44.029999999999994
Total DEMAND dei SINK: 46.44
Percentual di flusso ai SINK: 0.9481050818260119
Numero di Sink soddisfatti: 24.0, numero totale di sink: 25.0
Percentuale di Sink soddisfatti: 0.96

---------------------------------- DAY 289

Update Fixed Elements from Intrinsic Faults
Update Fixed Elements from Heavy Faults
Update Fixed Elements from Attack
Propagate Intrinsic Fault
Propagate Heavy Faults
Propagate Attacks
Inject Intrinsic Failure To Source
Inject Heavy Fault To Sources
Inject Attack Multiple To Source
Inject Intrinsic Fault To Pipeline
Inject Heavy Fault To Pipeline
Inject Attack To Pipeline
----------- Statistics ------------
	Sources Under Attack: 0
	Sources with Heavy Fault: 0
	Sources with Intrinsic Fault: 0
	Arcs with reduce capacity due to Attack: 0
	Arcs with reduce capacity due to Heavy Fault: 0
	Arcs with reduce capacity due to Intrinsic Fault: 0
	Arcs with Attacks: 0
	Arcs with Heavy Fault: 0
	Arcs with Intrinsic Fault: 0
--------- SOURCES STATISTICS ---------------
Demand del real Source[0]: -31.0, flusso erogato: 8.069999999999997, flusso entrante: 0.0, efficienza: 26.032258064516117 %
Demand del real Source[8]: -10.5, flusso erogato: 3.8600000000000003, flusso entrante: 0.0, efficienza: 36.76190476190476 %
Demand del real Source[9]: -7.1, flusso erogato: 14.169999999999996, flusso entrante: 7.070000000000007, efficienza: 199.57746478873236 %
Demand del real Source[17]: -25.0, flusso erogato: 25.000000000000007, flusso entrante: 0.0, efficienza: 100.00000000000003 %
Flusso totale entrante nei Real Source: 7.070000000000007
Flusso totale uscente dai Real Source: 51.1
Flusso netto sui real Source: -44.029999999999994
--- SINKS STATISTICS ---
Sink 3 SODDISFATTO. Flusso netto: 3.4299999999999997, Demand: 3.43, percentage: 99.99999999999999
Sink 4 SODDISFATTO. Flusso netto: 0.5700000000000003, Demand: 0.57, percentage: 100.00000000000007
Sink 5 SODDISFATTO. Flusso netto: 0.6600000000000019, Demand: 0.66, percentage: 100.00000000000028
Sink 11 SODDISFATTO. Flusso netto: 1.03, Demand: 1.03, percentage: 100.0
Sink 15 SODDISFATTO. Flusso netto: 0.4600000000000044, Demand: 0.46, percentage: 100.00000000000095
Sink 16 SODDISFATTO. Flusso netto: 8.399999999999993, Demand: 8.4, percentage: 99.99999999999991
Sink 19 SODDISFATTO. Flusso netto: 0.5399999999999938, Demand: 0.54, percentage: 99.99999999999885
Sink 23 SODDISFATTO. Flusso netto: 0.5999999999999996, Demand: 0.6, percentage: 99.99999999999994
Sink 24 SODDISFATTO. Flusso netto: 0.8000000000000007, Demand: 0.8, percentage: 100.00000000000009
Sink 25 SODDISFATTO. Flusso netto: 3.5, Demand: 3.5, percentage: 100.0
Sink 26 SODDISFATTO. Flusso netto: 6.000000000000007, Demand: 6.0, percentage: 100.00000000000011
Sink 28 SODDISFATTO. Flusso netto: 0.4, Demand: 0.4, percentage: 100.0
Sink 30 SODDISFATTO. Flusso netto: 0.9799999999999933, Demand: 0.98, percentage: 99.99999999999932
Sink 31 SODDISFATTO. Flusso netto: 0.3999999999999999, Demand: 0.4, percentage: 99.99999999999997
Sink 32 SODDISFATTO. Flusso netto: 0.9999999999999989, Demand: 1.0, percentage: 99.99999999999989
Sink 34 SODDISFATTO. Flusso netto: 1.7400000000000002, Demand: 1.74, percentage: 100.00000000000003
Sink 35 SODDISFATTO. Flusso netto: 1.3, Demand: 1.3, percentage: 100.0
Sink 37 SODDISFATTO. Flusso netto: 1.0, Demand: 1.0, percentage: 100.0
Sink 39 SODDISFATTO. Flusso netto: 0.40000000000000036, Demand: 0.4, percentage: 100.00000000000009
Sink 40 SODDISFATTO. Flusso netto: 0.5, Demand: 0.5, percentage: 100.0
Sink 41 SODDISFATTO. Flusso netto: 1.0600000000000005, Demand: 1.06, percentage: 100.00000000000004
Sink 42 SODDISFATTO. Flusso netto: 2.8200000000000007, Demand: 2.82, percentage: 100.00000000000003
Sink 45 SODDISFATTO. Flusso netto: 0.6800000000000002, Demand: 0.68, percentage: 100.00000000000003
Sink 46 SODDISFATTO. Flusso netto: 1.17, Demand: 1.17, percentage: 100.0
Sink 49 non è soddisfatto. Flusso netto: 4.59, Demand: 7.0, percentage: 65.57142857142857
Flusso totale entrante nei SINK: 86.46000000000001
Flusso totale uscente nei SINK: 42.430000000000014
Flusso totale netto nei SINK: 44.029999999999994
Total DEMAND dei SINK: 46.44
Percentual di flusso ai SINK: 0.9481050818260119
Numero di Sink soddisfatti: 24.0, numero totale di sink: 25.0
Percentuale di Sink soddisfatti: 0.96

---------------------------------- DAY 290

Update Fixed Elements from Intrinsic Faults
Update Fixed Elements from Heavy Faults
Update Fixed Elements from Attack
Propagate Intrinsic Fault
Propagate Heavy Faults
Propagate Attacks
Inject Intrinsic Failure To Source
Inject Heavy Fault To Sources
Inject Attack Multiple To Source
Inject Intrinsic Fault To Pipeline
Inject Heavy Fault To Pipeline
Inject Attack To Pipeline
----------- Statistics ------------
	Sources Under Attack: 0
	Sources with Heavy Fault: 0
	Sources with Intrinsic Fault: 0
	Arcs with reduce capacity due to Attack: 0
	Arcs with reduce capacity due to Heavy Fault: 0
	Arcs with reduce capacity due to Intrinsic Fault: 0
	Arcs with Attacks: 0
	Arcs with Heavy Fault: 0
	Arcs with Intrinsic Fault: 0
--------- SOURCES STATISTICS ---------------
Demand del real Source[0]: -31.0, flusso erogato: 8.069999999999997, flusso entrante: 0.0, efficienza: 26.032258064516117 %
Demand del real Source[8]: -10.5, flusso erogato: 3.8600000000000003, flusso entrante: 0.0, efficienza: 36.76190476190476 %
Demand del real Source[9]: -7.1, flusso erogato: 14.169999999999996, flusso entrante: 7.070000000000007, efficienza: 199.57746478873236 %
Demand del real Source[17]: -25.0, flusso erogato: 25.000000000000007, flusso entrante: 0.0, efficienza: 100.00000000000003 %
Flusso totale entrante nei Real Source: 7.070000000000007
Flusso totale uscente dai Real Source: 51.1
Flusso netto sui real Source: -44.029999999999994
--- SINKS STATISTICS ---
Sink 3 SODDISFATTO. Flusso netto: 3.4299999999999997, Demand: 3.43, percentage: 99.99999999999999
Sink 4 SODDISFATTO. Flusso netto: 0.5700000000000003, Demand: 0.57, percentage: 100.00000000000007
Sink 5 SODDISFATTO. Flusso netto: 0.6600000000000019, Demand: 0.66, percentage: 100.00000000000028
Sink 11 SODDISFATTO. Flusso netto: 1.03, Demand: 1.03, percentage: 100.0
Sink 15 SODDISFATTO. Flusso netto: 0.4600000000000044, Demand: 0.46, percentage: 100.00000000000095
Sink 16 SODDISFATTO. Flusso netto: 8.399999999999993, Demand: 8.4, percentage: 99.99999999999991
Sink 19 SODDISFATTO. Flusso netto: 0.5399999999999938, Demand: 0.54, percentage: 99.99999999999885
Sink 23 SODDISFATTO. Flusso netto: 0.5999999999999996, Demand: 0.6, percentage: 99.99999999999994
Sink 24 SODDISFATTO. Flusso netto: 0.8000000000000007, Demand: 0.8, percentage: 100.00000000000009
Sink 25 SODDISFATTO. Flusso netto: 3.5, Demand: 3.5, percentage: 100.0
Sink 26 SODDISFATTO. Flusso netto: 6.000000000000007, Demand: 6.0, percentage: 100.00000000000011
Sink 28 SODDISFATTO. Flusso netto: 0.4, Demand: 0.4, percentage: 100.0
Sink 30 SODDISFATTO. Flusso netto: 0.9799999999999933, Demand: 0.98, percentage: 99.99999999999932
Sink 31 SODDISFATTO. Flusso netto: 0.3999999999999999, Demand: 0.4, percentage: 99.99999999999997
Sink 32 SODDISFATTO. Flusso netto: 0.9999999999999989, Demand: 1.0, percentage: 99.99999999999989
Sink 34 SODDISFATTO. Flusso netto: 1.7400000000000002, Demand: 1.74, percentage: 100.00000000000003
Sink 35 SODDISFATTO. Flusso netto: 1.3, Demand: 1.3, percentage: 100.0
Sink 37 SODDISFATTO. Flusso netto: 1.0, Demand: 1.0, percentage: 100.0
Sink 39 SODDISFATTO. Flusso netto: 0.40000000000000036, Demand: 0.4, percentage: 100.00000000000009
Sink 40 SODDISFATTO. Flusso netto: 0.5, Demand: 0.5, percentage: 100.0
Sink 41 SODDISFATTO. Flusso netto: 1.0600000000000005, Demand: 1.06, percentage: 100.00000000000004
Sink 42 SODDISFATTO. Flusso netto: 2.8200000000000007, Demand: 2.82, percentage: 100.00000000000003
Sink 45 SODDISFATTO. Flusso netto: 0.6800000000000002, Demand: 0.68, percentage: 100.00000000000003
Sink 46 SODDISFATTO. Flusso netto: 1.17, Demand: 1.17, percentage: 100.0
Sink 49 non è soddisfatto. Flusso netto: 4.59, Demand: 7.0, percentage: 65.57142857142857
Flusso totale entrante nei SINK: 86.46000000000001
Flusso totale uscente nei SINK: 42.430000000000014
Flusso totale netto nei SINK: 44.029999999999994
Total DEMAND dei SINK: 46.44
Percentual di flusso ai SINK: 0.9481050818260119
Numero di Sink soddisfatti: 24.0, numero totale di sink: 25.0
Percentuale di Sink soddisfatti: 0.96

---------------------------------- DAY 291

Update Fixed Elements from Intrinsic Faults
Update Fixed Elements from Heavy Faults
Update Fixed Elements from Attack
Propagate Intrinsic Fault
Propagate Heavy Faults
Propagate Attacks
Inject Intrinsic Failure To Source
Inject Heavy Fault To Sources
Inject Attack Multiple To Source
Inject Intrinsic Fault To Pipeline
Inject Heavy Fault To Pipeline
Inject Attack To Pipeline
----------- Statistics ------------
	Sources Under Attack: 0
	Sources with Heavy Fault: 0
	Sources with Intrinsic Fault: 0
	Arcs with reduce capacity due to Attack: 0
	Arcs with reduce capacity due to Heavy Fault: 0
	Arcs with reduce capacity due to Intrinsic Fault: 0
	Arcs with Attacks: 0
	Arcs with Heavy Fault: 0
	Arcs with Intrinsic Fault: 0
--------- SOURCES STATISTICS ---------------
Demand del real Source[0]: -31.0, flusso erogato: 8.069999999999997, flusso entrante: 0.0, efficienza: 26.032258064516117 %
Demand del real Source[8]: -10.5, flusso erogato: 3.8600000000000003, flusso entrante: 0.0, efficienza: 36.76190476190476 %
Demand del real Source[9]: -7.1, flusso erogato: 14.169999999999996, flusso entrante: 7.070000000000007, efficienza: 199.57746478873236 %
Demand del real Source[17]: -25.0, flusso erogato: 25.000000000000007, flusso entrante: 0.0, efficienza: 100.00000000000003 %
Flusso totale entrante nei Real Source: 7.070000000000007
Flusso totale uscente dai Real Source: 51.1
Flusso netto sui real Source: -44.029999999999994
--- SINKS STATISTICS ---
Sink 3 SODDISFATTO. Flusso netto: 3.4299999999999997, Demand: 3.43, percentage: 99.99999999999999
Sink 4 SODDISFATTO. Flusso netto: 0.5700000000000003, Demand: 0.57, percentage: 100.00000000000007
Sink 5 SODDISFATTO. Flusso netto: 0.6600000000000019, Demand: 0.66, percentage: 100.00000000000028
Sink 11 SODDISFATTO. Flusso netto: 1.03, Demand: 1.03, percentage: 100.0
Sink 15 SODDISFATTO. Flusso netto: 0.4600000000000044, Demand: 0.46, percentage: 100.00000000000095
Sink 16 SODDISFATTO. Flusso netto: 8.399999999999993, Demand: 8.4, percentage: 99.99999999999991
Sink 19 SODDISFATTO. Flusso netto: 0.5399999999999938, Demand: 0.54, percentage: 99.99999999999885
Sink 23 SODDISFATTO. Flusso netto: 0.5999999999999996, Demand: 0.6, percentage: 99.99999999999994
Sink 24 SODDISFATTO. Flusso netto: 0.8000000000000007, Demand: 0.8, percentage: 100.00000000000009
Sink 25 SODDISFATTO. Flusso netto: 3.5, Demand: 3.5, percentage: 100.0
Sink 26 SODDISFATTO. Flusso netto: 6.000000000000007, Demand: 6.0, percentage: 100.00000000000011
Sink 28 SODDISFATTO. Flusso netto: 0.4, Demand: 0.4, percentage: 100.0
Sink 30 SODDISFATTO. Flusso netto: 0.9799999999999933, Demand: 0.98, percentage: 99.99999999999932
Sink 31 SODDISFATTO. Flusso netto: 0.3999999999999999, Demand: 0.4, percentage: 99.99999999999997
Sink 32 SODDISFATTO. Flusso netto: 0.9999999999999989, Demand: 1.0, percentage: 99.99999999999989
Sink 34 SODDISFATTO. Flusso netto: 1.7400000000000002, Demand: 1.74, percentage: 100.00000000000003
Sink 35 SODDISFATTO. Flusso netto: 1.3, Demand: 1.3, percentage: 100.0
Sink 37 SODDISFATTO. Flusso netto: 1.0, Demand: 1.0, percentage: 100.0
Sink 39 SODDISFATTO. Flusso netto: 0.40000000000000036, Demand: 0.4, percentage: 100.00000000000009
Sink 40 SODDISFATTO. Flusso netto: 0.5, Demand: 0.5, percentage: 100.0
Sink 41 SODDISFATTO. Flusso netto: 1.0600000000000005, Demand: 1.06, percentage: 100.00000000000004
Sink 42 SODDISFATTO. Flusso netto: 2.8200000000000007, Demand: 2.82, percentage: 100.00000000000003
Sink 45 SODDISFATTO. Flusso netto: 0.6800000000000002, Demand: 0.68, percentage: 100.00000000000003
Sink 46 SODDISFATTO. Flusso netto: 1.17, Demand: 1.17, percentage: 100.0
Sink 49 non è soddisfatto. Flusso netto: 4.59, Demand: 7.0, percentage: 65.57142857142857
Flusso totale entrante nei SINK: 86.46000000000001
Flusso totale uscente nei SINK: 42.430000000000014
Flusso totale netto nei SINK: 44.029999999999994
Total DEMAND dei SINK: 46.44
Percentual di flusso ai SINK: 0.9481050818260119
Numero di Sink soddisfatti: 24.0, numero totale di sink: 25.0
Percentuale di Sink soddisfatti: 0.96

---------------------------------- DAY 292

Update Fixed Elements from Intrinsic Faults
Update Fixed Elements from Heavy Faults
Update Fixed Elements from Attack
Propagate Intrinsic Fault
Propagate Heavy Faults
Propagate Attacks
Inject Intrinsic Failure To Source
Inject Heavy Fault To Sources
Inject Attack Multiple To Source
Inject Intrinsic Fault To Pipeline
Inject Heavy Fault To Pipeline
Inject Attack To Pipeline
----------- Statistics ------------
	Sources Under Attack: 0
	Sources with Heavy Fault: 0
	Sources with Intrinsic Fault: 0
	Arcs with reduce capacity due to Attack: 0
	Arcs with reduce capacity due to Heavy Fault: 0
	Arcs with reduce capacity due to Intrinsic Fault: 0
	Arcs with Attacks: 0
	Arcs with Heavy Fault: 0
	Arcs with Intrinsic Fault: 0
--------- SOURCES STATISTICS ---------------
Demand del real Source[0]: -31.0, flusso erogato: 8.069999999999997, flusso entrante: 0.0, efficienza: 26.032258064516117 %
Demand del real Source[8]: -10.5, flusso erogato: 3.8600000000000003, flusso entrante: 0.0, efficienza: 36.76190476190476 %
Demand del real Source[9]: -7.1, flusso erogato: 14.169999999999996, flusso entrante: 7.070000000000007, efficienza: 199.57746478873236 %
Demand del real Source[17]: -25.0, flusso erogato: 25.000000000000007, flusso entrante: 0.0, efficienza: 100.00000000000003 %
Flusso totale entrante nei Real Source: 7.070000000000007
Flusso totale uscente dai Real Source: 51.1
Flusso netto sui real Source: -44.029999999999994
--- SINKS STATISTICS ---
Sink 3 SODDISFATTO. Flusso netto: 3.4299999999999997, Demand: 3.43, percentage: 99.99999999999999
Sink 4 SODDISFATTO. Flusso netto: 0.5700000000000003, Demand: 0.57, percentage: 100.00000000000007
Sink 5 SODDISFATTO. Flusso netto: 0.6600000000000019, Demand: 0.66, percentage: 100.00000000000028
Sink 11 SODDISFATTO. Flusso netto: 1.03, Demand: 1.03, percentage: 100.0
Sink 15 SODDISFATTO. Flusso netto: 0.4600000000000044, Demand: 0.46, percentage: 100.00000000000095
Sink 16 SODDISFATTO. Flusso netto: 8.399999999999993, Demand: 8.4, percentage: 99.99999999999991
Sink 19 SODDISFATTO. Flusso netto: 0.5399999999999938, Demand: 0.54, percentage: 99.99999999999885
Sink 23 SODDISFATTO. Flusso netto: 0.5999999999999996, Demand: 0.6, percentage: 99.99999999999994
Sink 24 SODDISFATTO. Flusso netto: 0.8000000000000007, Demand: 0.8, percentage: 100.00000000000009
Sink 25 SODDISFATTO. Flusso netto: 3.5, Demand: 3.5, percentage: 100.0
Sink 26 SODDISFATTO. Flusso netto: 6.000000000000007, Demand: 6.0, percentage: 100.00000000000011
Sink 28 SODDISFATTO. Flusso netto: 0.4, Demand: 0.4, percentage: 100.0
Sink 30 SODDISFATTO. Flusso netto: 0.9799999999999933, Demand: 0.98, percentage: 99.99999999999932
Sink 31 SODDISFATTO. Flusso netto: 0.3999999999999999, Demand: 0.4, percentage: 99.99999999999997
Sink 32 SODDISFATTO. Flusso netto: 0.9999999999999989, Demand: 1.0, percentage: 99.99999999999989
Sink 34 SODDISFATTO. Flusso netto: 1.7400000000000002, Demand: 1.74, percentage: 100.00000000000003
Sink 35 SODDISFATTO. Flusso netto: 1.3, Demand: 1.3, percentage: 100.0
Sink 37 SODDISFATTO. Flusso netto: 1.0, Demand: 1.0, percentage: 100.0
Sink 39 SODDISFATTO. Flusso netto: 0.40000000000000036, Demand: 0.4, percentage: 100.00000000000009
Sink 40 SODDISFATTO. Flusso netto: 0.5, Demand: 0.5, percentage: 100.0
Sink 41 SODDISFATTO. Flusso netto: 1.0600000000000005, Demand: 1.06, percentage: 100.00000000000004
Sink 42 SODDISFATTO. Flusso netto: 2.8200000000000007, Demand: 2.82, percentage: 100.00000000000003
Sink 45 SODDISFATTO. Flusso netto: 0.6800000000000002, Demand: 0.68, percentage: 100.00000000000003
Sink 46 SODDISFATTO. Flusso netto: 1.17, Demand: 1.17, percentage: 100.0
Sink 49 non è soddisfatto. Flusso netto: 4.59, Demand: 7.0, percentage: 65.57142857142857
Flusso totale entrante nei SINK: 86.46000000000001
Flusso totale uscente nei SINK: 42.430000000000014
Flusso totale netto nei SINK: 44.029999999999994
Total DEMAND dei SINK: 46.44
Percentual di flusso ai SINK: 0.9481050818260119
Numero di Sink soddisfatti: 24.0, numero totale di sink: 25.0
Percentuale di Sink soddisfatti: 0.96

---------------------------------- DAY 293

Update Fixed Elements from Intrinsic Faults
Update Fixed Elements from Heavy Faults
Update Fixed Elements from Attack
Propagate Intrinsic Fault
Propagate Heavy Faults
Propagate Attacks
Inject Intrinsic Failure To Source
Inject Heavy Fault To Sources
Inject Attack Multiple To Source
Inject Intrinsic Fault To Pipeline
Inject Heavy Fault To Pipeline
Inject Attack To Pipeline
----------- Statistics ------------
	Sources Under Attack: 0
	Sources with Heavy Fault: 0
	Sources with Intrinsic Fault: 0
	Arcs with reduce capacity due to Attack: 0
	Arcs with reduce capacity due to Heavy Fault: 0
	Arcs with reduce capacity due to Intrinsic Fault: 0
	Arcs with Attacks: 0
	Arcs with Heavy Fault: 0
	Arcs with Intrinsic Fault: 0
--------- SOURCES STATISTICS ---------------
Demand del real Source[0]: -31.0, flusso erogato: 8.069999999999997, flusso entrante: 0.0, efficienza: 26.032258064516117 %
Demand del real Source[8]: -10.5, flusso erogato: 3.8600000000000003, flusso entrante: 0.0, efficienza: 36.76190476190476 %
Demand del real Source[9]: -7.1, flusso erogato: 14.169999999999996, flusso entrante: 7.070000000000007, efficienza: 199.57746478873236 %
Demand del real Source[17]: -25.0, flusso erogato: 25.000000000000007, flusso entrante: 0.0, efficienza: 100.00000000000003 %
Flusso totale entrante nei Real Source: 7.070000000000007
Flusso totale uscente dai Real Source: 51.1
Flusso netto sui real Source: -44.029999999999994
--- SINKS STATISTICS ---
Sink 3 SODDISFATTO. Flusso netto: 3.4299999999999997, Demand: 3.43, percentage: 99.99999999999999
Sink 4 SODDISFATTO. Flusso netto: 0.5700000000000003, Demand: 0.57, percentage: 100.00000000000007
Sink 5 SODDISFATTO. Flusso netto: 0.6600000000000019, Demand: 0.66, percentage: 100.00000000000028
Sink 11 SODDISFATTO. Flusso netto: 1.03, Demand: 1.03, percentage: 100.0
Sink 15 SODDISFATTO. Flusso netto: 0.4600000000000044, Demand: 0.46, percentage: 100.00000000000095
Sink 16 SODDISFATTO. Flusso netto: 8.399999999999993, Demand: 8.4, percentage: 99.99999999999991
Sink 19 SODDISFATTO. Flusso netto: 0.5399999999999938, Demand: 0.54, percentage: 99.99999999999885
Sink 23 SODDISFATTO. Flusso netto: 0.5999999999999996, Demand: 0.6, percentage: 99.99999999999994
Sink 24 SODDISFATTO. Flusso netto: 0.8000000000000007, Demand: 0.8, percentage: 100.00000000000009
Sink 25 SODDISFATTO. Flusso netto: 3.5, Demand: 3.5, percentage: 100.0
Sink 26 SODDISFATTO. Flusso netto: 6.000000000000007, Demand: 6.0, percentage: 100.00000000000011
Sink 28 SODDISFATTO. Flusso netto: 0.4, Demand: 0.4, percentage: 100.0
Sink 30 SODDISFATTO. Flusso netto: 0.9799999999999933, Demand: 0.98, percentage: 99.99999999999932
Sink 31 SODDISFATTO. Flusso netto: 0.3999999999999999, Demand: 0.4, percentage: 99.99999999999997
Sink 32 SODDISFATTO. Flusso netto: 0.9999999999999989, Demand: 1.0, percentage: 99.99999999999989
Sink 34 SODDISFATTO. Flusso netto: 1.7400000000000002, Demand: 1.74, percentage: 100.00000000000003
Sink 35 SODDISFATTO. Flusso netto: 1.3, Demand: 1.3, percentage: 100.0
Sink 37 SODDISFATTO. Flusso netto: 1.0, Demand: 1.0, percentage: 100.0
Sink 39 SODDISFATTO. Flusso netto: 0.40000000000000036, Demand: 0.4, percentage: 100.00000000000009
Sink 40 SODDISFATTO. Flusso netto: 0.5, Demand: 0.5, percentage: 100.0
Sink 41 SODDISFATTO. Flusso netto: 1.0600000000000005, Demand: 1.06, percentage: 100.00000000000004
Sink 42 SODDISFATTO. Flusso netto: 2.8200000000000007, Demand: 2.82, percentage: 100.00000000000003
Sink 45 SODDISFATTO. Flusso netto: 0.6800000000000002, Demand: 0.68, percentage: 100.00000000000003
Sink 46 SODDISFATTO. Flusso netto: 1.17, Demand: 1.17, percentage: 100.0
Sink 49 non è soddisfatto. Flusso netto: 4.59, Demand: 7.0, percentage: 65.57142857142857
Flusso totale entrante nei SINK: 86.46000000000001
Flusso totale uscente nei SINK: 42.430000000000014
Flusso totale netto nei SINK: 44.029999999999994
Total DEMAND dei SINK: 46.44
Percentual di flusso ai SINK: 0.9481050818260119
Numero di Sink soddisfatti: 24.0, numero totale di sink: 25.0
Percentuale di Sink soddisfatti: 0.96

---------------------------------- DAY 294

Update Fixed Elements from Intrinsic Faults
Update Fixed Elements from Heavy Faults
Update Fixed Elements from Attack
Propagate Intrinsic Fault
Propagate Heavy Faults
Propagate Attacks
Inject Intrinsic Failure To Source
Source NODO_19 is failing for an Intrinsic Fault in day: 294
pipeline ARCO_35 has reduced capacity due to NODO_19 Intrinsic fault
pipeline ARCO_109 has reduced capacity due to NODO_19 Intrinsic fault
pipeline ARCO_110 has reduced capacity due to NODO_19 Intrinsic fault
pipeline V_EDGE_53_17 has reduced capacity due to NODO_19 Intrinsic fault
pipeline ARCO_39 has reduced capacity due to NODO_19 Intrinsic fault
pipeline ARCO_40 has reduced capacity due to NODO_19 Intrinsic fault
pipeline ARCO_105 has reduced capacity due to NODO_19 Intrinsic fault
Inject Heavy Fault To Sources
Inject Attack Multiple To Source
Inject Intrinsic Fault To Pipeline
Inject Heavy Fault To Pipeline
Inject Attack To Pipeline
----------- Statistics ------------
	Sources Under Attack: 0
	Sources with Heavy Fault: 0
	Sources with Intrinsic Fault: 1
	Arcs with reduce capacity due to Attack: 0
	Arcs with reduce capacity due to Heavy Fault: 0
	Arcs with reduce capacity due to Intrinsic Fault: 7
	Arcs with Attacks: 0
	Arcs with Heavy Fault: 0
	Arcs with Intrinsic Fault: 0
--------- SOURCES STATISTICS ---------------
Demand del real Source[0]: -31.0, flusso erogato: 9.79, flusso entrante: 0.0, efficienza: 31.58064516129032 %
Demand del real Source[8]: -10.5, flusso erogato: 7.45, flusso entrante: 0.0, efficienza: 70.95238095238095 %
Demand del real Source[9]: -7.1, flusso erogato: 15.889999999999999, flusso entrante: 8.790000000000006, efficienza: 223.80281690140845 %
Demand del real Source[17]: -25.0, flusso erogato: 0.0, flusso entrante: 0.0, efficienza: 0.0 %
Flusso totale entrante nei Real Source: 8.790000000000006
Flusso totale uscente dai Real Source: 33.13
Flusso netto sui real Source: -24.339999999999996
--- SINKS STATISTICS ---
Sink 3 SODDISFATTO. Flusso netto: 3.4299999999999997, Demand: 3.43, percentage: 99.99999999999999
Sink 4 SODDISFATTO. Flusso netto: 0.5700000000000003, Demand: 0.57, percentage: 100.00000000000007
Sink 5 SODDISFATTO. Flusso netto: 0.6600000000000019, Demand: 0.66, percentage: 100.00000000000028
Sink 11 SODDISFATTO. Flusso netto: 1.0299999999999978, Demand: 1.03, percentage: 99.99999999999979
Sink 15 SODDISFATTO. Flusso netto: 0.46000000000000263, Demand: 0.46, percentage: 100.00000000000058
Sink 16 non è soddisfatto. Flusso netto: 2.83, Demand: 8.4, percentage: 33.69047619047619
Sink 19 non è soddisfatto. Flusso netto: 0.0, Demand: 0.54, percentage: 0.0
Sink 23 non è soddisfatto. Flusso netto: 0.0, Demand: 0.6, percentage: 0.0
Sink 24 non è soddisfatto. Flusso netto: 0.0, Demand: 0.8, percentage: 0.0
Sink 25 non è soddisfatto. Flusso netto: 0.0, Demand: 3.5, percentage: 0.0
Sink 26 non è soddisfatto. Flusso netto: 0.0, Demand: 6.0, percentage: 0.0
Sink 28 non è soddisfatto. Flusso netto: 0.0, Demand: 0.4, percentage: 0.0
Sink 30 non è soddisfatto. Flusso netto: 0.0, Demand: 0.98, percentage: 0.0
Sink 31 non è soddisfatto. Flusso netto: 0.0, Demand: 0.4, percentage: 0.0
Sink 32 SODDISFATTO. Flusso netto: 1.0, Demand: 1.0, percentage: 100.0
Sink 34 SODDISFATTO. Flusso netto: 1.7400000000000002, Demand: 1.74, percentage: 100.00000000000003
Sink 35 SODDISFATTO. Flusso netto: 1.3, Demand: 1.3, percentage: 100.0
Sink 37 SODDISFATTO. Flusso netto: 1.0, Demand: 1.0, percentage: 100.0
Sink 39 non è soddisfatto. Flusso netto: 0.0, Demand: 0.4, percentage: 0.0
Sink 40 non è soddisfatto. Flusso netto: 0.0, Demand: 0.5, percentage: 0.0
Sink 41 SODDISFATTO. Flusso netto: 1.0600000000000005, Demand: 1.06, percentage: 100.00000000000004
Sink 42 SODDISFATTO. Flusso netto: 2.8200000000000007, Demand: 2.82, percentage: 100.00000000000003
Sink 45 SODDISFATTO. Flusso netto: 0.6800000000000002, Demand: 0.68, percentage: 100.00000000000003
Sink 46 SODDISFATTO. Flusso netto: 1.17, Demand: 1.17, percentage: 100.0
Sink 49 non è soddisfatto. Flusso netto: 4.59, Demand: 7.0, percentage: 65.57142857142857
Flusso totale entrante nei SINK: 43.980000000000004
Flusso totale uscente nei SINK: 19.639999999999997
Flusso totale netto nei SINK: 24.340000000000007
Total DEMAND dei SINK: 46.44
Percentual di flusso ai SINK: 0.5241171403962104
Numero di Sink soddisfatti: 13.0, numero totale di sink: 25.0
Percentuale di Sink soddisfatti: 0.52

---------------------------------- DAY 295

Update Fixed Elements from Intrinsic Faults
Update Fixed Elements from Heavy Faults
Update Fixed Elements from Attack
Propagate Intrinsic Fault
Node NODO_19 has still failing due to Intrinsic Fault
pipeline ARCO_35 still has reduced capacity: 0.0 due to Intrinsic Fault
pipeline ARCO_109 still has reduced capacity: 0.0 due to Intrinsic Fault
pipeline ARCO_110 still has reduced capacity: 0.0 due to Intrinsic Fault
pipeline V_EDGE_53_17 still has reduced capacity: 0.0 due to Intrinsic Fault
pipeline ARCO_39 still has reduced capacity: 0.0 due to Intrinsic Fault
pipeline ARCO_40 still has reduced capacity: 0.0 due to Intrinsic Fault
pipeline ARCO_105 still has reduced capacity: 0.0 due to Intrinsic Fault
Propagate Heavy Faults
Propagate Attacks
Inject Intrinsic Failure To Source
Source NODO_11 is failing for an Intrinsic Fault in day: 295
pipeline ARCO_3 has reduced capacity due to NODO_11 Intrinsic fault
pipeline ARCO_90 has reduced capacity due to NODO_11 Intrinsic fault
pipeline ARCO_91 has reduced capacity due to NODO_11 Intrinsic fault
pipeline ARCO_92 has reduced capacity due to NODO_11 Intrinsic fault
pipeline V_EDGE_53_9 has reduced capacity due to NODO_11 Intrinsic fault
pipeline ARCO_20 has reduced capacity due to NODO_11 Intrinsic fault
pipeline ARCO_21 has reduced capacity due to NODO_11 Intrinsic fault
pipeline ARCO_22 has reduced capacity due to NODO_11 Intrinsic fault
pipeline ARCO_73 has reduced capacity due to NODO_11 Intrinsic fault
Inject Heavy Fault To Sources
Inject Attack Multiple To Source
Inject Intrinsic Fault To Pipeline
Inject Heavy Fault To Pipeline
Inject Attack To Pipeline
----------- Statistics ------------
	Sources Under Attack: 0
	Sources with Heavy Fault: 0
	Sources with Intrinsic Fault: 2
	Arcs with reduce capacity due to Attack: 0
	Arcs with reduce capacity due to Heavy Fault: 0
	Arcs with reduce capacity due to Intrinsic Fault: 16
	Arcs with Attacks: 0
	Arcs with Heavy Fault: 0
	Arcs with Intrinsic Fault: 0
--------- SOURCES STATISTICS ---------------
Demand del real Source[0]: -31.0, flusso erogato: 10.049999999999997, flusso entrante: 0.0, efficienza: 32.419354838709666 %
Demand del real Source[8]: -10.5, flusso erogato: 7.85, flusso entrante: 0.0, efficienza: 74.76190476190476 %
Demand del real Source[9]: -7.1, flusso erogato: 14.729999999999999, flusso entrante: 9.050000000000004, efficienza: 207.46478873239437 %
Demand del real Source[17]: -25.0, flusso erogato: 0.0, flusso entrante: 0.0, efficienza: 0.0 %
Flusso totale entrante nei Real Source: 9.050000000000004
Flusso totale uscente dai Real Source: 32.63
Flusso netto sui real Source: -23.58
--- SINKS STATISTICS ---
Sink 3 SODDISFATTO. Flusso netto: 3.4299999999999997, Demand: 3.43, percentage: 99.99999999999999
Sink 4 SODDISFATTO. Flusso netto: 0.5700000000000003, Demand: 0.57, percentage: 100.00000000000007
Sink 5 SODDISFATTO. Flusso netto: 0.6600000000000001, Demand: 0.66, percentage: 100.00000000000003
Sink 11 SODDISFATTO. Flusso netto: 1.0299999999999978, Demand: 1.03, percentage: 99.99999999999979
Sink 15 SODDISFATTO. Flusso netto: 0.46000000000000263, Demand: 0.46, percentage: 100.00000000000058
Sink 16 non è soddisfatto. Flusso netto: 2.83, Demand: 8.4, percentage: 33.69047619047619
Sink 19 non è soddisfatto. Flusso netto: 0.0, Demand: 0.54, percentage: 0.0
Sink 23 non è soddisfatto. Flusso netto: 0.0, Demand: 0.6, percentage: 0.0
Sink 24 non è soddisfatto. Flusso netto: 0.0, Demand: 0.8, percentage: 0.0
Sink 25 non è soddisfatto. Flusso netto: 0.0, Demand: 3.5, percentage: 0.0
Sink 26 non è soddisfatto. Flusso netto: 0.0, Demand: 6.0, percentage: 0.0
Sink 28 non è soddisfatto. Flusso netto: 0.0, Demand: 0.4, percentage: 0.0
Sink 30 non è soddisfatto. Flusso netto: 0.0, Demand: 0.98, percentage: 0.0
Sink 31 non è soddisfatto. Flusso netto: 0.0, Demand: 0.4, percentage: 0.0
Sink 32 SODDISFATTO. Flusso netto: 1.0000000000000009, Demand: 1.0, percentage: 100.00000000000009
Sink 34 SODDISFATTO. Flusso netto: 1.7400000000000002, Demand: 1.74, percentage: 100.00000000000003
Sink 35 SODDISFATTO. Flusso netto: 1.3, Demand: 1.3, percentage: 100.0
Sink 37 SODDISFATTO. Flusso netto: 1.0, Demand: 1.0, percentage: 100.0
Sink 39 non è soddisfatto. Flusso netto: 0.0, Demand: 0.4, percentage: 0.0
Sink 40 non è soddisfatto. Flusso netto: 0.0, Demand: 0.5, percentage: 0.0
Sink 41 SODDISFATTO. Flusso netto: 1.0600000000000005, Demand: 1.06, percentage: 100.00000000000004
Sink 42 SODDISFATTO. Flusso netto: 2.819999999999999, Demand: 2.82, percentage: 99.99999999999997
Sink 45 SODDISFATTO. Flusso netto: 0.6800000000000002, Demand: 0.68, percentage: 100.00000000000003
Sink 46 SODDISFATTO. Flusso netto: 1.17, Demand: 1.17, percentage: 100.0
Sink 49 non è soddisfatto. Flusso netto: 3.83, Demand: 7.0, percentage: 54.714285714285715
Flusso totale entrante nei SINK: 42.402
Flusso totale uscente nei SINK: 18.822000000000003
Flusso totale netto nei SINK: 23.58
Total DEMAND dei SINK: 46.44
Percentual di flusso ai SINK: 0.5077519379844961
Numero di Sink soddisfatti: 13.0, numero totale di sink: 25.0
Percentuale di Sink soddisfatti: 0.52

---------------------------------- DAY 296

Update Fixed Elements from Intrinsic Faults
Update Fixed Elements from Heavy Faults
Update Fixed Elements from Attack
Propagate Intrinsic Fault
Node NODO_19 has still failing due to Intrinsic Fault
Node NODO_11 has still failing due to Intrinsic Fault
pipeline ARCO_35 still has reduced capacity: 0.0 due to Intrinsic Fault
pipeline ARCO_109 still has reduced capacity: 0.0 due to Intrinsic Fault
pipeline ARCO_110 still has reduced capacity: 0.0 due to Intrinsic Fault
pipeline V_EDGE_53_17 still has reduced capacity: 0.0 due to Intrinsic Fault
pipeline ARCO_39 still has reduced capacity: 0.0 due to Intrinsic Fault
pipeline ARCO_40 still has reduced capacity: 0.0 due to Intrinsic Fault
pipeline ARCO_105 still has reduced capacity: 0.0 due to Intrinsic Fault
pipeline ARCO_3 still has reduced capacity: 9.688 due to Intrinsic Fault
pipeline ARCO_90 still has reduced capacity: 1.6 due to Intrinsic Fault
pipeline ARCO_91 still has reduced capacity: 9.688 due to Intrinsic Fault
pipeline ARCO_92 still has reduced capacity: 39.328 due to Intrinsic Fault
pipeline V_EDGE_53_9 still has reduced capacity: 5.68 due to Intrinsic Fault
pipeline ARCO_20 still has reduced capacity: 1.6 due to Intrinsic Fault
pipeline ARCO_21 still has reduced capacity: 9.688 due to Intrinsic Fault
pipeline ARCO_22 still has reduced capacity: 39.328 due to Intrinsic Fault
pipeline ARCO_73 still has reduced capacity: 9.688 due to Intrinsic Fault
Propagate Heavy Faults
Propagate Attacks
Inject Intrinsic Failure To Source
Inject Heavy Fault To Sources
Inject Attack Multiple To Source
Inject Intrinsic Fault To Pipeline
Inject Heavy Fault To Pipeline
Inject Attack To Pipeline
----------- Statistics ------------
	Sources Under Attack: 0
	Sources with Heavy Fault: 0
	Sources with Intrinsic Fault: 2
	Arcs with reduce capacity due to Attack: 0
	Arcs with reduce capacity due to Heavy Fault: 0
	Arcs with reduce capacity due to Intrinsic Fault: 16
	Arcs with Attacks: 0
	Arcs with Heavy Fault: 0
	Arcs with Intrinsic Fault: 0
--------- SOURCES STATISTICS ---------------
Demand del real Source[0]: -31.0, flusso erogato: 10.049999999999997, flusso entrante: 0.0, efficienza: 32.419354838709666 %
Demand del real Source[8]: -10.5, flusso erogato: 7.85, flusso entrante: 0.0, efficienza: 74.76190476190476 %
Demand del real Source[9]: -7.1, flusso erogato: 14.729999999999999, flusso entrante: 9.050000000000004, efficienza: 207.46478873239437 %
Demand del real Source[17]: -25.0, flusso erogato: 0.0, flusso entrante: 0.0, efficienza: 0.0 %
Flusso totale entrante nei Real Source: 9.050000000000004
Flusso totale uscente dai Real Source: 32.63
Flusso netto sui real Source: -23.58
--- SINKS STATISTICS ---
Sink 3 SODDISFATTO. Flusso netto: 3.4299999999999997, Demand: 3.43, percentage: 99.99999999999999
Sink 4 SODDISFATTO. Flusso netto: 0.5700000000000003, Demand: 0.57, percentage: 100.00000000000007
Sink 5 SODDISFATTO. Flusso netto: 0.6600000000000001, Demand: 0.66, percentage: 100.00000000000003
Sink 11 SODDISFATTO. Flusso netto: 1.0299999999999978, Demand: 1.03, percentage: 99.99999999999979
Sink 15 SODDISFATTO. Flusso netto: 0.46000000000000263, Demand: 0.46, percentage: 100.00000000000058
Sink 16 non è soddisfatto. Flusso netto: 2.83, Demand: 8.4, percentage: 33.69047619047619
Sink 19 non è soddisfatto. Flusso netto: 0.0, Demand: 0.54, percentage: 0.0
Sink 23 non è soddisfatto. Flusso netto: 0.0, Demand: 0.6, percentage: 0.0
Sink 24 non è soddisfatto. Flusso netto: 0.0, Demand: 0.8, percentage: 0.0
Sink 25 non è soddisfatto. Flusso netto: 0.0, Demand: 3.5, percentage: 0.0
Sink 26 non è soddisfatto. Flusso netto: 0.0, Demand: 6.0, percentage: 0.0
Sink 28 non è soddisfatto. Flusso netto: 0.0, Demand: 0.4, percentage: 0.0
Sink 30 non è soddisfatto. Flusso netto: 0.0, Demand: 0.98, percentage: 0.0
Sink 31 non è soddisfatto. Flusso netto: 0.0, Demand: 0.4, percentage: 0.0
Sink 32 SODDISFATTO. Flusso netto: 1.0000000000000009, Demand: 1.0, percentage: 100.00000000000009
Sink 34 SODDISFATTO. Flusso netto: 1.7400000000000002, Demand: 1.74, percentage: 100.00000000000003
Sink 35 SODDISFATTO. Flusso netto: 1.3, Demand: 1.3, percentage: 100.0
Sink 37 SODDISFATTO. Flusso netto: 1.0, Demand: 1.0, percentage: 100.0
Sink 39 non è soddisfatto. Flusso netto: 0.0, Demand: 0.4, percentage: 0.0
Sink 40 non è soddisfatto. Flusso netto: 0.0, Demand: 0.5, percentage: 0.0
Sink 41 SODDISFATTO. Flusso netto: 1.0600000000000005, Demand: 1.06, percentage: 100.00000000000004
Sink 42 SODDISFATTO. Flusso netto: 2.819999999999999, Demand: 2.82, percentage: 99.99999999999997
Sink 45 SODDISFATTO. Flusso netto: 0.6800000000000002, Demand: 0.68, percentage: 100.00000000000003
Sink 46 SODDISFATTO. Flusso netto: 1.17, Demand: 1.17, percentage: 100.0
Sink 49 non è soddisfatto. Flusso netto: 3.83, Demand: 7.0, percentage: 54.714285714285715
Flusso totale entrante nei SINK: 42.402
Flusso totale uscente nei SINK: 18.822000000000003
Flusso totale netto nei SINK: 23.58
Total DEMAND dei SINK: 46.44
Percentual di flusso ai SINK: 0.5077519379844961
Numero di Sink soddisfatti: 13.0, numero totale di sink: 25.0
Percentuale di Sink soddisfatti: 0.52

---------------------------------- DAY 297

Update Fixed Elements from Intrinsic Faults
Update Fixed Elements from Heavy Faults
Update Fixed Elements from Attack
Propagate Intrinsic Fault
Node NODO_19 has still failing due to Intrinsic Fault
Node NODO_11 has still failing due to Intrinsic Fault
pipeline ARCO_35 still has reduced capacity: 0.0 due to Intrinsic Fault
pipeline ARCO_109 still has reduced capacity: 0.0 due to Intrinsic Fault
pipeline ARCO_110 still has reduced capacity: 0.0 due to Intrinsic Fault
pipeline V_EDGE_53_17 still has reduced capacity: 0.0 due to Intrinsic Fault
pipeline ARCO_39 still has reduced capacity: 0.0 due to Intrinsic Fault
pipeline ARCO_40 still has reduced capacity: 0.0 due to Intrinsic Fault
pipeline ARCO_105 still has reduced capacity: 0.0 due to Intrinsic Fault
pipeline ARCO_3 still has reduced capacity: 9.688 due to Intrinsic Fault
pipeline ARCO_90 still has reduced capacity: 1.6 due to Intrinsic Fault
pipeline ARCO_91 still has reduced capacity: 9.688 due to Intrinsic Fault
pipeline ARCO_92 still has reduced capacity: 39.328 due to Intrinsic Fault
pipeline V_EDGE_53_9 still has reduced capacity: 5.68 due to Intrinsic Fault
pipeline ARCO_20 still has reduced capacity: 1.6 due to Intrinsic Fault
pipeline ARCO_21 still has reduced capacity: 9.688 due to Intrinsic Fault
pipeline ARCO_22 still has reduced capacity: 39.328 due to Intrinsic Fault
pipeline ARCO_73 still has reduced capacity: 9.688 due to Intrinsic Fault
Propagate Heavy Faults
Propagate Attacks
Inject Intrinsic Failure To Source
Source NODO_2 is failing for an Intrinsic Fault in day: 297
pipeline ARCO_70 has reduced capacity due to NODO_2 Intrinsic fault
pipeline V_EDGE_53_0 has reduced capacity due to NODO_2 Intrinsic fault
pipeline ARCO_0 has reduced capacity due to NODO_2 Intrinsic fault
Inject Heavy Fault To Sources
Inject Attack Multiple To Source
Inject Intrinsic Fault To Pipeline
Inject Heavy Fault To Pipeline
Inject Attack To Pipeline
----------- Statistics ------------
	Sources Under Attack: 0
	Sources with Heavy Fault: 0
	Sources with Intrinsic Fault: 3
	Arcs with reduce capacity due to Attack: 0
	Arcs with reduce capacity due to Heavy Fault: 0
	Arcs with reduce capacity due to Intrinsic Fault: 19
	Arcs with Attacks: 0
	Arcs with Heavy Fault: 0
	Arcs with Intrinsic Fault: 0
--------- SOURCES STATISTICS ---------------
Demand del real Source[0]: -31.0, flusso erogato: 10.05, flusso entrante: 0.0, efficienza: 32.41935483870968 %
Demand del real Source[8]: -10.5, flusso erogato: 7.85, flusso entrante: 0.0, efficienza: 74.76190476190476 %
Demand del real Source[9]: -7.1, flusso erogato: 14.729999999999999, flusso entrante: 9.050000000000004, efficienza: 207.46478873239437 %
Demand del real Source[17]: -25.0, flusso erogato: 0.0, flusso entrante: 0.0, efficienza: 0.0 %
Flusso totale entrante nei Real Source: 9.050000000000004
Flusso totale uscente dai Real Source: 32.63
Flusso netto sui real Source: -23.58
--- SINKS STATISTICS ---
Sink 3 SODDISFATTO. Flusso netto: 3.4299999999999997, Demand: 3.43, percentage: 99.99999999999999
Sink 4 SODDISFATTO. Flusso netto: 0.5700000000000003, Demand: 0.57, percentage: 100.00000000000007
Sink 5 SODDISFATTO. Flusso netto: 0.6600000000000001, Demand: 0.66, percentage: 100.00000000000003
Sink 11 SODDISFATTO. Flusso netto: 1.0299999999999978, Demand: 1.03, percentage: 99.99999999999979
Sink 15 SODDISFATTO. Flusso netto: 0.46000000000000263, Demand: 0.46, percentage: 100.00000000000058
Sink 16 non è soddisfatto. Flusso netto: 2.83, Demand: 8.4, percentage: 33.69047619047619
Sink 19 non è soddisfatto. Flusso netto: 0.0, Demand: 0.54, percentage: 0.0
Sink 23 non è soddisfatto. Flusso netto: 0.0, Demand: 0.6, percentage: 0.0
Sink 24 non è soddisfatto. Flusso netto: 0.0, Demand: 0.8, percentage: 0.0
Sink 25 non è soddisfatto. Flusso netto: 0.0, Demand: 3.5, percentage: 0.0
Sink 26 non è soddisfatto. Flusso netto: 0.0, Demand: 6.0, percentage: 0.0
Sink 28 non è soddisfatto. Flusso netto: 0.0, Demand: 0.4, percentage: 0.0
Sink 30 non è soddisfatto. Flusso netto: 0.0, Demand: 0.98, percentage: 0.0
Sink 31 non è soddisfatto. Flusso netto: 0.0, Demand: 0.4, percentage: 0.0
Sink 32 SODDISFATTO. Flusso netto: 1.0000000000000009, Demand: 1.0, percentage: 100.00000000000009
Sink 34 SODDISFATTO. Flusso netto: 1.7400000000000002, Demand: 1.74, percentage: 100.00000000000003
Sink 35 SODDISFATTO. Flusso netto: 1.3, Demand: 1.3, percentage: 100.0
Sink 37 SODDISFATTO. Flusso netto: 1.0, Demand: 1.0, percentage: 100.0
Sink 39 non è soddisfatto. Flusso netto: 0.0, Demand: 0.4, percentage: 0.0
Sink 40 non è soddisfatto. Flusso netto: 0.0, Demand: 0.5, percentage: 0.0
Sink 41 SODDISFATTO. Flusso netto: 1.0600000000000005, Demand: 1.06, percentage: 100.00000000000004
Sink 42 SODDISFATTO. Flusso netto: 2.819999999999999, Demand: 2.82, percentage: 99.99999999999997
Sink 45 SODDISFATTO. Flusso netto: 0.6800000000000002, Demand: 0.68, percentage: 100.00000000000003
Sink 46 SODDISFATTO. Flusso netto: 1.17, Demand: 1.17, percentage: 100.0
Sink 49 non è soddisfatto. Flusso netto: 3.83, Demand: 7.0, percentage: 54.714285714285715
Flusso totale entrante nei SINK: 42.402
Flusso totale uscente nei SINK: 18.822000000000003
Flusso totale netto nei SINK: 23.58
Total DEMAND dei SINK: 46.44
Percentual di flusso ai SINK: 0.5077519379844961
Numero di Sink soddisfatti: 13.0, numero totale di sink: 25.0
Percentuale di Sink soddisfatti: 0.52

---------------------------------- DAY 298

Update Fixed Elements from Intrinsic Faults
Source NODO_19 fixed from Intrinsic Fault
Pipeline ARCO_35 fixed due to Source NODO_19 fixing from Intrinsic Fault
Pipeline ARCO_109 fixed due to Source NODO_19 fixing from Intrinsic Fault
Pipeline ARCO_110 fixed due to Source NODO_19 fixing from Intrinsic Fault
Pipeline V_EDGE_53_17 fixed due to Source NODO_19 fixing from Intrinsic Fault
Pipeline ARCO_39 fixed due to Source NODO_19 fixing from Intrinsic Fault
Pipeline ARCO_40 fixed due to Source NODO_19 fixing from Intrinsic Fault
Pipeline ARCO_105 fixed due to Source NODO_19 fixing from Intrinsic Fault
Source NODO_11 fixed from Intrinsic Fault
Pipeline ARCO_3 fixed due to Source NODO_11 fixing from Intrinsic Fault
Pipeline ARCO_90 fixed due to Source NODO_11 fixing from Intrinsic Fault
Pipeline ARCO_91 fixed due to Source NODO_11 fixing from Intrinsic Fault
Pipeline ARCO_92 fixed due to Source NODO_11 fixing from Intrinsic Fault
Pipeline V_EDGE_53_9 fixed due to Source NODO_11 fixing from Intrinsic Fault
Pipeline ARCO_20 fixed due to Source NODO_11 fixing from Intrinsic Fault
Pipeline ARCO_21 fixed due to Source NODO_11 fixing from Intrinsic Fault
Pipeline ARCO_22 fixed due to Source NODO_11 fixing from Intrinsic Fault
Pipeline ARCO_73 fixed due to Source NODO_11 fixing from Intrinsic Fault
Update Fixed Elements from Heavy Faults
Update Fixed Elements from Attack
Propagate Intrinsic Fault
Node NODO_2 has still failing due to Intrinsic Fault
pipeline ARCO_70 still has reduced capacity: 24.8 due to Intrinsic Fault
pipeline V_EDGE_53_0 still has reduced capacity: 24.8 due to Intrinsic Fault
pipeline ARCO_0 still has reduced capacity: 24.8 due to Intrinsic Fault
Propagate Heavy Faults
Propagate Attacks
Inject Intrinsic Failure To Source
Inject Heavy Fault To Sources
Inject Attack Multiple To Source
Inject Intrinsic Fault To Pipeline
Inject Heavy Fault To Pipeline
Inject Attack To Pipeline
----------- Statistics ------------
	Sources Under Attack: 0
	Sources with Heavy Fault: 0
	Sources with Intrinsic Fault: 1
	Arcs with reduce capacity due to Attack: 0
	Arcs with reduce capacity due to Heavy Fault: 0
	Arcs with reduce capacity due to Intrinsic Fault: 3
	Arcs with Attacks: 0
	Arcs with Heavy Fault: 0
	Arcs with Intrinsic Fault: 0
--------- SOURCES STATISTICS ---------------
Demand del real Source[0]: -31.0, flusso erogato: 8.069999999999997, flusso entrante: 0.0, efficienza: 26.032258064516117 %
Demand del real Source[8]: -10.5, flusso erogato: 3.8600000000000003, flusso entrante: 0.0, efficienza: 36.76190476190476 %
Demand del real Source[9]: -7.1, flusso erogato: 14.169999999999996, flusso entrante: 7.070000000000007, efficienza: 199.57746478873236 %
Demand del real Source[17]: -25.0, flusso erogato: 25.000000000000007, flusso entrante: 0.0, efficienza: 100.00000000000003 %
Flusso totale entrante nei Real Source: 7.070000000000007
Flusso totale uscente dai Real Source: 51.1
Flusso netto sui real Source: -44.029999999999994
--- SINKS STATISTICS ---
Sink 3 SODDISFATTO. Flusso netto: 3.4299999999999997, Demand: 3.43, percentage: 99.99999999999999
Sink 4 SODDISFATTO. Flusso netto: 0.5700000000000003, Demand: 0.57, percentage: 100.00000000000007
Sink 5 SODDISFATTO. Flusso netto: 0.6600000000000019, Demand: 0.66, percentage: 100.00000000000028
Sink 11 SODDISFATTO. Flusso netto: 1.03, Demand: 1.03, percentage: 100.0
Sink 15 SODDISFATTO. Flusso netto: 0.4600000000000044, Demand: 0.46, percentage: 100.00000000000095
Sink 16 SODDISFATTO. Flusso netto: 8.399999999999993, Demand: 8.4, percentage: 99.99999999999991
Sink 19 SODDISFATTO. Flusso netto: 0.5399999999999938, Demand: 0.54, percentage: 99.99999999999885
Sink 23 SODDISFATTO. Flusso netto: 0.5999999999999996, Demand: 0.6, percentage: 99.99999999999994
Sink 24 SODDISFATTO. Flusso netto: 0.8000000000000007, Demand: 0.8, percentage: 100.00000000000009
Sink 25 SODDISFATTO. Flusso netto: 3.5, Demand: 3.5, percentage: 100.0
Sink 26 SODDISFATTO. Flusso netto: 6.000000000000007, Demand: 6.0, percentage: 100.00000000000011
Sink 28 SODDISFATTO. Flusso netto: 0.4, Demand: 0.4, percentage: 100.0
Sink 30 SODDISFATTO. Flusso netto: 0.9799999999999933, Demand: 0.98, percentage: 99.99999999999932
Sink 31 SODDISFATTO. Flusso netto: 0.3999999999999999, Demand: 0.4, percentage: 99.99999999999997
Sink 32 SODDISFATTO. Flusso netto: 0.9999999999999989, Demand: 1.0, percentage: 99.99999999999989
Sink 34 SODDISFATTO. Flusso netto: 1.7400000000000002, Demand: 1.74, percentage: 100.00000000000003
Sink 35 SODDISFATTO. Flusso netto: 1.3, Demand: 1.3, percentage: 100.0
Sink 37 SODDISFATTO. Flusso netto: 1.0, Demand: 1.0, percentage: 100.0
Sink 39 SODDISFATTO. Flusso netto: 0.40000000000000036, Demand: 0.4, percentage: 100.00000000000009
Sink 40 SODDISFATTO. Flusso netto: 0.5, Demand: 0.5, percentage: 100.0
Sink 41 SODDISFATTO. Flusso netto: 1.0600000000000005, Demand: 1.06, percentage: 100.00000000000004
Sink 42 SODDISFATTO. Flusso netto: 2.8200000000000007, Demand: 2.82, percentage: 100.00000000000003
Sink 45 SODDISFATTO. Flusso netto: 0.6800000000000002, Demand: 0.68, percentage: 100.00000000000003
Sink 46 SODDISFATTO. Flusso netto: 1.17, Demand: 1.17, percentage: 100.0
Sink 49 non è soddisfatto. Flusso netto: 4.59, Demand: 7.0, percentage: 65.57142857142857
Flusso totale entrante nei SINK: 86.46000000000001
Flusso totale uscente nei SINK: 42.430000000000014
Flusso totale netto nei SINK: 44.029999999999994
Total DEMAND dei SINK: 46.44
Percentual di flusso ai SINK: 0.9481050818260119
Numero di Sink soddisfatti: 24.0, numero totale di sink: 25.0
Percentuale di Sink soddisfatti: 0.96

---------------------------------- DAY 299

Update Fixed Elements from Intrinsic Faults
Update Fixed Elements from Heavy Faults
Update Fixed Elements from Attack
Propagate Intrinsic Fault
Node NODO_2 has still failing due to Intrinsic Fault
pipeline ARCO_70 still has reduced capacity: 24.8 due to Intrinsic Fault
pipeline V_EDGE_53_0 still has reduced capacity: 24.8 due to Intrinsic Fault
pipeline ARCO_0 still has reduced capacity: 24.8 due to Intrinsic Fault
Propagate Heavy Faults
Propagate Attacks
Inject Intrinsic Failure To Source
Source NODO_2 is failing for an Intrinsic Fault in day: 299
pipeline ARCO_70 has reduced capacity due to NODO_2 Intrinsic fault
pipeline V_EDGE_53_0 has reduced capacity due to NODO_2 Intrinsic fault
pipeline ARCO_0 has reduced capacity due to NODO_2 Intrinsic fault
Inject Heavy Fault To Sources
Inject Attack Multiple To Source
Inject Intrinsic Fault To Pipeline
Inject Heavy Fault To Pipeline
Inject Attack To Pipeline
----------- Statistics ------------
	Sources Under Attack: 0
	Sources with Heavy Fault: 0
	Sources with Intrinsic Fault: 1
	Arcs with reduce capacity due to Attack: 0
	Arcs with reduce capacity due to Heavy Fault: 0
	Arcs with reduce capacity due to Intrinsic Fault: 3
	Arcs with Attacks: 0
	Arcs with Heavy Fault: 0
	Arcs with Intrinsic Fault: 0
--------- SOURCES STATISTICS ---------------
Demand del real Source[0]: -31.0, flusso erogato: 8.069999999999997, flusso entrante: 0.0, efficienza: 26.032258064516117 %
Demand del real Source[8]: -10.5, flusso erogato: 3.8600000000000003, flusso entrante: 0.0, efficienza: 36.76190476190476 %
Demand del real Source[9]: -7.1, flusso erogato: 14.169999999999996, flusso entrante: 7.070000000000007, efficienza: 199.57746478873236 %
Demand del real Source[17]: -25.0, flusso erogato: 25.000000000000007, flusso entrante: 0.0, efficienza: 100.00000000000003 %
Flusso totale entrante nei Real Source: 7.070000000000007
Flusso totale uscente dai Real Source: 51.1
Flusso netto sui real Source: -44.029999999999994
--- SINKS STATISTICS ---
Sink 3 SODDISFATTO. Flusso netto: 3.4299999999999997, Demand: 3.43, percentage: 99.99999999999999
Sink 4 SODDISFATTO. Flusso netto: 0.5700000000000003, Demand: 0.57, percentage: 100.00000000000007
Sink 5 SODDISFATTO. Flusso netto: 0.6600000000000019, Demand: 0.66, percentage: 100.00000000000028
Sink 11 SODDISFATTO. Flusso netto: 1.03, Demand: 1.03, percentage: 100.0
Sink 15 SODDISFATTO. Flusso netto: 0.4600000000000044, Demand: 0.46, percentage: 100.00000000000095
Sink 16 SODDISFATTO. Flusso netto: 8.399999999999993, Demand: 8.4, percentage: 99.99999999999991
Sink 19 SODDISFATTO. Flusso netto: 0.5399999999999938, Demand: 0.54, percentage: 99.99999999999885
Sink 23 SODDISFATTO. Flusso netto: 0.5999999999999996, Demand: 0.6, percentage: 99.99999999999994
Sink 24 SODDISFATTO. Flusso netto: 0.8000000000000007, Demand: 0.8, percentage: 100.00000000000009
Sink 25 SODDISFATTO. Flusso netto: 3.5, Demand: 3.5, percentage: 100.0
Sink 26 SODDISFATTO. Flusso netto: 6.000000000000007, Demand: 6.0, percentage: 100.00000000000011
Sink 28 SODDISFATTO. Flusso netto: 0.4, Demand: 0.4, percentage: 100.0
Sink 30 SODDISFATTO. Flusso netto: 0.9799999999999933, Demand: 0.98, percentage: 99.99999999999932
Sink 31 SODDISFATTO. Flusso netto: 0.3999999999999999, Demand: 0.4, percentage: 99.99999999999997
Sink 32 SODDISFATTO. Flusso netto: 0.9999999999999989, Demand: 1.0, percentage: 99.99999999999989
Sink 34 SODDISFATTO. Flusso netto: 1.7400000000000002, Demand: 1.74, percentage: 100.00000000000003
Sink 35 SODDISFATTO. Flusso netto: 1.3, Demand: 1.3, percentage: 100.0
Sink 37 SODDISFATTO. Flusso netto: 1.0, Demand: 1.0, percentage: 100.0
Sink 39 SODDISFATTO. Flusso netto: 0.40000000000000036, Demand: 0.4, percentage: 100.00000000000009
Sink 40 SODDISFATTO. Flusso netto: 0.5, Demand: 0.5, percentage: 100.0
Sink 41 SODDISFATTO. Flusso netto: 1.0600000000000005, Demand: 1.06, percentage: 100.00000000000004
Sink 42 SODDISFATTO. Flusso netto: 2.8200000000000007, Demand: 2.82, percentage: 100.00000000000003
Sink 45 SODDISFATTO. Flusso netto: 0.6800000000000002, Demand: 0.68, percentage: 100.00000000000003
Sink 46 SODDISFATTO. Flusso netto: 1.17, Demand: 1.17, percentage: 100.0
Sink 49 non è soddisfatto. Flusso netto: 4.59, Demand: 7.0, percentage: 65.57142857142857
Flusso totale entrante nei SINK: 86.46000000000001
Flusso totale uscente nei SINK: 42.430000000000014
Flusso totale netto nei SINK: 44.029999999999994
Total DEMAND dei SINK: 46.44
Percentual di flusso ai SINK: 0.9481050818260119
Numero di Sink soddisfatti: 24.0, numero totale di sink: 25.0
Percentuale di Sink soddisfatti: 0.96

---------------------------------- DAY 300

Update Fixed Elements from Intrinsic Faults
Source NODO_2 fixed from Intrinsic Fault
Pipeline ARCO_70 fixed due to Source NODO_2 fixing from Intrinsic Fault
Pipeline V_EDGE_53_0 fixed due to Source NODO_2 fixing from Intrinsic Fault
Pipeline ARCO_0 fixed due to Source NODO_2 fixing from Intrinsic Fault
Update Fixed Elements from Heavy Faults
Update Fixed Elements from Attack
Propagate Intrinsic Fault
Propagate Heavy Faults
Propagate Attacks
Inject Intrinsic Failure To Source
Inject Heavy Fault To Sources
Inject Attack Multiple To Source
Inject Intrinsic Fault To Pipeline
Inject Heavy Fault To Pipeline
Inject Attack To Pipeline
----------- Statistics ------------
	Sources Under Attack: 0
	Sources with Heavy Fault: 0
	Sources with Intrinsic Fault: 0
	Arcs with reduce capacity due to Attack: 0
	Arcs with reduce capacity due to Heavy Fault: 0
	Arcs with reduce capacity due to Intrinsic Fault: 0
	Arcs with Attacks: 0
	Arcs with Heavy Fault: 0
	Arcs with Intrinsic Fault: 0
--------- SOURCES STATISTICS ---------------
Demand del real Source[0]: -31.0, flusso erogato: 8.069999999999997, flusso entrante: 0.0, efficienza: 26.032258064516117 %
Demand del real Source[8]: -10.5, flusso erogato: 3.8600000000000003, flusso entrante: 0.0, efficienza: 36.76190476190476 %
Demand del real Source[9]: -7.1, flusso erogato: 14.169999999999996, flusso entrante: 7.070000000000007, efficienza: 199.57746478873236 %
Demand del real Source[17]: -25.0, flusso erogato: 25.000000000000007, flusso entrante: 0.0, efficienza: 100.00000000000003 %
Flusso totale entrante nei Real Source: 7.070000000000007
Flusso totale uscente dai Real Source: 51.1
Flusso netto sui real Source: -44.029999999999994
--- SINKS STATISTICS ---
Sink 3 SODDISFATTO. Flusso netto: 3.4299999999999997, Demand: 3.43, percentage: 99.99999999999999
Sink 4 SODDISFATTO. Flusso netto: 0.5700000000000003, Demand: 0.57, percentage: 100.00000000000007
Sink 5 SODDISFATTO. Flusso netto: 0.6600000000000019, Demand: 0.66, percentage: 100.00000000000028
Sink 11 SODDISFATTO. Flusso netto: 1.03, Demand: 1.03, percentage: 100.0
Sink 15 SODDISFATTO. Flusso netto: 0.4600000000000044, Demand: 0.46, percentage: 100.00000000000095
Sink 16 SODDISFATTO. Flusso netto: 8.399999999999993, Demand: 8.4, percentage: 99.99999999999991
Sink 19 SODDISFATTO. Flusso netto: 0.5399999999999938, Demand: 0.54, percentage: 99.99999999999885
Sink 23 SODDISFATTO. Flusso netto: 0.5999999999999996, Demand: 0.6, percentage: 99.99999999999994
Sink 24 SODDISFATTO. Flusso netto: 0.8000000000000007, Demand: 0.8, percentage: 100.00000000000009
Sink 25 SODDISFATTO. Flusso netto: 3.5, Demand: 3.5, percentage: 100.0
Sink 26 SODDISFATTO. Flusso netto: 6.000000000000007, Demand: 6.0, percentage: 100.00000000000011
Sink 28 SODDISFATTO. Flusso netto: 0.4, Demand: 0.4, percentage: 100.0
Sink 30 SODDISFATTO. Flusso netto: 0.9799999999999933, Demand: 0.98, percentage: 99.99999999999932
Sink 31 SODDISFATTO. Flusso netto: 0.3999999999999999, Demand: 0.4, percentage: 99.99999999999997
Sink 32 SODDISFATTO. Flusso netto: 0.9999999999999989, Demand: 1.0, percentage: 99.99999999999989
Sink 34 SODDISFATTO. Flusso netto: 1.7400000000000002, Demand: 1.74, percentage: 100.00000000000003
Sink 35 SODDISFATTO. Flusso netto: 1.3, Demand: 1.3, percentage: 100.0
Sink 37 SODDISFATTO. Flusso netto: 1.0, Demand: 1.0, percentage: 100.0
Sink 39 SODDISFATTO. Flusso netto: 0.40000000000000036, Demand: 0.4, percentage: 100.00000000000009
Sink 40 SODDISFATTO. Flusso netto: 0.5, Demand: 0.5, percentage: 100.0
Sink 41 SODDISFATTO. Flusso netto: 1.0600000000000005, Demand: 1.06, percentage: 100.00000000000004
Sink 42 SODDISFATTO. Flusso netto: 2.8200000000000007, Demand: 2.82, percentage: 100.00000000000003
Sink 45 SODDISFATTO. Flusso netto: 0.6800000000000002, Demand: 0.68, percentage: 100.00000000000003
Sink 46 SODDISFATTO. Flusso netto: 1.17, Demand: 1.17, percentage: 100.0
Sink 49 non è soddisfatto. Flusso netto: 4.59, Demand: 7.0, percentage: 65.57142857142857
Flusso totale entrante nei SINK: 86.46000000000001
Flusso totale uscente nei SINK: 42.430000000000014
Flusso totale netto nei SINK: 44.029999999999994
Total DEMAND dei SINK: 46.44
Percentual di flusso ai SINK: 0.9481050818260119
Numero di Sink soddisfatti: 24.0, numero totale di sink: 25.0
Percentuale di Sink soddisfatti: 0.96

---------------------------------- DAY 301

Update Fixed Elements from Intrinsic Faults
Update Fixed Elements from Heavy Faults
Update Fixed Elements from Attack
Propagate Intrinsic Fault
Propagate Heavy Faults
Propagate Attacks
Inject Intrinsic Failure To Source
Inject Heavy Fault To Sources
Inject Attack Multiple To Source
Inject Intrinsic Fault To Pipeline
Inject Heavy Fault To Pipeline
Inject Attack To Pipeline
----------- Statistics ------------
	Sources Under Attack: 0
	Sources with Heavy Fault: 0
	Sources with Intrinsic Fault: 0
	Arcs with reduce capacity due to Attack: 0
	Arcs with reduce capacity due to Heavy Fault: 0
	Arcs with reduce capacity due to Intrinsic Fault: 0
	Arcs with Attacks: 0
	Arcs with Heavy Fault: 0
	Arcs with Intrinsic Fault: 0
--------- SOURCES STATISTICS ---------------
Demand del real Source[0]: -31.0, flusso erogato: 8.069999999999997, flusso entrante: 0.0, efficienza: 26.032258064516117 %
Demand del real Source[8]: -10.5, flusso erogato: 3.8600000000000003, flusso entrante: 0.0, efficienza: 36.76190476190476 %
Demand del real Source[9]: -7.1, flusso erogato: 14.169999999999996, flusso entrante: 7.070000000000007, efficienza: 199.57746478873236 %
Demand del real Source[17]: -25.0, flusso erogato: 25.000000000000007, flusso entrante: 0.0, efficienza: 100.00000000000003 %
Flusso totale entrante nei Real Source: 7.070000000000007
Flusso totale uscente dai Real Source: 51.1
Flusso netto sui real Source: -44.029999999999994
--- SINKS STATISTICS ---
Sink 3 SODDISFATTO. Flusso netto: 3.4299999999999997, Demand: 3.43, percentage: 99.99999999999999
Sink 4 SODDISFATTO. Flusso netto: 0.5700000000000003, Demand: 0.57, percentage: 100.00000000000007
Sink 5 SODDISFATTO. Flusso netto: 0.6600000000000019, Demand: 0.66, percentage: 100.00000000000028
Sink 11 SODDISFATTO. Flusso netto: 1.03, Demand: 1.03, percentage: 100.0
Sink 15 SODDISFATTO. Flusso netto: 0.4600000000000044, Demand: 0.46, percentage: 100.00000000000095
Sink 16 SODDISFATTO. Flusso netto: 8.399999999999993, Demand: 8.4, percentage: 99.99999999999991
Sink 19 SODDISFATTO. Flusso netto: 0.5399999999999938, Demand: 0.54, percentage: 99.99999999999885
Sink 23 SODDISFATTO. Flusso netto: 0.5999999999999996, Demand: 0.6, percentage: 99.99999999999994
Sink 24 SODDISFATTO. Flusso netto: 0.8000000000000007, Demand: 0.8, percentage: 100.00000000000009
Sink 25 SODDISFATTO. Flusso netto: 3.5, Demand: 3.5, percentage: 100.0
Sink 26 SODDISFATTO. Flusso netto: 6.000000000000007, Demand: 6.0, percentage: 100.00000000000011
Sink 28 SODDISFATTO. Flusso netto: 0.4, Demand: 0.4, percentage: 100.0
Sink 30 SODDISFATTO. Flusso netto: 0.9799999999999933, Demand: 0.98, percentage: 99.99999999999932
Sink 31 SODDISFATTO. Flusso netto: 0.3999999999999999, Demand: 0.4, percentage: 99.99999999999997
Sink 32 SODDISFATTO. Flusso netto: 0.9999999999999989, Demand: 1.0, percentage: 99.99999999999989
Sink 34 SODDISFATTO. Flusso netto: 1.7400000000000002, Demand: 1.74, percentage: 100.00000000000003
Sink 35 SODDISFATTO. Flusso netto: 1.3, Demand: 1.3, percentage: 100.0
Sink 37 SODDISFATTO. Flusso netto: 1.0, Demand: 1.0, percentage: 100.0
Sink 39 SODDISFATTO. Flusso netto: 0.40000000000000036, Demand: 0.4, percentage: 100.00000000000009
Sink 40 SODDISFATTO. Flusso netto: 0.5, Demand: 0.5, percentage: 100.0
Sink 41 SODDISFATTO. Flusso netto: 1.0600000000000005, Demand: 1.06, percentage: 100.00000000000004
Sink 42 SODDISFATTO. Flusso netto: 2.8200000000000007, Demand: 2.82, percentage: 100.00000000000003
Sink 45 SODDISFATTO. Flusso netto: 0.6800000000000002, Demand: 0.68, percentage: 100.00000000000003
Sink 46 SODDISFATTO. Flusso netto: 1.17, Demand: 1.17, percentage: 100.0
Sink 49 non è soddisfatto. Flusso netto: 4.59, Demand: 7.0, percentage: 65.57142857142857
Flusso totale entrante nei SINK: 86.46000000000001
Flusso totale uscente nei SINK: 42.430000000000014
Flusso totale netto nei SINK: 44.029999999999994
Total DEMAND dei SINK: 46.44
Percentual di flusso ai SINK: 0.9481050818260119
Numero di Sink soddisfatti: 24.0, numero totale di sink: 25.0
Percentuale di Sink soddisfatti: 0.96

---------------------------------- DAY 302

Update Fixed Elements from Intrinsic Faults
Update Fixed Elements from Heavy Faults
Update Fixed Elements from Attack
Propagate Intrinsic Fault
Propagate Heavy Faults
Propagate Attacks
Inject Intrinsic Failure To Source
Source NODO_19 is failing for an Intrinsic Fault in day: 302
pipeline ARCO_35 has reduced capacity due to NODO_19 Intrinsic fault
pipeline ARCO_109 has reduced capacity due to NODO_19 Intrinsic fault
pipeline ARCO_110 has reduced capacity due to NODO_19 Intrinsic fault
pipeline V_EDGE_53_17 has reduced capacity due to NODO_19 Intrinsic fault
pipeline ARCO_39 has reduced capacity due to NODO_19 Intrinsic fault
pipeline ARCO_40 has reduced capacity due to NODO_19 Intrinsic fault
pipeline ARCO_105 has reduced capacity due to NODO_19 Intrinsic fault
Inject Heavy Fault To Sources
Inject Attack Multiple To Source
Inject Intrinsic Fault To Pipeline
Inject Heavy Fault To Pipeline
Inject Attack To Pipeline
----------- Statistics ------------
	Sources Under Attack: 0
	Sources with Heavy Fault: 0
	Sources with Intrinsic Fault: 1
	Arcs with reduce capacity due to Attack: 0
	Arcs with reduce capacity due to Heavy Fault: 0
	Arcs with reduce capacity due to Intrinsic Fault: 7
	Arcs with Attacks: 0
	Arcs with Heavy Fault: 0
	Arcs with Intrinsic Fault: 0
--------- SOURCES STATISTICS ---------------
Demand del real Source[0]: -31.0, flusso erogato: 9.79, flusso entrante: 0.0, efficienza: 31.58064516129032 %
Demand del real Source[8]: -10.5, flusso erogato: 7.45, flusso entrante: 0.0, efficienza: 70.95238095238095 %
Demand del real Source[9]: -7.1, flusso erogato: 15.889999999999999, flusso entrante: 8.790000000000006, efficienza: 223.80281690140845 %
Demand del real Source[17]: -25.0, flusso erogato: 0.0, flusso entrante: 0.0, efficienza: 0.0 %
Flusso totale entrante nei Real Source: 8.790000000000006
Flusso totale uscente dai Real Source: 33.13
Flusso netto sui real Source: -24.339999999999996
--- SINKS STATISTICS ---
Sink 3 SODDISFATTO. Flusso netto: 3.4299999999999997, Demand: 3.43, percentage: 99.99999999999999
Sink 4 SODDISFATTO. Flusso netto: 0.5700000000000003, Demand: 0.57, percentage: 100.00000000000007
Sink 5 SODDISFATTO. Flusso netto: 0.6600000000000019, Demand: 0.66, percentage: 100.00000000000028
Sink 11 SODDISFATTO. Flusso netto: 1.0299999999999978, Demand: 1.03, percentage: 99.99999999999979
Sink 15 SODDISFATTO. Flusso netto: 0.46000000000000263, Demand: 0.46, percentage: 100.00000000000058
Sink 16 non è soddisfatto. Flusso netto: 2.83, Demand: 8.4, percentage: 33.69047619047619
Sink 19 non è soddisfatto. Flusso netto: 0.0, Demand: 0.54, percentage: 0.0
Sink 23 non è soddisfatto. Flusso netto: 0.0, Demand: 0.6, percentage: 0.0
Sink 24 non è soddisfatto. Flusso netto: 0.0, Demand: 0.8, percentage: 0.0
Sink 25 non è soddisfatto. Flusso netto: 0.0, Demand: 3.5, percentage: 0.0
Sink 26 non è soddisfatto. Flusso netto: 0.0, Demand: 6.0, percentage: 0.0
Sink 28 non è soddisfatto. Flusso netto: 0.0, Demand: 0.4, percentage: 0.0
Sink 30 non è soddisfatto. Flusso netto: 0.0, Demand: 0.98, percentage: 0.0
Sink 31 non è soddisfatto. Flusso netto: 0.0, Demand: 0.4, percentage: 0.0
Sink 32 SODDISFATTO. Flusso netto: 1.0, Demand: 1.0, percentage: 100.0
Sink 34 SODDISFATTO. Flusso netto: 1.7400000000000002, Demand: 1.74, percentage: 100.00000000000003
Sink 35 SODDISFATTO. Flusso netto: 1.3, Demand: 1.3, percentage: 100.0
Sink 37 SODDISFATTO. Flusso netto: 1.0, Demand: 1.0, percentage: 100.0
Sink 39 non è soddisfatto. Flusso netto: 0.0, Demand: 0.4, percentage: 0.0
Sink 40 non è soddisfatto. Flusso netto: 0.0, Demand: 0.5, percentage: 0.0
Sink 41 SODDISFATTO. Flusso netto: 1.0600000000000005, Demand: 1.06, percentage: 100.00000000000004
Sink 42 SODDISFATTO. Flusso netto: 2.8200000000000007, Demand: 2.82, percentage: 100.00000000000003
Sink 45 SODDISFATTO. Flusso netto: 0.6800000000000002, Demand: 0.68, percentage: 100.00000000000003
Sink 46 SODDISFATTO. Flusso netto: 1.17, Demand: 1.17, percentage: 100.0
Sink 49 non è soddisfatto. Flusso netto: 4.59, Demand: 7.0, percentage: 65.57142857142857
Flusso totale entrante nei SINK: 43.980000000000004
Flusso totale uscente nei SINK: 19.639999999999997
Flusso totale netto nei SINK: 24.340000000000007
Total DEMAND dei SINK: 46.44
Percentual di flusso ai SINK: 0.5241171403962104
Numero di Sink soddisfatti: 13.0, numero totale di sink: 25.0
Percentuale di Sink soddisfatti: 0.52

---------------------------------- DAY 303

Update Fixed Elements from Intrinsic Faults
Update Fixed Elements from Heavy Faults
Update Fixed Elements from Attack
Propagate Intrinsic Fault
Node NODO_19 has still failing due to Intrinsic Fault
pipeline ARCO_35 still has reduced capacity: 0.0 due to Intrinsic Fault
pipeline ARCO_109 still has reduced capacity: 0.0 due to Intrinsic Fault
pipeline ARCO_110 still has reduced capacity: 0.0 due to Intrinsic Fault
pipeline V_EDGE_53_17 still has reduced capacity: 0.0 due to Intrinsic Fault
pipeline ARCO_39 still has reduced capacity: 0.0 due to Intrinsic Fault
pipeline ARCO_40 still has reduced capacity: 0.0 due to Intrinsic Fault
pipeline ARCO_105 still has reduced capacity: 0.0 due to Intrinsic Fault
Propagate Heavy Faults
Propagate Attacks
Inject Intrinsic Failure To Source
Inject Heavy Fault To Sources
Inject Attack Multiple To Source
Inject Intrinsic Fault To Pipeline
Inject Heavy Fault To Pipeline
Inject Attack To Pipeline
----------- Statistics ------------
	Sources Under Attack: 0
	Sources with Heavy Fault: 0
	Sources with Intrinsic Fault: 1
	Arcs with reduce capacity due to Attack: 0
	Arcs with reduce capacity due to Heavy Fault: 0
	Arcs with reduce capacity due to Intrinsic Fault: 7
	Arcs with Attacks: 0
	Arcs with Heavy Fault: 0
	Arcs with Intrinsic Fault: 0
--------- SOURCES STATISTICS ---------------
Demand del real Source[0]: -31.0, flusso erogato: 9.79, flusso entrante: 0.0, efficienza: 31.58064516129032 %
Demand del real Source[8]: -10.5, flusso erogato: 7.45, flusso entrante: 0.0, efficienza: 70.95238095238095 %
Demand del real Source[9]: -7.1, flusso erogato: 15.889999999999999, flusso entrante: 8.790000000000006, efficienza: 223.80281690140845 %
Demand del real Source[17]: -25.0, flusso erogato: 0.0, flusso entrante: 0.0, efficienza: 0.0 %
Flusso totale entrante nei Real Source: 8.790000000000006
Flusso totale uscente dai Real Source: 33.13
Flusso netto sui real Source: -24.339999999999996
--- SINKS STATISTICS ---
Sink 3 SODDISFATTO. Flusso netto: 3.4299999999999997, Demand: 3.43, percentage: 99.99999999999999
Sink 4 SODDISFATTO. Flusso netto: 0.5700000000000003, Demand: 0.57, percentage: 100.00000000000007
Sink 5 SODDISFATTO. Flusso netto: 0.6600000000000019, Demand: 0.66, percentage: 100.00000000000028
Sink 11 SODDISFATTO. Flusso netto: 1.0299999999999978, Demand: 1.03, percentage: 99.99999999999979
Sink 15 SODDISFATTO. Flusso netto: 0.46000000000000263, Demand: 0.46, percentage: 100.00000000000058
Sink 16 non è soddisfatto. Flusso netto: 2.83, Demand: 8.4, percentage: 33.69047619047619
Sink 19 non è soddisfatto. Flusso netto: 0.0, Demand: 0.54, percentage: 0.0
Sink 23 non è soddisfatto. Flusso netto: 0.0, Demand: 0.6, percentage: 0.0
Sink 24 non è soddisfatto. Flusso netto: 0.0, Demand: 0.8, percentage: 0.0
Sink 25 non è soddisfatto. Flusso netto: 0.0, Demand: 3.5, percentage: 0.0
Sink 26 non è soddisfatto. Flusso netto: 0.0, Demand: 6.0, percentage: 0.0
Sink 28 non è soddisfatto. Flusso netto: 0.0, Demand: 0.4, percentage: 0.0
Sink 30 non è soddisfatto. Flusso netto: 0.0, Demand: 0.98, percentage: 0.0
Sink 31 non è soddisfatto. Flusso netto: 0.0, Demand: 0.4, percentage: 0.0
Sink 32 SODDISFATTO. Flusso netto: 1.0, Demand: 1.0, percentage: 100.0
Sink 34 SODDISFATTO. Flusso netto: 1.7400000000000002, Demand: 1.74, percentage: 100.00000000000003
Sink 35 SODDISFATTO. Flusso netto: 1.3, Demand: 1.3, percentage: 100.0
Sink 37 SODDISFATTO. Flusso netto: 1.0, Demand: 1.0, percentage: 100.0
Sink 39 non è soddisfatto. Flusso netto: 0.0, Demand: 0.4, percentage: 0.0
Sink 40 non è soddisfatto. Flusso netto: 0.0, Demand: 0.5, percentage: 0.0
Sink 41 SODDISFATTO. Flusso netto: 1.0600000000000005, Demand: 1.06, percentage: 100.00000000000004
Sink 42 SODDISFATTO. Flusso netto: 2.8200000000000007, Demand: 2.82, percentage: 100.00000000000003
Sink 45 SODDISFATTO. Flusso netto: 0.6800000000000002, Demand: 0.68, percentage: 100.00000000000003
Sink 46 SODDISFATTO. Flusso netto: 1.17, Demand: 1.17, percentage: 100.0
Sink 49 non è soddisfatto. Flusso netto: 4.59, Demand: 7.0, percentage: 65.57142857142857
Flusso totale entrante nei SINK: 43.980000000000004
Flusso totale uscente nei SINK: 19.639999999999997
Flusso totale netto nei SINK: 24.340000000000007
Total DEMAND dei SINK: 46.44
Percentual di flusso ai SINK: 0.5241171403962104
Numero di Sink soddisfatti: 13.0, numero totale di sink: 25.0
Percentuale di Sink soddisfatti: 0.52

---------------------------------- DAY 304

Update Fixed Elements from Intrinsic Faults
Update Fixed Elements from Heavy Faults
Update Fixed Elements from Attack
Propagate Intrinsic Fault
Node NODO_19 has still failing due to Intrinsic Fault
pipeline ARCO_35 still has reduced capacity: 0.0 due to Intrinsic Fault
pipeline ARCO_109 still has reduced capacity: 0.0 due to Intrinsic Fault
pipeline ARCO_110 still has reduced capacity: 0.0 due to Intrinsic Fault
pipeline V_EDGE_53_17 still has reduced capacity: 0.0 due to Intrinsic Fault
pipeline ARCO_39 still has reduced capacity: 0.0 due to Intrinsic Fault
pipeline ARCO_40 still has reduced capacity: 0.0 due to Intrinsic Fault
pipeline ARCO_105 still has reduced capacity: 0.0 due to Intrinsic Fault
Propagate Heavy Faults
Propagate Attacks
Inject Intrinsic Failure To Source
Inject Heavy Fault To Sources
Inject Attack Multiple To Source
Inject Intrinsic Fault To Pipeline
Inject Heavy Fault To Pipeline
Inject Attack To Pipeline
----------- Statistics ------------
	Sources Under Attack: 0
	Sources with Heavy Fault: 0
	Sources with Intrinsic Fault: 1
	Arcs with reduce capacity due to Attack: 0
	Arcs with reduce capacity due to Heavy Fault: 0
	Arcs with reduce capacity due to Intrinsic Fault: 7
	Arcs with Attacks: 0
	Arcs with Heavy Fault: 0
	Arcs with Intrinsic Fault: 0
--------- SOURCES STATISTICS ---------------
Demand del real Source[0]: -31.0, flusso erogato: 9.79, flusso entrante: 0.0, efficienza: 31.58064516129032 %
Demand del real Source[8]: -10.5, flusso erogato: 7.45, flusso entrante: 0.0, efficienza: 70.95238095238095 %
Demand del real Source[9]: -7.1, flusso erogato: 15.889999999999999, flusso entrante: 8.790000000000006, efficienza: 223.80281690140845 %
Demand del real Source[17]: -25.0, flusso erogato: 0.0, flusso entrante: 0.0, efficienza: 0.0 %
Flusso totale entrante nei Real Source: 8.790000000000006
Flusso totale uscente dai Real Source: 33.13
Flusso netto sui real Source: -24.339999999999996
--- SINKS STATISTICS ---
Sink 3 SODDISFATTO. Flusso netto: 3.4299999999999997, Demand: 3.43, percentage: 99.99999999999999
Sink 4 SODDISFATTO. Flusso netto: 0.5700000000000003, Demand: 0.57, percentage: 100.00000000000007
Sink 5 SODDISFATTO. Flusso netto: 0.6600000000000019, Demand: 0.66, percentage: 100.00000000000028
Sink 11 SODDISFATTO. Flusso netto: 1.0299999999999978, Demand: 1.03, percentage: 99.99999999999979
Sink 15 SODDISFATTO. Flusso netto: 0.46000000000000263, Demand: 0.46, percentage: 100.00000000000058
Sink 16 non è soddisfatto. Flusso netto: 2.83, Demand: 8.4, percentage: 33.69047619047619
Sink 19 non è soddisfatto. Flusso netto: 0.0, Demand: 0.54, percentage: 0.0
Sink 23 non è soddisfatto. Flusso netto: 0.0, Demand: 0.6, percentage: 0.0
Sink 24 non è soddisfatto. Flusso netto: 0.0, Demand: 0.8, percentage: 0.0
Sink 25 non è soddisfatto. Flusso netto: 0.0, Demand: 3.5, percentage: 0.0
Sink 26 non è soddisfatto. Flusso netto: 0.0, Demand: 6.0, percentage: 0.0
Sink 28 non è soddisfatto. Flusso netto: 0.0, Demand: 0.4, percentage: 0.0
Sink 30 non è soddisfatto. Flusso netto: 0.0, Demand: 0.98, percentage: 0.0
Sink 31 non è soddisfatto. Flusso netto: 0.0, Demand: 0.4, percentage: 0.0
Sink 32 SODDISFATTO. Flusso netto: 1.0, Demand: 1.0, percentage: 100.0
Sink 34 SODDISFATTO. Flusso netto: 1.7400000000000002, Demand: 1.74, percentage: 100.00000000000003
Sink 35 SODDISFATTO. Flusso netto: 1.3, Demand: 1.3, percentage: 100.0
Sink 37 SODDISFATTO. Flusso netto: 1.0, Demand: 1.0, percentage: 100.0
Sink 39 non è soddisfatto. Flusso netto: 0.0, Demand: 0.4, percentage: 0.0
Sink 40 non è soddisfatto. Flusso netto: 0.0, Demand: 0.5, percentage: 0.0
Sink 41 SODDISFATTO. Flusso netto: 1.0600000000000005, Demand: 1.06, percentage: 100.00000000000004
Sink 42 SODDISFATTO. Flusso netto: 2.8200000000000007, Demand: 2.82, percentage: 100.00000000000003
Sink 45 SODDISFATTO. Flusso netto: 0.6800000000000002, Demand: 0.68, percentage: 100.00000000000003
Sink 46 SODDISFATTO. Flusso netto: 1.17, Demand: 1.17, percentage: 100.0
Sink 49 non è soddisfatto. Flusso netto: 4.59, Demand: 7.0, percentage: 65.57142857142857
Flusso totale entrante nei SINK: 43.980000000000004
Flusso totale uscente nei SINK: 19.639999999999997
Flusso totale netto nei SINK: 24.340000000000007
Total DEMAND dei SINK: 46.44
Percentual di flusso ai SINK: 0.5241171403962104
Numero di Sink soddisfatti: 13.0, numero totale di sink: 25.0
Percentuale di Sink soddisfatti: 0.52

---------------------------------- DAY 305

Update Fixed Elements from Intrinsic Faults
Update Fixed Elements from Heavy Faults
Update Fixed Elements from Attack
Propagate Intrinsic Fault
Node NODO_19 has still failing due to Intrinsic Fault
pipeline ARCO_35 still has reduced capacity: 0.0 due to Intrinsic Fault
pipeline ARCO_109 still has reduced capacity: 0.0 due to Intrinsic Fault
pipeline ARCO_110 still has reduced capacity: 0.0 due to Intrinsic Fault
pipeline V_EDGE_53_17 still has reduced capacity: 0.0 due to Intrinsic Fault
pipeline ARCO_39 still has reduced capacity: 0.0 due to Intrinsic Fault
pipeline ARCO_40 still has reduced capacity: 0.0 due to Intrinsic Fault
pipeline ARCO_105 still has reduced capacity: 0.0 due to Intrinsic Fault
Propagate Heavy Faults
Propagate Attacks
Inject Intrinsic Failure To Source
Inject Heavy Fault To Sources
Inject Attack Multiple To Source
Inject Intrinsic Fault To Pipeline
Inject Heavy Fault To Pipeline
Inject Attack To Pipeline
----------- Statistics ------------
	Sources Under Attack: 0
	Sources with Heavy Fault: 0
	Sources with Intrinsic Fault: 1
	Arcs with reduce capacity due to Attack: 0
	Arcs with reduce capacity due to Heavy Fault: 0
	Arcs with reduce capacity due to Intrinsic Fault: 7
	Arcs with Attacks: 0
	Arcs with Heavy Fault: 0
	Arcs with Intrinsic Fault: 0
--------- SOURCES STATISTICS ---------------
Demand del real Source[0]: -31.0, flusso erogato: 9.79, flusso entrante: 0.0, efficienza: 31.58064516129032 %
Demand del real Source[8]: -10.5, flusso erogato: 7.45, flusso entrante: 0.0, efficienza: 70.95238095238095 %
Demand del real Source[9]: -7.1, flusso erogato: 15.889999999999999, flusso entrante: 8.790000000000006, efficienza: 223.80281690140845 %
Demand del real Source[17]: -25.0, flusso erogato: 0.0, flusso entrante: 0.0, efficienza: 0.0 %
Flusso totale entrante nei Real Source: 8.790000000000006
Flusso totale uscente dai Real Source: 33.13
Flusso netto sui real Source: -24.339999999999996
--- SINKS STATISTICS ---
Sink 3 SODDISFATTO. Flusso netto: 3.4299999999999997, Demand: 3.43, percentage: 99.99999999999999
Sink 4 SODDISFATTO. Flusso netto: 0.5700000000000003, Demand: 0.57, percentage: 100.00000000000007
Sink 5 SODDISFATTO. Flusso netto: 0.6600000000000019, Demand: 0.66, percentage: 100.00000000000028
Sink 11 SODDISFATTO. Flusso netto: 1.0299999999999978, Demand: 1.03, percentage: 99.99999999999979
Sink 15 SODDISFATTO. Flusso netto: 0.46000000000000263, Demand: 0.46, percentage: 100.00000000000058
Sink 16 non è soddisfatto. Flusso netto: 2.83, Demand: 8.4, percentage: 33.69047619047619
Sink 19 non è soddisfatto. Flusso netto: 0.0, Demand: 0.54, percentage: 0.0
Sink 23 non è soddisfatto. Flusso netto: 0.0, Demand: 0.6, percentage: 0.0
Sink 24 non è soddisfatto. Flusso netto: 0.0, Demand: 0.8, percentage: 0.0
Sink 25 non è soddisfatto. Flusso netto: 0.0, Demand: 3.5, percentage: 0.0
Sink 26 non è soddisfatto. Flusso netto: 0.0, Demand: 6.0, percentage: 0.0
Sink 28 non è soddisfatto. Flusso netto: 0.0, Demand: 0.4, percentage: 0.0
Sink 30 non è soddisfatto. Flusso netto: 0.0, Demand: 0.98, percentage: 0.0
Sink 31 non è soddisfatto. Flusso netto: 0.0, Demand: 0.4, percentage: 0.0
Sink 32 SODDISFATTO. Flusso netto: 1.0, Demand: 1.0, percentage: 100.0
Sink 34 SODDISFATTO. Flusso netto: 1.7400000000000002, Demand: 1.74, percentage: 100.00000000000003
Sink 35 SODDISFATTO. Flusso netto: 1.3, Demand: 1.3, percentage: 100.0
Sink 37 SODDISFATTO. Flusso netto: 1.0, Demand: 1.0, percentage: 100.0
Sink 39 non è soddisfatto. Flusso netto: 0.0, Demand: 0.4, percentage: 0.0
Sink 40 non è soddisfatto. Flusso netto: 0.0, Demand: 0.5, percentage: 0.0
Sink 41 SODDISFATTO. Flusso netto: 1.0600000000000005, Demand: 1.06, percentage: 100.00000000000004
Sink 42 SODDISFATTO. Flusso netto: 2.8200000000000007, Demand: 2.82, percentage: 100.00000000000003
Sink 45 SODDISFATTO. Flusso netto: 0.6800000000000002, Demand: 0.68, percentage: 100.00000000000003
Sink 46 SODDISFATTO. Flusso netto: 1.17, Demand: 1.17, percentage: 100.0
Sink 49 non è soddisfatto. Flusso netto: 4.59, Demand: 7.0, percentage: 65.57142857142857
Flusso totale entrante nei SINK: 43.980000000000004
Flusso totale uscente nei SINK: 19.639999999999997
Flusso totale netto nei SINK: 24.340000000000007
Total DEMAND dei SINK: 46.44
Percentual di flusso ai SINK: 0.5241171403962104
Numero di Sink soddisfatti: 13.0, numero totale di sink: 25.0
Percentuale di Sink soddisfatti: 0.52

---------------------------------- DAY 306

Update Fixed Elements from Intrinsic Faults
Source NODO_19 fixed from Intrinsic Fault
Pipeline ARCO_35 fixed due to Source NODO_19 fixing from Intrinsic Fault
Pipeline ARCO_109 fixed due to Source NODO_19 fixing from Intrinsic Fault
Pipeline ARCO_110 fixed due to Source NODO_19 fixing from Intrinsic Fault
Pipeline V_EDGE_53_17 fixed due to Source NODO_19 fixing from Intrinsic Fault
Pipeline ARCO_39 fixed due to Source NODO_19 fixing from Intrinsic Fault
Pipeline ARCO_40 fixed due to Source NODO_19 fixing from Intrinsic Fault
Pipeline ARCO_105 fixed due to Source NODO_19 fixing from Intrinsic Fault
Update Fixed Elements from Heavy Faults
Update Fixed Elements from Attack
Propagate Intrinsic Fault
Propagate Heavy Faults
Propagate Attacks
Inject Intrinsic Failure To Source
Source NODO_11 is failing for an Intrinsic Fault in day: 306
pipeline ARCO_3 has reduced capacity due to NODO_11 Intrinsic fault
pipeline ARCO_90 has reduced capacity due to NODO_11 Intrinsic fault
pipeline ARCO_91 has reduced capacity due to NODO_11 Intrinsic fault
pipeline ARCO_92 has reduced capacity due to NODO_11 Intrinsic fault
pipeline V_EDGE_53_9 has reduced capacity due to NODO_11 Intrinsic fault
pipeline ARCO_20 has reduced capacity due to NODO_11 Intrinsic fault
pipeline ARCO_21 has reduced capacity due to NODO_11 Intrinsic fault
pipeline ARCO_22 has reduced capacity due to NODO_11 Intrinsic fault
pipeline ARCO_73 has reduced capacity due to NODO_11 Intrinsic fault
Inject Heavy Fault To Sources
Inject Attack Multiple To Source
Inject Intrinsic Fault To Pipeline
Inject Heavy Fault To Pipeline
Inject Attack To Pipeline
----------- Statistics ------------
	Sources Under Attack: 0
	Sources with Heavy Fault: 0
	Sources with Intrinsic Fault: 1
	Arcs with reduce capacity due to Attack: 0
	Arcs with reduce capacity due to Heavy Fault: 0
	Arcs with reduce capacity due to Intrinsic Fault: 9
	Arcs with Attacks: 0
	Arcs with Heavy Fault: 0
	Arcs with Intrinsic Fault: 0
--------- SOURCES STATISTICS ---------------
Demand del real Source[0]: -31.0, flusso erogato: 8.729999999999993, flusso entrante: 0.0, efficienza: 28.161290322580623 %
Demand del real Source[8]: -10.5, flusso erogato: 3.8600000000000003, flusso entrante: 0.0, efficienza: 36.76190476190476 %
Demand del real Source[9]: -7.1, flusso erogato: 13.409999999999997, flusso entrante: 7.73, efficienza: 188.87323943661968 %
Demand del real Source[17]: -25.0, flusso erogato: 25.000000000000007, flusso entrante: 0.0, efficienza: 100.00000000000003 %
Flusso totale entrante nei Real Source: 7.73
Flusso totale uscente dai Real Source: 51.0
Flusso netto sui real Source: -43.269999999999996
--- SINKS STATISTICS ---
Sink 3 SODDISFATTO. Flusso netto: 3.4299999999999997, Demand: 3.43, percentage: 99.99999999999999
Sink 4 SODDISFATTO. Flusso netto: 0.5700000000000003, Demand: 0.57, percentage: 100.00000000000007
Sink 5 SODDISFATTO. Flusso netto: 0.6600000000000001, Demand: 0.66, percentage: 100.00000000000003
Sink 11 SODDISFATTO. Flusso netto: 1.03, Demand: 1.03, percentage: 100.0
Sink 15 SODDISFATTO. Flusso netto: 0.4600000000000044, Demand: 0.46, percentage: 100.00000000000095
Sink 16 SODDISFATTO. Flusso netto: 8.399999999999993, Demand: 8.4, percentage: 99.99999999999991
Sink 19 SODDISFATTO. Flusso netto: 0.5399999999999938, Demand: 0.54, percentage: 99.99999999999885
Sink 23 SODDISFATTO. Flusso netto: 0.5999999999999996, Demand: 0.6, percentage: 99.99999999999994
Sink 24 SODDISFATTO. Flusso netto: 0.8000000000000007, Demand: 0.8, percentage: 100.00000000000009
Sink 25 SODDISFATTO. Flusso netto: 3.5, Demand: 3.5, percentage: 100.0
Sink 26 SODDISFATTO. Flusso netto: 6.000000000000007, Demand: 6.0, percentage: 100.00000000000011
Sink 28 SODDISFATTO. Flusso netto: 0.4, Demand: 0.4, percentage: 100.0
Sink 30 SODDISFATTO. Flusso netto: 0.9799999999999933, Demand: 0.98, percentage: 99.99999999999932
Sink 31 SODDISFATTO. Flusso netto: 0.3999999999999999, Demand: 0.4, percentage: 99.99999999999997
Sink 32 SODDISFATTO. Flusso netto: 0.9999999999999989, Demand: 1.0, percentage: 99.99999999999989
Sink 34 SODDISFATTO. Flusso netto: 1.7400000000000002, Demand: 1.74, percentage: 100.00000000000003
Sink 35 SODDISFATTO. Flusso netto: 1.3, Demand: 1.3, percentage: 100.0
Sink 37 SODDISFATTO. Flusso netto: 1.0, Demand: 1.0, percentage: 100.0
Sink 39 SODDISFATTO. Flusso netto: 0.40000000000000036, Demand: 0.4, percentage: 100.00000000000009
Sink 40 SODDISFATTO. Flusso netto: 0.5, Demand: 0.5, percentage: 100.0
Sink 41 SODDISFATTO. Flusso netto: 1.0600000000000005, Demand: 1.06, percentage: 100.00000000000004
Sink 42 SODDISFATTO. Flusso netto: 2.819999999999999, Demand: 2.82, percentage: 99.99999999999997
Sink 45 SODDISFATTO. Flusso netto: 0.6800000000000002, Demand: 0.68, percentage: 100.00000000000003
Sink 46 SODDISFATTO. Flusso netto: 1.17, Demand: 1.17, percentage: 100.0
Sink 49 non è soddisfatto. Flusso netto: 3.83, Demand: 7.0, percentage: 54.714285714285715
Flusso totale entrante nei SINK: 85.282
Flusso totale uscente nei SINK: 42.01200000000001
Flusso totale netto nei SINK: 43.26999999999999
Total DEMAND dei SINK: 46.44
Percentual di flusso ai SINK: 0.9317398794142978
Numero di Sink soddisfatti: 24.0, numero totale di sink: 25.0
Percentuale di Sink soddisfatti: 0.96

---------------------------------- DAY 307

Update Fixed Elements from Intrinsic Faults
Update Fixed Elements from Heavy Faults
Update Fixed Elements from Attack
Propagate Intrinsic Fault
Node NODO_11 has still failing due to Intrinsic Fault
pipeline ARCO_3 still has reduced capacity: 9.688 due to Intrinsic Fault
pipeline ARCO_90 still has reduced capacity: 1.6 due to Intrinsic Fault
pipeline ARCO_91 still has reduced capacity: 9.688 due to Intrinsic Fault
pipeline ARCO_92 still has reduced capacity: 39.328 due to Intrinsic Fault
pipeline V_EDGE_53_9 still has reduced capacity: 5.68 due to Intrinsic Fault
pipeline ARCO_20 still has reduced capacity: 1.6 due to Intrinsic Fault
pipeline ARCO_21 still has reduced capacity: 9.688 due to Intrinsic Fault
pipeline ARCO_22 still has reduced capacity: 39.328 due to Intrinsic Fault
pipeline ARCO_73 still has reduced capacity: 9.688 due to Intrinsic Fault
Propagate Heavy Faults
Propagate Attacks
Inject Intrinsic Failure To Source
Inject Heavy Fault To Sources
Inject Attack Multiple To Source
Inject Intrinsic Fault To Pipeline
Inject Heavy Fault To Pipeline
Inject Attack To Pipeline
----------- Statistics ------------
	Sources Under Attack: 0
	Sources with Heavy Fault: 0
	Sources with Intrinsic Fault: 1
	Arcs with reduce capacity due to Attack: 0
	Arcs with reduce capacity due to Heavy Fault: 0
	Arcs with reduce capacity due to Intrinsic Fault: 9
	Arcs with Attacks: 0
	Arcs with Heavy Fault: 0
	Arcs with Intrinsic Fault: 0
--------- SOURCES STATISTICS ---------------
Demand del real Source[0]: -31.0, flusso erogato: 8.729999999999993, flusso entrante: 0.0, efficienza: 28.161290322580623 %
Demand del real Source[8]: -10.5, flusso erogato: 3.8600000000000003, flusso entrante: 0.0, efficienza: 36.76190476190476 %
Demand del real Source[9]: -7.1, flusso erogato: 13.409999999999997, flusso entrante: 7.73, efficienza: 188.87323943661968 %
Demand del real Source[17]: -25.0, flusso erogato: 25.000000000000007, flusso entrante: 0.0, efficienza: 100.00000000000003 %
Flusso totale entrante nei Real Source: 7.73
Flusso totale uscente dai Real Source: 51.0
Flusso netto sui real Source: -43.269999999999996
--- SINKS STATISTICS ---
Sink 3 SODDISFATTO. Flusso netto: 3.4299999999999997, Demand: 3.43, percentage: 99.99999999999999
Sink 4 SODDISFATTO. Flusso netto: 0.5700000000000003, Demand: 0.57, percentage: 100.00000000000007
Sink 5 SODDISFATTO. Flusso netto: 0.6600000000000001, Demand: 0.66, percentage: 100.00000000000003
Sink 11 SODDISFATTO. Flusso netto: 1.03, Demand: 1.03, percentage: 100.0
Sink 15 SODDISFATTO. Flusso netto: 0.4600000000000044, Demand: 0.46, percentage: 100.00000000000095
Sink 16 SODDISFATTO. Flusso netto: 8.399999999999993, Demand: 8.4, percentage: 99.99999999999991
Sink 19 SODDISFATTO. Flusso netto: 0.5399999999999938, Demand: 0.54, percentage: 99.99999999999885
Sink 23 SODDISFATTO. Flusso netto: 0.5999999999999996, Demand: 0.6, percentage: 99.99999999999994
Sink 24 SODDISFATTO. Flusso netto: 0.8000000000000007, Demand: 0.8, percentage: 100.00000000000009
Sink 25 SODDISFATTO. Flusso netto: 3.5, Demand: 3.5, percentage: 100.0
Sink 26 SODDISFATTO. Flusso netto: 6.000000000000007, Demand: 6.0, percentage: 100.00000000000011
Sink 28 SODDISFATTO. Flusso netto: 0.4, Demand: 0.4, percentage: 100.0
Sink 30 SODDISFATTO. Flusso netto: 0.9799999999999933, Demand: 0.98, percentage: 99.99999999999932
Sink 31 SODDISFATTO. Flusso netto: 0.3999999999999999, Demand: 0.4, percentage: 99.99999999999997
Sink 32 SODDISFATTO. Flusso netto: 0.9999999999999989, Demand: 1.0, percentage: 99.99999999999989
Sink 34 SODDISFATTO. Flusso netto: 1.7400000000000002, Demand: 1.74, percentage: 100.00000000000003
Sink 35 SODDISFATTO. Flusso netto: 1.3, Demand: 1.3, percentage: 100.0
Sink 37 SODDISFATTO. Flusso netto: 1.0, Demand: 1.0, percentage: 100.0
Sink 39 SODDISFATTO. Flusso netto: 0.40000000000000036, Demand: 0.4, percentage: 100.00000000000009
Sink 40 SODDISFATTO. Flusso netto: 0.5, Demand: 0.5, percentage: 100.0
Sink 41 SODDISFATTO. Flusso netto: 1.0600000000000005, Demand: 1.06, percentage: 100.00000000000004
Sink 42 SODDISFATTO. Flusso netto: 2.819999999999999, Demand: 2.82, percentage: 99.99999999999997
Sink 45 SODDISFATTO. Flusso netto: 0.6800000000000002, Demand: 0.68, percentage: 100.00000000000003
Sink 46 SODDISFATTO. Flusso netto: 1.17, Demand: 1.17, percentage: 100.0
Sink 49 non è soddisfatto. Flusso netto: 3.83, Demand: 7.0, percentage: 54.714285714285715
Flusso totale entrante nei SINK: 85.282
Flusso totale uscente nei SINK: 42.01200000000001
Flusso totale netto nei SINK: 43.26999999999999
Total DEMAND dei SINK: 46.44
Percentual di flusso ai SINK: 0.9317398794142978
Numero di Sink soddisfatti: 24.0, numero totale di sink: 25.0
Percentuale di Sink soddisfatti: 0.96

---------------------------------- DAY 308

Update Fixed Elements from Intrinsic Faults
Update Fixed Elements from Heavy Faults
Update Fixed Elements from Attack
Propagate Intrinsic Fault
Node NODO_11 has still failing due to Intrinsic Fault
pipeline ARCO_3 still has reduced capacity: 9.688 due to Intrinsic Fault
pipeline ARCO_90 still has reduced capacity: 1.6 due to Intrinsic Fault
pipeline ARCO_91 still has reduced capacity: 9.688 due to Intrinsic Fault
pipeline ARCO_92 still has reduced capacity: 39.328 due to Intrinsic Fault
pipeline V_EDGE_53_9 still has reduced capacity: 5.68 due to Intrinsic Fault
pipeline ARCO_20 still has reduced capacity: 1.6 due to Intrinsic Fault
pipeline ARCO_21 still has reduced capacity: 9.688 due to Intrinsic Fault
pipeline ARCO_22 still has reduced capacity: 39.328 due to Intrinsic Fault
pipeline ARCO_73 still has reduced capacity: 9.688 due to Intrinsic Fault
Propagate Heavy Faults
Propagate Attacks
Inject Intrinsic Failure To Source
Inject Heavy Fault To Sources
Inject Attack Multiple To Source
Inject Intrinsic Fault To Pipeline
Inject Heavy Fault To Pipeline
Inject Attack To Pipeline
----------- Statistics ------------
	Sources Under Attack: 0
	Sources with Heavy Fault: 0
	Sources with Intrinsic Fault: 1
	Arcs with reduce capacity due to Attack: 0
	Arcs with reduce capacity due to Heavy Fault: 0
	Arcs with reduce capacity due to Intrinsic Fault: 9
	Arcs with Attacks: 0
	Arcs with Heavy Fault: 0
	Arcs with Intrinsic Fault: 0
--------- SOURCES STATISTICS ---------------
Demand del real Source[0]: -31.0, flusso erogato: 8.729999999999993, flusso entrante: 0.0, efficienza: 28.161290322580623 %
Demand del real Source[8]: -10.5, flusso erogato: 3.8600000000000003, flusso entrante: 0.0, efficienza: 36.76190476190476 %
Demand del real Source[9]: -7.1, flusso erogato: 13.409999999999997, flusso entrante: 7.73, efficienza: 188.87323943661968 %
Demand del real Source[17]: -25.0, flusso erogato: 25.000000000000007, flusso entrante: 0.0, efficienza: 100.00000000000003 %
Flusso totale entrante nei Real Source: 7.73
Flusso totale uscente dai Real Source: 51.0
Flusso netto sui real Source: -43.269999999999996
--- SINKS STATISTICS ---
Sink 3 SODDISFATTO. Flusso netto: 3.4299999999999997, Demand: 3.43, percentage: 99.99999999999999
Sink 4 SODDISFATTO. Flusso netto: 0.5700000000000003, Demand: 0.57, percentage: 100.00000000000007
Sink 5 SODDISFATTO. Flusso netto: 0.6600000000000001, Demand: 0.66, percentage: 100.00000000000003
Sink 11 SODDISFATTO. Flusso netto: 1.03, Demand: 1.03, percentage: 100.0
Sink 15 SODDISFATTO. Flusso netto: 0.4600000000000044, Demand: 0.46, percentage: 100.00000000000095
Sink 16 SODDISFATTO. Flusso netto: 8.399999999999993, Demand: 8.4, percentage: 99.99999999999991
Sink 19 SODDISFATTO. Flusso netto: 0.5399999999999938, Demand: 0.54, percentage: 99.99999999999885
Sink 23 SODDISFATTO. Flusso netto: 0.5999999999999996, Demand: 0.6, percentage: 99.99999999999994
Sink 24 SODDISFATTO. Flusso netto: 0.8000000000000007, Demand: 0.8, percentage: 100.00000000000009
Sink 25 SODDISFATTO. Flusso netto: 3.5, Demand: 3.5, percentage: 100.0
Sink 26 SODDISFATTO. Flusso netto: 6.000000000000007, Demand: 6.0, percentage: 100.00000000000011
Sink 28 SODDISFATTO. Flusso netto: 0.4, Demand: 0.4, percentage: 100.0
Sink 30 SODDISFATTO. Flusso netto: 0.9799999999999933, Demand: 0.98, percentage: 99.99999999999932
Sink 31 SODDISFATTO. Flusso netto: 0.3999999999999999, Demand: 0.4, percentage: 99.99999999999997
Sink 32 SODDISFATTO. Flusso netto: 0.9999999999999989, Demand: 1.0, percentage: 99.99999999999989
Sink 34 SODDISFATTO. Flusso netto: 1.7400000000000002, Demand: 1.74, percentage: 100.00000000000003
Sink 35 SODDISFATTO. Flusso netto: 1.3, Demand: 1.3, percentage: 100.0
Sink 37 SODDISFATTO. Flusso netto: 1.0, Demand: 1.0, percentage: 100.0
Sink 39 SODDISFATTO. Flusso netto: 0.40000000000000036, Demand: 0.4, percentage: 100.00000000000009
Sink 40 SODDISFATTO. Flusso netto: 0.5, Demand: 0.5, percentage: 100.0
Sink 41 SODDISFATTO. Flusso netto: 1.0600000000000005, Demand: 1.06, percentage: 100.00000000000004
Sink 42 SODDISFATTO. Flusso netto: 2.819999999999999, Demand: 2.82, percentage: 99.99999999999997
Sink 45 SODDISFATTO. Flusso netto: 0.6800000000000002, Demand: 0.68, percentage: 100.00000000000003
Sink 46 SODDISFATTO. Flusso netto: 1.17, Demand: 1.17, percentage: 100.0
Sink 49 non è soddisfatto. Flusso netto: 3.83, Demand: 7.0, percentage: 54.714285714285715
Flusso totale entrante nei SINK: 85.282
Flusso totale uscente nei SINK: 42.01200000000001
Flusso totale netto nei SINK: 43.26999999999999
Total DEMAND dei SINK: 46.44
Percentual di flusso ai SINK: 0.9317398794142978
Numero di Sink soddisfatti: 24.0, numero totale di sink: 25.0
Percentuale di Sink soddisfatti: 0.96

---------------------------------- DAY 309

Update Fixed Elements from Intrinsic Faults
Source NODO_11 fixed from Intrinsic Fault
Pipeline ARCO_3 fixed due to Source NODO_11 fixing from Intrinsic Fault
Pipeline ARCO_90 fixed due to Source NODO_11 fixing from Intrinsic Fault
Pipeline ARCO_91 fixed due to Source NODO_11 fixing from Intrinsic Fault
Pipeline ARCO_92 fixed due to Source NODO_11 fixing from Intrinsic Fault
Pipeline V_EDGE_53_9 fixed due to Source NODO_11 fixing from Intrinsic Fault
Pipeline ARCO_20 fixed due to Source NODO_11 fixing from Intrinsic Fault
Pipeline ARCO_21 fixed due to Source NODO_11 fixing from Intrinsic Fault
Pipeline ARCO_22 fixed due to Source NODO_11 fixing from Intrinsic Fault
Pipeline ARCO_73 fixed due to Source NODO_11 fixing from Intrinsic Fault
Update Fixed Elements from Heavy Faults
Update Fixed Elements from Attack
Propagate Intrinsic Fault
Propagate Heavy Faults
Propagate Attacks
Inject Intrinsic Failure To Source
Inject Heavy Fault To Sources
Inject Attack Multiple To Source
Inject Intrinsic Fault To Pipeline
Inject Heavy Fault To Pipeline
Inject Attack To Pipeline
----------- Statistics ------------
	Sources Under Attack: 0
	Sources with Heavy Fault: 0
	Sources with Intrinsic Fault: 0
	Arcs with reduce capacity due to Attack: 0
	Arcs with reduce capacity due to Heavy Fault: 0
	Arcs with reduce capacity due to Intrinsic Fault: 0
	Arcs with Attacks: 0
	Arcs with Heavy Fault: 0
	Arcs with Intrinsic Fault: 0
--------- SOURCES STATISTICS ---------------
Demand del real Source[0]: -31.0, flusso erogato: 8.069999999999997, flusso entrante: 0.0, efficienza: 26.032258064516117 %
Demand del real Source[8]: -10.5, flusso erogato: 3.8600000000000003, flusso entrante: 0.0, efficienza: 36.76190476190476 %
Demand del real Source[9]: -7.1, flusso erogato: 14.169999999999996, flusso entrante: 7.070000000000007, efficienza: 199.57746478873236 %
Demand del real Source[17]: -25.0, flusso erogato: 25.000000000000007, flusso entrante: 0.0, efficienza: 100.00000000000003 %
Flusso totale entrante nei Real Source: 7.070000000000007
Flusso totale uscente dai Real Source: 51.1
Flusso netto sui real Source: -44.029999999999994
--- SINKS STATISTICS ---
Sink 3 SODDISFATTO. Flusso netto: 3.4299999999999997, Demand: 3.43, percentage: 99.99999999999999
Sink 4 SODDISFATTO. Flusso netto: 0.5700000000000003, Demand: 0.57, percentage: 100.00000000000007
Sink 5 SODDISFATTO. Flusso netto: 0.6600000000000019, Demand: 0.66, percentage: 100.00000000000028
Sink 11 SODDISFATTO. Flusso netto: 1.03, Demand: 1.03, percentage: 100.0
Sink 15 SODDISFATTO. Flusso netto: 0.4600000000000044, Demand: 0.46, percentage: 100.00000000000095
Sink 16 SODDISFATTO. Flusso netto: 8.399999999999993, Demand: 8.4, percentage: 99.99999999999991
Sink 19 SODDISFATTO. Flusso netto: 0.5399999999999938, Demand: 0.54, percentage: 99.99999999999885
Sink 23 SODDISFATTO. Flusso netto: 0.5999999999999996, Demand: 0.6, percentage: 99.99999999999994
Sink 24 SODDISFATTO. Flusso netto: 0.8000000000000007, Demand: 0.8, percentage: 100.00000000000009
Sink 25 SODDISFATTO. Flusso netto: 3.5, Demand: 3.5, percentage: 100.0
Sink 26 SODDISFATTO. Flusso netto: 6.000000000000007, Demand: 6.0, percentage: 100.00000000000011
Sink 28 SODDISFATTO. Flusso netto: 0.4, Demand: 0.4, percentage: 100.0
Sink 30 SODDISFATTO. Flusso netto: 0.9799999999999933, Demand: 0.98, percentage: 99.99999999999932
Sink 31 SODDISFATTO. Flusso netto: 0.3999999999999999, Demand: 0.4, percentage: 99.99999999999997
Sink 32 SODDISFATTO. Flusso netto: 0.9999999999999989, Demand: 1.0, percentage: 99.99999999999989
Sink 34 SODDISFATTO. Flusso netto: 1.7400000000000002, Demand: 1.74, percentage: 100.00000000000003
Sink 35 SODDISFATTO. Flusso netto: 1.3, Demand: 1.3, percentage: 100.0
Sink 37 SODDISFATTO. Flusso netto: 1.0, Demand: 1.0, percentage: 100.0
Sink 39 SODDISFATTO. Flusso netto: 0.40000000000000036, Demand: 0.4, percentage: 100.00000000000009
Sink 40 SODDISFATTO. Flusso netto: 0.5, Demand: 0.5, percentage: 100.0
Sink 41 SODDISFATTO. Flusso netto: 1.0600000000000005, Demand: 1.06, percentage: 100.00000000000004
Sink 42 SODDISFATTO. Flusso netto: 2.8200000000000007, Demand: 2.82, percentage: 100.00000000000003
Sink 45 SODDISFATTO. Flusso netto: 0.6800000000000002, Demand: 0.68, percentage: 100.00000000000003
Sink 46 SODDISFATTO. Flusso netto: 1.17, Demand: 1.17, percentage: 100.0
Sink 49 non è soddisfatto. Flusso netto: 4.59, Demand: 7.0, percentage: 65.57142857142857
Flusso totale entrante nei SINK: 86.46000000000001
Flusso totale uscente nei SINK: 42.430000000000014
Flusso totale netto nei SINK: 44.029999999999994
Total DEMAND dei SINK: 46.44
Percentual di flusso ai SINK: 0.9481050818260119
Numero di Sink soddisfatti: 24.0, numero totale di sink: 25.0
Percentuale di Sink soddisfatti: 0.96

---------------------------------- DAY 310

Update Fixed Elements from Intrinsic Faults
Update Fixed Elements from Heavy Faults
Update Fixed Elements from Attack
Propagate Intrinsic Fault
Propagate Heavy Faults
Propagate Attacks
Inject Intrinsic Failure To Source
Inject Heavy Fault To Sources
Inject Attack Multiple To Source
Inject Intrinsic Fault To Pipeline
Inject Heavy Fault To Pipeline
Inject Attack To Pipeline
----------- Statistics ------------
	Sources Under Attack: 0
	Sources with Heavy Fault: 0
	Sources with Intrinsic Fault: 0
	Arcs with reduce capacity due to Attack: 0
	Arcs with reduce capacity due to Heavy Fault: 0
	Arcs with reduce capacity due to Intrinsic Fault: 0
	Arcs with Attacks: 0
	Arcs with Heavy Fault: 0
	Arcs with Intrinsic Fault: 0
--------- SOURCES STATISTICS ---------------
Demand del real Source[0]: -31.0, flusso erogato: 8.069999999999997, flusso entrante: 0.0, efficienza: 26.032258064516117 %
Demand del real Source[8]: -10.5, flusso erogato: 3.8600000000000003, flusso entrante: 0.0, efficienza: 36.76190476190476 %
Demand del real Source[9]: -7.1, flusso erogato: 14.169999999999996, flusso entrante: 7.070000000000007, efficienza: 199.57746478873236 %
Demand del real Source[17]: -25.0, flusso erogato: 25.000000000000007, flusso entrante: 0.0, efficienza: 100.00000000000003 %
Flusso totale entrante nei Real Source: 7.070000000000007
Flusso totale uscente dai Real Source: 51.1
Flusso netto sui real Source: -44.029999999999994
--- SINKS STATISTICS ---
Sink 3 SODDISFATTO. Flusso netto: 3.4299999999999997, Demand: 3.43, percentage: 99.99999999999999
Sink 4 SODDISFATTO. Flusso netto: 0.5700000000000003, Demand: 0.57, percentage: 100.00000000000007
Sink 5 SODDISFATTO. Flusso netto: 0.6600000000000019, Demand: 0.66, percentage: 100.00000000000028
Sink 11 SODDISFATTO. Flusso netto: 1.03, Demand: 1.03, percentage: 100.0
Sink 15 SODDISFATTO. Flusso netto: 0.4600000000000044, Demand: 0.46, percentage: 100.00000000000095
Sink 16 SODDISFATTO. Flusso netto: 8.399999999999993, Demand: 8.4, percentage: 99.99999999999991
Sink 19 SODDISFATTO. Flusso netto: 0.5399999999999938, Demand: 0.54, percentage: 99.99999999999885
Sink 23 SODDISFATTO. Flusso netto: 0.5999999999999996, Demand: 0.6, percentage: 99.99999999999994
Sink 24 SODDISFATTO. Flusso netto: 0.8000000000000007, Demand: 0.8, percentage: 100.00000000000009
Sink 25 SODDISFATTO. Flusso netto: 3.5, Demand: 3.5, percentage: 100.0
Sink 26 SODDISFATTO. Flusso netto: 6.000000000000007, Demand: 6.0, percentage: 100.00000000000011
Sink 28 SODDISFATTO. Flusso netto: 0.4, Demand: 0.4, percentage: 100.0
Sink 30 SODDISFATTO. Flusso netto: 0.9799999999999933, Demand: 0.98, percentage: 99.99999999999932
Sink 31 SODDISFATTO. Flusso netto: 0.3999999999999999, Demand: 0.4, percentage: 99.99999999999997
Sink 32 SODDISFATTO. Flusso netto: 0.9999999999999989, Demand: 1.0, percentage: 99.99999999999989
Sink 34 SODDISFATTO. Flusso netto: 1.7400000000000002, Demand: 1.74, percentage: 100.00000000000003
Sink 35 SODDISFATTO. Flusso netto: 1.3, Demand: 1.3, percentage: 100.0
Sink 37 SODDISFATTO. Flusso netto: 1.0, Demand: 1.0, percentage: 100.0
Sink 39 SODDISFATTO. Flusso netto: 0.40000000000000036, Demand: 0.4, percentage: 100.00000000000009
Sink 40 SODDISFATTO. Flusso netto: 0.5, Demand: 0.5, percentage: 100.0
Sink 41 SODDISFATTO. Flusso netto: 1.0600000000000005, Demand: 1.06, percentage: 100.00000000000004
Sink 42 SODDISFATTO. Flusso netto: 2.8200000000000007, Demand: 2.82, percentage: 100.00000000000003
Sink 45 SODDISFATTO. Flusso netto: 0.6800000000000002, Demand: 0.68, percentage: 100.00000000000003
Sink 46 SODDISFATTO. Flusso netto: 1.17, Demand: 1.17, percentage: 100.0
Sink 49 non è soddisfatto. Flusso netto: 4.59, Demand: 7.0, percentage: 65.57142857142857
Flusso totale entrante nei SINK: 86.46000000000001
Flusso totale uscente nei SINK: 42.430000000000014
Flusso totale netto nei SINK: 44.029999999999994
Total DEMAND dei SINK: 46.44
Percentual di flusso ai SINK: 0.9481050818260119
Numero di Sink soddisfatti: 24.0, numero totale di sink: 25.0
Percentuale di Sink soddisfatti: 0.96

---------------------------------- DAY 311

Update Fixed Elements from Intrinsic Faults
Update Fixed Elements from Heavy Faults
Update Fixed Elements from Attack
Propagate Intrinsic Fault
Propagate Heavy Faults
Propagate Attacks
Inject Intrinsic Failure To Source
Source NODO_2 is failing for an Intrinsic Fault in day: 311
pipeline ARCO_70 has reduced capacity due to NODO_2 Intrinsic fault
pipeline V_EDGE_53_0 has reduced capacity due to NODO_2 Intrinsic fault
pipeline ARCO_0 has reduced capacity due to NODO_2 Intrinsic fault
Inject Heavy Fault To Sources
Inject Attack Multiple To Source
Inject Intrinsic Fault To Pipeline
Inject Heavy Fault To Pipeline
Inject Attack To Pipeline
----------- Statistics ------------
	Sources Under Attack: 0
	Sources with Heavy Fault: 0
	Sources with Intrinsic Fault: 1
	Arcs with reduce capacity due to Attack: 0
	Arcs with reduce capacity due to Heavy Fault: 0
	Arcs with reduce capacity due to Intrinsic Fault: 3
	Arcs with Attacks: 0
	Arcs with Heavy Fault: 0
	Arcs with Intrinsic Fault: 0
--------- SOURCES STATISTICS ---------------
Demand del real Source[0]: -31.0, flusso erogato: 8.069999999999997, flusso entrante: 0.0, efficienza: 26.032258064516117 %
Demand del real Source[8]: -10.5, flusso erogato: 3.8600000000000003, flusso entrante: 0.0, efficienza: 36.76190476190476 %
Demand del real Source[9]: -7.1, flusso erogato: 14.169999999999996, flusso entrante: 7.070000000000007, efficienza: 199.57746478873236 %
Demand del real Source[17]: -25.0, flusso erogato: 25.000000000000007, flusso entrante: 0.0, efficienza: 100.00000000000003 %
Flusso totale entrante nei Real Source: 7.070000000000007
Flusso totale uscente dai Real Source: 51.1
Flusso netto sui real Source: -44.029999999999994
--- SINKS STATISTICS ---
Sink 3 SODDISFATTO. Flusso netto: 3.4299999999999997, Demand: 3.43, percentage: 99.99999999999999
Sink 4 SODDISFATTO. Flusso netto: 0.5700000000000003, Demand: 0.57, percentage: 100.00000000000007
Sink 5 SODDISFATTO. Flusso netto: 0.6600000000000019, Demand: 0.66, percentage: 100.00000000000028
Sink 11 SODDISFATTO. Flusso netto: 1.03, Demand: 1.03, percentage: 100.0
Sink 15 SODDISFATTO. Flusso netto: 0.4600000000000044, Demand: 0.46, percentage: 100.00000000000095
Sink 16 SODDISFATTO. Flusso netto: 8.399999999999993, Demand: 8.4, percentage: 99.99999999999991
Sink 19 SODDISFATTO. Flusso netto: 0.5399999999999938, Demand: 0.54, percentage: 99.99999999999885
Sink 23 SODDISFATTO. Flusso netto: 0.5999999999999996, Demand: 0.6, percentage: 99.99999999999994
Sink 24 SODDISFATTO. Flusso netto: 0.8000000000000007, Demand: 0.8, percentage: 100.00000000000009
Sink 25 SODDISFATTO. Flusso netto: 3.5, Demand: 3.5, percentage: 100.0
Sink 26 SODDISFATTO. Flusso netto: 6.000000000000007, Demand: 6.0, percentage: 100.00000000000011
Sink 28 SODDISFATTO. Flusso netto: 0.4, Demand: 0.4, percentage: 100.0
Sink 30 SODDISFATTO. Flusso netto: 0.9799999999999933, Demand: 0.98, percentage: 99.99999999999932
Sink 31 SODDISFATTO. Flusso netto: 0.3999999999999999, Demand: 0.4, percentage: 99.99999999999997
Sink 32 SODDISFATTO. Flusso netto: 0.9999999999999989, Demand: 1.0, percentage: 99.99999999999989
Sink 34 SODDISFATTO. Flusso netto: 1.7400000000000002, Demand: 1.74, percentage: 100.00000000000003
Sink 35 SODDISFATTO. Flusso netto: 1.3, Demand: 1.3, percentage: 100.0
Sink 37 SODDISFATTO. Flusso netto: 1.0, Demand: 1.0, percentage: 100.0
Sink 39 SODDISFATTO. Flusso netto: 0.40000000000000036, Demand: 0.4, percentage: 100.00000000000009
Sink 40 SODDISFATTO. Flusso netto: 0.5, Demand: 0.5, percentage: 100.0
Sink 41 SODDISFATTO. Flusso netto: 1.0600000000000005, Demand: 1.06, percentage: 100.00000000000004
Sink 42 SODDISFATTO. Flusso netto: 2.8200000000000007, Demand: 2.82, percentage: 100.00000000000003
Sink 45 SODDISFATTO. Flusso netto: 0.6800000000000002, Demand: 0.68, percentage: 100.00000000000003
Sink 46 SODDISFATTO. Flusso netto: 1.17, Demand: 1.17, percentage: 100.0
Sink 49 non è soddisfatto. Flusso netto: 4.59, Demand: 7.0, percentage: 65.57142857142857
Flusso totale entrante nei SINK: 86.46000000000001
Flusso totale uscente nei SINK: 42.430000000000014
Flusso totale netto nei SINK: 44.029999999999994
Total DEMAND dei SINK: 46.44
Percentual di flusso ai SINK: 0.9481050818260119
Numero di Sink soddisfatti: 24.0, numero totale di sink: 25.0
Percentuale di Sink soddisfatti: 0.96

---------------------------------- DAY 312

Update Fixed Elements from Intrinsic Faults
Update Fixed Elements from Heavy Faults
Update Fixed Elements from Attack
Propagate Intrinsic Fault
Node NODO_2 has still failing due to Intrinsic Fault
pipeline ARCO_70 still has reduced capacity: 24.8 due to Intrinsic Fault
pipeline V_EDGE_53_0 still has reduced capacity: 24.8 due to Intrinsic Fault
pipeline ARCO_0 still has reduced capacity: 24.8 due to Intrinsic Fault
Propagate Heavy Faults
Propagate Attacks
Inject Intrinsic Failure To Source
Source NODO_10 is failing for an Intrinsic Fault in day: 312
pipeline ARCO_17 has reduced capacity due to NODO_10 Intrinsic fault
pipeline ARCO_88 has reduced capacity due to NODO_10 Intrinsic fault
pipeline ARCO_89 has reduced capacity due to NODO_10 Intrinsic fault
pipeline V_EDGE_53_8 has reduced capacity due to NODO_10 Intrinsic fault
pipeline ARCO_18 has reduced capacity due to NODO_10 Intrinsic fault
pipeline ARCO_19 has reduced capacity due to NODO_10 Intrinsic fault
pipeline ARCO_87 has reduced capacity due to NODO_10 Intrinsic fault
Inject Heavy Fault To Sources
Inject Attack Multiple To Source
Inject Intrinsic Fault To Pipeline
Inject Heavy Fault To Pipeline
Inject Attack To Pipeline
----------- Statistics ------------
	Sources Under Attack: 0
	Sources with Heavy Fault: 0
	Sources with Intrinsic Fault: 2
	Arcs with reduce capacity due to Attack: 0
	Arcs with reduce capacity due to Heavy Fault: 0
	Arcs with reduce capacity due to Intrinsic Fault: 10
	Arcs with Attacks: 0
	Arcs with Heavy Fault: 0
	Arcs with Intrinsic Fault: 0
--------- SOURCES STATISTICS ---------------
Demand del real Source[0]: -31.0, flusso erogato: 11.159999999999997, flusso entrante: 0.0, efficienza: 35.999999999999986 %
Demand del real Source[8]: -10.5, flusso erogato: 0.0, flusso entrante: 0.0, efficienza: 0.0 %
Demand del real Source[9]: -7.1, flusso erogato: 17.259999999999998, flusso entrante: 10.159999999999997, efficienza: 243.09859154929575 %
Demand del real Source[17]: -25.0, flusso erogato: 25.000000000000007, flusso entrante: 0.0, efficienza: 100.00000000000003 %
Flusso totale entrante nei Real Source: 10.159999999999997
Flusso totale uscente dai Real Source: 53.42
Flusso netto sui real Source: -43.260000000000005
--- SINKS STATISTICS ---
Sink 3 SODDISFATTO. Flusso netto: 3.429999999999999, Demand: 3.43, percentage: 99.99999999999997
Sink 4 SODDISFATTO. Flusso netto: 0.5700000000000003, Demand: 0.57, percentage: 100.00000000000007
Sink 5 SODDISFATTO. Flusso netto: 0.6599999999999993, Demand: 0.66, percentage: 99.99999999999987
Sink 11 SODDISFATTO. Flusso netto: 1.0300000000000011, Demand: 1.03, percentage: 100.00000000000011
Sink 15 SODDISFATTO. Flusso netto: 0.4600000000000044, Demand: 0.46, percentage: 100.00000000000095
Sink 16 SODDISFATTO. Flusso netto: 8.399999999999993, Demand: 8.4, percentage: 99.99999999999991
Sink 19 SODDISFATTO. Flusso netto: 0.5399999999999938, Demand: 0.54, percentage: 99.99999999999885
Sink 23 SODDISFATTO. Flusso netto: 0.5999999999999996, Demand: 0.6, percentage: 99.99999999999994
Sink 24 SODDISFATTO. Flusso netto: 0.8000000000000007, Demand: 0.8, percentage: 100.00000000000009
Sink 25 SODDISFATTO. Flusso netto: 3.5, Demand: 3.5, percentage: 100.0
Sink 26 SODDISFATTO. Flusso netto: 6.000000000000007, Demand: 6.0, percentage: 100.00000000000011
Sink 28 SODDISFATTO. Flusso netto: 0.4, Demand: 0.4, percentage: 100.0
Sink 30 SODDISFATTO. Flusso netto: 0.9799999999999933, Demand: 0.98, percentage: 99.99999999999932
Sink 31 SODDISFATTO. Flusso netto: 0.3999999999999999, Demand: 0.4, percentage: 99.99999999999997
Sink 32 SODDISFATTO. Flusso netto: 0.9999999999999989, Demand: 1.0, percentage: 99.99999999999989
Sink 34 SODDISFATTO. Flusso netto: 1.7400000000000002, Demand: 1.74, percentage: 100.00000000000003
Sink 35 SODDISFATTO. Flusso netto: 1.3, Demand: 1.3, percentage: 100.0
Sink 37 SODDISFATTO. Flusso netto: 1.0, Demand: 1.0, percentage: 100.0
Sink 39 SODDISFATTO. Flusso netto: 0.40000000000000036, Demand: 0.4, percentage: 100.00000000000009
Sink 40 SODDISFATTO. Flusso netto: 0.5, Demand: 0.5, percentage: 100.0
Sink 41 SODDISFATTO. Flusso netto: 1.0599999999999996, Demand: 1.06, percentage: 99.99999999999996
Sink 42 SODDISFATTO. Flusso netto: 2.820000000000001, Demand: 2.82, percentage: 100.00000000000004
Sink 45 SODDISFATTO. Flusso netto: 0.6800000000000002, Demand: 0.68, percentage: 100.00000000000003
Sink 46 SODDISFATTO. Flusso netto: 1.17, Demand: 1.17, percentage: 100.0
Sink 49 non è soddisfatto. Flusso netto: 3.8200000000000003, Demand: 7.0, percentage: 54.57142857142857
Flusso totale entrante nei SINK: 88.47
Flusso totale uscente nei SINK: 45.21000000000001
Flusso totale netto nei SINK: 43.25999999999999
Total DEMAND dei SINK: 46.44
Percentual di flusso ai SINK: 0.9315245478036174
Numero di Sink soddisfatti: 24.0, numero totale di sink: 25.0
Percentuale di Sink soddisfatti: 0.96

---------------------------------- DAY 313

Update Fixed Elements from Intrinsic Faults
Update Fixed Elements from Heavy Faults
Update Fixed Elements from Attack
Propagate Intrinsic Fault
Node NODO_2 has still failing due to Intrinsic Fault
Node NODO_10 has still failing due to Intrinsic Fault
pipeline ARCO_70 still has reduced capacity: 24.8 due to Intrinsic Fault
pipeline V_EDGE_53_0 still has reduced capacity: 24.8 due to Intrinsic Fault
pipeline ARCO_0 still has reduced capacity: 24.8 due to Intrinsic Fault
pipeline ARCO_17 still has reduced capacity: 0.0 due to Intrinsic Fault
pipeline ARCO_88 still has reduced capacity: 0.0 due to Intrinsic Fault
pipeline ARCO_89 still has reduced capacity: 0.0 due to Intrinsic Fault
pipeline V_EDGE_53_8 still has reduced capacity: 0.0 due to Intrinsic Fault
pipeline ARCO_18 still has reduced capacity: 0.0 due to Intrinsic Fault
pipeline ARCO_19 still has reduced capacity: 0.0 due to Intrinsic Fault
pipeline ARCO_87 still has reduced capacity: 0.0 due to Intrinsic Fault
Propagate Heavy Faults
Propagate Attacks
Inject Intrinsic Failure To Source
Inject Heavy Fault To Sources
Inject Attack Multiple To Source
Inject Intrinsic Fault To Pipeline
Inject Heavy Fault To Pipeline
Inject Attack To Pipeline
----------- Statistics ------------
	Sources Under Attack: 0
	Sources with Heavy Fault: 0
	Sources with Intrinsic Fault: 2
	Arcs with reduce capacity due to Attack: 0
	Arcs with reduce capacity due to Heavy Fault: 0
	Arcs with reduce capacity due to Intrinsic Fault: 10
	Arcs with Attacks: 0
	Arcs with Heavy Fault: 0
	Arcs with Intrinsic Fault: 0
--------- SOURCES STATISTICS ---------------
Demand del real Source[0]: -31.0, flusso erogato: 11.159999999999997, flusso entrante: 0.0, efficienza: 35.999999999999986 %
Demand del real Source[8]: -10.5, flusso erogato: 0.0, flusso entrante: 0.0, efficienza: 0.0 %
Demand del real Source[9]: -7.1, flusso erogato: 17.259999999999998, flusso entrante: 10.159999999999997, efficienza: 243.09859154929575 %
Demand del real Source[17]: -25.0, flusso erogato: 25.000000000000007, flusso entrante: 0.0, efficienza: 100.00000000000003 %
Flusso totale entrante nei Real Source: 10.159999999999997
Flusso totale uscente dai Real Source: 53.42
Flusso netto sui real Source: -43.260000000000005
--- SINKS STATISTICS ---
Sink 3 SODDISFATTO. Flusso netto: 3.429999999999999, Demand: 3.43, percentage: 99.99999999999997
Sink 4 SODDISFATTO. Flusso netto: 0.5700000000000003, Demand: 0.57, percentage: 100.00000000000007
Sink 5 SODDISFATTO. Flusso netto: 0.6599999999999993, Demand: 0.66, percentage: 99.99999999999987
Sink 11 SODDISFATTO. Flusso netto: 1.0300000000000011, Demand: 1.03, percentage: 100.00000000000011
Sink 15 SODDISFATTO. Flusso netto: 0.4600000000000044, Demand: 0.46, percentage: 100.00000000000095
Sink 16 SODDISFATTO. Flusso netto: 8.399999999999993, Demand: 8.4, percentage: 99.99999999999991
Sink 19 SODDISFATTO. Flusso netto: 0.5399999999999938, Demand: 0.54, percentage: 99.99999999999885
Sink 23 SODDISFATTO. Flusso netto: 0.5999999999999996, Demand: 0.6, percentage: 99.99999999999994
Sink 24 SODDISFATTO. Flusso netto: 0.8000000000000007, Demand: 0.8, percentage: 100.00000000000009
Sink 25 SODDISFATTO. Flusso netto: 3.5, Demand: 3.5, percentage: 100.0
Sink 26 SODDISFATTO. Flusso netto: 6.000000000000007, Demand: 6.0, percentage: 100.00000000000011
Sink 28 SODDISFATTO. Flusso netto: 0.4, Demand: 0.4, percentage: 100.0
Sink 30 SODDISFATTO. Flusso netto: 0.9799999999999933, Demand: 0.98, percentage: 99.99999999999932
Sink 31 SODDISFATTO. Flusso netto: 0.3999999999999999, Demand: 0.4, percentage: 99.99999999999997
Sink 32 SODDISFATTO. Flusso netto: 0.9999999999999989, Demand: 1.0, percentage: 99.99999999999989
Sink 34 SODDISFATTO. Flusso netto: 1.7400000000000002, Demand: 1.74, percentage: 100.00000000000003
Sink 35 SODDISFATTO. Flusso netto: 1.3, Demand: 1.3, percentage: 100.0
Sink 37 SODDISFATTO. Flusso netto: 1.0, Demand: 1.0, percentage: 100.0
Sink 39 SODDISFATTO. Flusso netto: 0.40000000000000036, Demand: 0.4, percentage: 100.00000000000009
Sink 40 SODDISFATTO. Flusso netto: 0.5, Demand: 0.5, percentage: 100.0
Sink 41 SODDISFATTO. Flusso netto: 1.0599999999999996, Demand: 1.06, percentage: 99.99999999999996
Sink 42 SODDISFATTO. Flusso netto: 2.820000000000001, Demand: 2.82, percentage: 100.00000000000004
Sink 45 SODDISFATTO. Flusso netto: 0.6800000000000002, Demand: 0.68, percentage: 100.00000000000003
Sink 46 SODDISFATTO. Flusso netto: 1.17, Demand: 1.17, percentage: 100.0
Sink 49 non è soddisfatto. Flusso netto: 3.8200000000000003, Demand: 7.0, percentage: 54.57142857142857
Flusso totale entrante nei SINK: 88.47
Flusso totale uscente nei SINK: 45.21000000000001
Flusso totale netto nei SINK: 43.25999999999999
Total DEMAND dei SINK: 46.44
Percentual di flusso ai SINK: 0.9315245478036174
Numero di Sink soddisfatti: 24.0, numero totale di sink: 25.0
Percentuale di Sink soddisfatti: 0.96

---------------------------------- DAY 314

Update Fixed Elements from Intrinsic Faults
Source NODO_2 fixed from Intrinsic Fault
Pipeline ARCO_70 fixed due to Source NODO_2 fixing from Intrinsic Fault
Pipeline V_EDGE_53_0 fixed due to Source NODO_2 fixing from Intrinsic Fault
Pipeline ARCO_0 fixed due to Source NODO_2 fixing from Intrinsic Fault
Update Fixed Elements from Heavy Faults
Update Fixed Elements from Attack
Propagate Intrinsic Fault
Node NODO_10 has still failing due to Intrinsic Fault
pipeline ARCO_17 still has reduced capacity: 0.0 due to Intrinsic Fault
pipeline ARCO_88 still has reduced capacity: 0.0 due to Intrinsic Fault
pipeline ARCO_89 still has reduced capacity: 0.0 due to Intrinsic Fault
pipeline V_EDGE_53_8 still has reduced capacity: 0.0 due to Intrinsic Fault
pipeline ARCO_18 still has reduced capacity: 0.0 due to Intrinsic Fault
pipeline ARCO_19 still has reduced capacity: 0.0 due to Intrinsic Fault
pipeline ARCO_87 still has reduced capacity: 0.0 due to Intrinsic Fault
Propagate Heavy Faults
Propagate Attacks
Inject Intrinsic Failure To Source
Inject Heavy Fault To Sources
Inject Attack Multiple To Source
Inject Intrinsic Fault To Pipeline
Inject Heavy Fault To Pipeline
Inject Attack To Pipeline
----------- Statistics ------------
	Sources Under Attack: 0
	Sources with Heavy Fault: 0
	Sources with Intrinsic Fault: 1
	Arcs with reduce capacity due to Attack: 0
	Arcs with reduce capacity due to Heavy Fault: 0
	Arcs with reduce capacity due to Intrinsic Fault: 7
	Arcs with Attacks: 0
	Arcs with Heavy Fault: 0
	Arcs with Intrinsic Fault: 0
--------- SOURCES STATISTICS ---------------
Demand del real Source[0]: -31.0, flusso erogato: 11.159999999999997, flusso entrante: 0.0, efficienza: 35.999999999999986 %
Demand del real Source[8]: -10.5, flusso erogato: 0.0, flusso entrante: 0.0, efficienza: 0.0 %
Demand del real Source[9]: -7.1, flusso erogato: 17.259999999999998, flusso entrante: 10.159999999999997, efficienza: 243.09859154929575 %
Demand del real Source[17]: -25.0, flusso erogato: 25.000000000000007, flusso entrante: 0.0, efficienza: 100.00000000000003 %
Flusso totale entrante nei Real Source: 10.159999999999997
Flusso totale uscente dai Real Source: 53.42
Flusso netto sui real Source: -43.260000000000005
--- SINKS STATISTICS ---
Sink 3 SODDISFATTO. Flusso netto: 3.429999999999999, Demand: 3.43, percentage: 99.99999999999997
Sink 4 SODDISFATTO. Flusso netto: 0.5700000000000003, Demand: 0.57, percentage: 100.00000000000007
Sink 5 SODDISFATTO. Flusso netto: 0.6599999999999993, Demand: 0.66, percentage: 99.99999999999987
Sink 11 SODDISFATTO. Flusso netto: 1.0300000000000011, Demand: 1.03, percentage: 100.00000000000011
Sink 15 SODDISFATTO. Flusso netto: 0.4600000000000044, Demand: 0.46, percentage: 100.00000000000095
Sink 16 SODDISFATTO. Flusso netto: 8.399999999999993, Demand: 8.4, percentage: 99.99999999999991
Sink 19 SODDISFATTO. Flusso netto: 0.5399999999999938, Demand: 0.54, percentage: 99.99999999999885
Sink 23 SODDISFATTO. Flusso netto: 0.5999999999999996, Demand: 0.6, percentage: 99.99999999999994
Sink 24 SODDISFATTO. Flusso netto: 0.8000000000000007, Demand: 0.8, percentage: 100.00000000000009
Sink 25 SODDISFATTO. Flusso netto: 3.5, Demand: 3.5, percentage: 100.0
Sink 26 SODDISFATTO. Flusso netto: 6.000000000000007, Demand: 6.0, percentage: 100.00000000000011
Sink 28 SODDISFATTO. Flusso netto: 0.4, Demand: 0.4, percentage: 100.0
Sink 30 SODDISFATTO. Flusso netto: 0.9799999999999933, Demand: 0.98, percentage: 99.99999999999932
Sink 31 SODDISFATTO. Flusso netto: 0.3999999999999999, Demand: 0.4, percentage: 99.99999999999997
Sink 32 SODDISFATTO. Flusso netto: 0.9999999999999989, Demand: 1.0, percentage: 99.99999999999989
Sink 34 SODDISFATTO. Flusso netto: 1.7400000000000002, Demand: 1.74, percentage: 100.00000000000003
Sink 35 SODDISFATTO. Flusso netto: 1.3, Demand: 1.3, percentage: 100.0
Sink 37 SODDISFATTO. Flusso netto: 1.0, Demand: 1.0, percentage: 100.0
Sink 39 SODDISFATTO. Flusso netto: 0.40000000000000036, Demand: 0.4, percentage: 100.00000000000009
Sink 40 SODDISFATTO. Flusso netto: 0.5, Demand: 0.5, percentage: 100.0
Sink 41 SODDISFATTO. Flusso netto: 1.0599999999999996, Demand: 1.06, percentage: 99.99999999999996
Sink 42 SODDISFATTO. Flusso netto: 2.820000000000001, Demand: 2.82, percentage: 100.00000000000004
Sink 45 SODDISFATTO. Flusso netto: 0.6800000000000002, Demand: 0.68, percentage: 100.00000000000003
Sink 46 SODDISFATTO. Flusso netto: 1.17, Demand: 1.17, percentage: 100.0
Sink 49 non è soddisfatto. Flusso netto: 3.8200000000000003, Demand: 7.0, percentage: 54.57142857142857
Flusso totale entrante nei SINK: 88.47
Flusso totale uscente nei SINK: 45.21000000000001
Flusso totale netto nei SINK: 43.25999999999999
Total DEMAND dei SINK: 46.44
Percentual di flusso ai SINK: 0.9315245478036174
Numero di Sink soddisfatti: 24.0, numero totale di sink: 25.0
Percentuale di Sink soddisfatti: 0.96

---------------------------------- DAY 315

Update Fixed Elements from Intrinsic Faults
Update Fixed Elements from Heavy Faults
Update Fixed Elements from Attack
Propagate Intrinsic Fault
Node NODO_10 has still failing due to Intrinsic Fault
pipeline ARCO_17 still has reduced capacity: 0.0 due to Intrinsic Fault
pipeline ARCO_88 still has reduced capacity: 0.0 due to Intrinsic Fault
pipeline ARCO_89 still has reduced capacity: 0.0 due to Intrinsic Fault
pipeline V_EDGE_53_8 still has reduced capacity: 0.0 due to Intrinsic Fault
pipeline ARCO_18 still has reduced capacity: 0.0 due to Intrinsic Fault
pipeline ARCO_19 still has reduced capacity: 0.0 due to Intrinsic Fault
pipeline ARCO_87 still has reduced capacity: 0.0 due to Intrinsic Fault
Propagate Heavy Faults
Propagate Attacks
Inject Intrinsic Failure To Source
Inject Heavy Fault To Sources
Inject Attack Multiple To Source
Inject Intrinsic Fault To Pipeline
Inject Heavy Fault To Pipeline
Inject Attack To Pipeline
----------- Statistics ------------
	Sources Under Attack: 0
	Sources with Heavy Fault: 0
	Sources with Intrinsic Fault: 1
	Arcs with reduce capacity due to Attack: 0
	Arcs with reduce capacity due to Heavy Fault: 0
	Arcs with reduce capacity due to Intrinsic Fault: 7
	Arcs with Attacks: 0
	Arcs with Heavy Fault: 0
	Arcs with Intrinsic Fault: 0
--------- SOURCES STATISTICS ---------------
Demand del real Source[0]: -31.0, flusso erogato: 11.159999999999997, flusso entrante: 0.0, efficienza: 35.999999999999986 %
Demand del real Source[8]: -10.5, flusso erogato: 0.0, flusso entrante: 0.0, efficienza: 0.0 %
Demand del real Source[9]: -7.1, flusso erogato: 17.259999999999998, flusso entrante: 10.159999999999997, efficienza: 243.09859154929575 %
Demand del real Source[17]: -25.0, flusso erogato: 25.000000000000007, flusso entrante: 0.0, efficienza: 100.00000000000003 %
Flusso totale entrante nei Real Source: 10.159999999999997
Flusso totale uscente dai Real Source: 53.42
Flusso netto sui real Source: -43.260000000000005
--- SINKS STATISTICS ---
Sink 3 SODDISFATTO. Flusso netto: 3.429999999999999, Demand: 3.43, percentage: 99.99999999999997
Sink 4 SODDISFATTO. Flusso netto: 0.5700000000000003, Demand: 0.57, percentage: 100.00000000000007
Sink 5 SODDISFATTO. Flusso netto: 0.6599999999999993, Demand: 0.66, percentage: 99.99999999999987
Sink 11 SODDISFATTO. Flusso netto: 1.0300000000000011, Demand: 1.03, percentage: 100.00000000000011
Sink 15 SODDISFATTO. Flusso netto: 0.4600000000000044, Demand: 0.46, percentage: 100.00000000000095
Sink 16 SODDISFATTO. Flusso netto: 8.399999999999993, Demand: 8.4, percentage: 99.99999999999991
Sink 19 SODDISFATTO. Flusso netto: 0.5399999999999938, Demand: 0.54, percentage: 99.99999999999885
Sink 23 SODDISFATTO. Flusso netto: 0.5999999999999996, Demand: 0.6, percentage: 99.99999999999994
Sink 24 SODDISFATTO. Flusso netto: 0.8000000000000007, Demand: 0.8, percentage: 100.00000000000009
Sink 25 SODDISFATTO. Flusso netto: 3.5, Demand: 3.5, percentage: 100.0
Sink 26 SODDISFATTO. Flusso netto: 6.000000000000007, Demand: 6.0, percentage: 100.00000000000011
Sink 28 SODDISFATTO. Flusso netto: 0.4, Demand: 0.4, percentage: 100.0
Sink 30 SODDISFATTO. Flusso netto: 0.9799999999999933, Demand: 0.98, percentage: 99.99999999999932
Sink 31 SODDISFATTO. Flusso netto: 0.3999999999999999, Demand: 0.4, percentage: 99.99999999999997
Sink 32 SODDISFATTO. Flusso netto: 0.9999999999999989, Demand: 1.0, percentage: 99.99999999999989
Sink 34 SODDISFATTO. Flusso netto: 1.7400000000000002, Demand: 1.74, percentage: 100.00000000000003
Sink 35 SODDISFATTO. Flusso netto: 1.3, Demand: 1.3, percentage: 100.0
Sink 37 SODDISFATTO. Flusso netto: 1.0, Demand: 1.0, percentage: 100.0
Sink 39 SODDISFATTO. Flusso netto: 0.40000000000000036, Demand: 0.4, percentage: 100.00000000000009
Sink 40 SODDISFATTO. Flusso netto: 0.5, Demand: 0.5, percentage: 100.0
Sink 41 SODDISFATTO. Flusso netto: 1.0599999999999996, Demand: 1.06, percentage: 99.99999999999996
Sink 42 SODDISFATTO. Flusso netto: 2.820000000000001, Demand: 2.82, percentage: 100.00000000000004
Sink 45 SODDISFATTO. Flusso netto: 0.6800000000000002, Demand: 0.68, percentage: 100.00000000000003
Sink 46 SODDISFATTO. Flusso netto: 1.17, Demand: 1.17, percentage: 100.0
Sink 49 non è soddisfatto. Flusso netto: 3.8200000000000003, Demand: 7.0, percentage: 54.57142857142857
Flusso totale entrante nei SINK: 88.47
Flusso totale uscente nei SINK: 45.21000000000001
Flusso totale netto nei SINK: 43.25999999999999
Total DEMAND dei SINK: 46.44
Percentual di flusso ai SINK: 0.9315245478036174
Numero di Sink soddisfatti: 24.0, numero totale di sink: 25.0
Percentuale di Sink soddisfatti: 0.96

---------------------------------- DAY 316

Update Fixed Elements from Intrinsic Faults
Update Fixed Elements from Heavy Faults
Update Fixed Elements from Attack
Propagate Intrinsic Fault
Node NODO_10 has still failing due to Intrinsic Fault
pipeline ARCO_17 still has reduced capacity: 0.0 due to Intrinsic Fault
pipeline ARCO_88 still has reduced capacity: 0.0 due to Intrinsic Fault
pipeline ARCO_89 still has reduced capacity: 0.0 due to Intrinsic Fault
pipeline V_EDGE_53_8 still has reduced capacity: 0.0 due to Intrinsic Fault
pipeline ARCO_18 still has reduced capacity: 0.0 due to Intrinsic Fault
pipeline ARCO_19 still has reduced capacity: 0.0 due to Intrinsic Fault
pipeline ARCO_87 still has reduced capacity: 0.0 due to Intrinsic Fault
Propagate Heavy Faults
Propagate Attacks
Inject Intrinsic Failure To Source
Inject Heavy Fault To Sources
Inject Attack Multiple To Source
Inject Intrinsic Fault To Pipeline
Inject Heavy Fault To Pipeline
Inject Attack To Pipeline
----------- Statistics ------------
	Sources Under Attack: 0
	Sources with Heavy Fault: 0
	Sources with Intrinsic Fault: 1
	Arcs with reduce capacity due to Attack: 0
	Arcs with reduce capacity due to Heavy Fault: 0
	Arcs with reduce capacity due to Intrinsic Fault: 7
	Arcs with Attacks: 0
	Arcs with Heavy Fault: 0
	Arcs with Intrinsic Fault: 0
--------- SOURCES STATISTICS ---------------
Demand del real Source[0]: -31.0, flusso erogato: 11.159999999999997, flusso entrante: 0.0, efficienza: 35.999999999999986 %
Demand del real Source[8]: -10.5, flusso erogato: 0.0, flusso entrante: 0.0, efficienza: 0.0 %
Demand del real Source[9]: -7.1, flusso erogato: 17.259999999999998, flusso entrante: 10.159999999999997, efficienza: 243.09859154929575 %
Demand del real Source[17]: -25.0, flusso erogato: 25.000000000000007, flusso entrante: 0.0, efficienza: 100.00000000000003 %
Flusso totale entrante nei Real Source: 10.159999999999997
Flusso totale uscente dai Real Source: 53.42
Flusso netto sui real Source: -43.260000000000005
--- SINKS STATISTICS ---
Sink 3 SODDISFATTO. Flusso netto: 3.429999999999999, Demand: 3.43, percentage: 99.99999999999997
Sink 4 SODDISFATTO. Flusso netto: 0.5700000000000003, Demand: 0.57, percentage: 100.00000000000007
Sink 5 SODDISFATTO. Flusso netto: 0.6599999999999993, Demand: 0.66, percentage: 99.99999999999987
Sink 11 SODDISFATTO. Flusso netto: 1.0300000000000011, Demand: 1.03, percentage: 100.00000000000011
Sink 15 SODDISFATTO. Flusso netto: 0.4600000000000044, Demand: 0.46, percentage: 100.00000000000095
Sink 16 SODDISFATTO. Flusso netto: 8.399999999999993, Demand: 8.4, percentage: 99.99999999999991
Sink 19 SODDISFATTO. Flusso netto: 0.5399999999999938, Demand: 0.54, percentage: 99.99999999999885
Sink 23 SODDISFATTO. Flusso netto: 0.5999999999999996, Demand: 0.6, percentage: 99.99999999999994
Sink 24 SODDISFATTO. Flusso netto: 0.8000000000000007, Demand: 0.8, percentage: 100.00000000000009
Sink 25 SODDISFATTO. Flusso netto: 3.5, Demand: 3.5, percentage: 100.0
Sink 26 SODDISFATTO. Flusso netto: 6.000000000000007, Demand: 6.0, percentage: 100.00000000000011
Sink 28 SODDISFATTO. Flusso netto: 0.4, Demand: 0.4, percentage: 100.0
Sink 30 SODDISFATTO. Flusso netto: 0.9799999999999933, Demand: 0.98, percentage: 99.99999999999932
Sink 31 SODDISFATTO. Flusso netto: 0.3999999999999999, Demand: 0.4, percentage: 99.99999999999997
Sink 32 SODDISFATTO. Flusso netto: 0.9999999999999989, Demand: 1.0, percentage: 99.99999999999989
Sink 34 SODDISFATTO. Flusso netto: 1.7400000000000002, Demand: 1.74, percentage: 100.00000000000003
Sink 35 SODDISFATTO. Flusso netto: 1.3, Demand: 1.3, percentage: 100.0
Sink 37 SODDISFATTO. Flusso netto: 1.0, Demand: 1.0, percentage: 100.0
Sink 39 SODDISFATTO. Flusso netto: 0.40000000000000036, Demand: 0.4, percentage: 100.00000000000009
Sink 40 SODDISFATTO. Flusso netto: 0.5, Demand: 0.5, percentage: 100.0
Sink 41 SODDISFATTO. Flusso netto: 1.0599999999999996, Demand: 1.06, percentage: 99.99999999999996
Sink 42 SODDISFATTO. Flusso netto: 2.820000000000001, Demand: 2.82, percentage: 100.00000000000004
Sink 45 SODDISFATTO. Flusso netto: 0.6800000000000002, Demand: 0.68, percentage: 100.00000000000003
Sink 46 SODDISFATTO. Flusso netto: 1.17, Demand: 1.17, percentage: 100.0
Sink 49 non è soddisfatto. Flusso netto: 3.8200000000000003, Demand: 7.0, percentage: 54.57142857142857
Flusso totale entrante nei SINK: 88.47
Flusso totale uscente nei SINK: 45.21000000000001
Flusso totale netto nei SINK: 43.25999999999999
Total DEMAND dei SINK: 46.44
Percentual di flusso ai SINK: 0.9315245478036174
Numero di Sink soddisfatti: 24.0, numero totale di sink: 25.0
Percentuale di Sink soddisfatti: 0.96

---------------------------------- DAY 317

Update Fixed Elements from Intrinsic Faults
Source NODO_10 fixed from Intrinsic Fault
Pipeline ARCO_17 fixed due to Source NODO_10 fixing from Intrinsic Fault
Pipeline ARCO_88 fixed due to Source NODO_10 fixing from Intrinsic Fault
Pipeline ARCO_89 fixed due to Source NODO_10 fixing from Intrinsic Fault
Pipeline V_EDGE_53_8 fixed due to Source NODO_10 fixing from Intrinsic Fault
Pipeline ARCO_18 fixed due to Source NODO_10 fixing from Intrinsic Fault
Pipeline ARCO_19 fixed due to Source NODO_10 fixing from Intrinsic Fault
Pipeline ARCO_87 fixed due to Source NODO_10 fixing from Intrinsic Fault
Update Fixed Elements from Heavy Faults
Update Fixed Elements from Attack
Propagate Intrinsic Fault
Propagate Heavy Faults
Propagate Attacks
Inject Intrinsic Failure To Source
Inject Heavy Fault To Sources
Inject Attack Multiple To Source
Inject Intrinsic Fault To Pipeline
Inject Heavy Fault To Pipeline
Inject Attack To Pipeline
----------- Statistics ------------
	Sources Under Attack: 0
	Sources with Heavy Fault: 0
	Sources with Intrinsic Fault: 0
	Arcs with reduce capacity due to Attack: 0
	Arcs with reduce capacity due to Heavy Fault: 0
	Arcs with reduce capacity due to Intrinsic Fault: 0
	Arcs with Attacks: 0
	Arcs with Heavy Fault: 0
	Arcs with Intrinsic Fault: 0
--------- SOURCES STATISTICS ---------------
Demand del real Source[0]: -31.0, flusso erogato: 8.069999999999997, flusso entrante: 0.0, efficienza: 26.032258064516117 %
Demand del real Source[8]: -10.5, flusso erogato: 3.8600000000000003, flusso entrante: 0.0, efficienza: 36.76190476190476 %
Demand del real Source[9]: -7.1, flusso erogato: 14.169999999999996, flusso entrante: 7.070000000000007, efficienza: 199.57746478873236 %
Demand del real Source[17]: -25.0, flusso erogato: 25.000000000000007, flusso entrante: 0.0, efficienza: 100.00000000000003 %
Flusso totale entrante nei Real Source: 7.070000000000007
Flusso totale uscente dai Real Source: 51.1
Flusso netto sui real Source: -44.029999999999994
--- SINKS STATISTICS ---
Sink 3 SODDISFATTO. Flusso netto: 3.4299999999999997, Demand: 3.43, percentage: 99.99999999999999
Sink 4 SODDISFATTO. Flusso netto: 0.5700000000000003, Demand: 0.57, percentage: 100.00000000000007
Sink 5 SODDISFATTO. Flusso netto: 0.6600000000000019, Demand: 0.66, percentage: 100.00000000000028
Sink 11 SODDISFATTO. Flusso netto: 1.03, Demand: 1.03, percentage: 100.0
Sink 15 SODDISFATTO. Flusso netto: 0.4600000000000044, Demand: 0.46, percentage: 100.00000000000095
Sink 16 SODDISFATTO. Flusso netto: 8.399999999999993, Demand: 8.4, percentage: 99.99999999999991
Sink 19 SODDISFATTO. Flusso netto: 0.5399999999999938, Demand: 0.54, percentage: 99.99999999999885
Sink 23 SODDISFATTO. Flusso netto: 0.5999999999999996, Demand: 0.6, percentage: 99.99999999999994
Sink 24 SODDISFATTO. Flusso netto: 0.8000000000000007, Demand: 0.8, percentage: 100.00000000000009
Sink 25 SODDISFATTO. Flusso netto: 3.5, Demand: 3.5, percentage: 100.0
Sink 26 SODDISFATTO. Flusso netto: 6.000000000000007, Demand: 6.0, percentage: 100.00000000000011
Sink 28 SODDISFATTO. Flusso netto: 0.4, Demand: 0.4, percentage: 100.0
Sink 30 SODDISFATTO. Flusso netto: 0.9799999999999933, Demand: 0.98, percentage: 99.99999999999932
Sink 31 SODDISFATTO. Flusso netto: 0.3999999999999999, Demand: 0.4, percentage: 99.99999999999997
Sink 32 SODDISFATTO. Flusso netto: 0.9999999999999989, Demand: 1.0, percentage: 99.99999999999989
Sink 34 SODDISFATTO. Flusso netto: 1.7400000000000002, Demand: 1.74, percentage: 100.00000000000003
Sink 35 SODDISFATTO. Flusso netto: 1.3, Demand: 1.3, percentage: 100.0
Sink 37 SODDISFATTO. Flusso netto: 1.0, Demand: 1.0, percentage: 100.0
Sink 39 SODDISFATTO. Flusso netto: 0.40000000000000036, Demand: 0.4, percentage: 100.00000000000009
Sink 40 SODDISFATTO. Flusso netto: 0.5, Demand: 0.5, percentage: 100.0
Sink 41 SODDISFATTO. Flusso netto: 1.0600000000000005, Demand: 1.06, percentage: 100.00000000000004
Sink 42 SODDISFATTO. Flusso netto: 2.8200000000000007, Demand: 2.82, percentage: 100.00000000000003
Sink 45 SODDISFATTO. Flusso netto: 0.6800000000000002, Demand: 0.68, percentage: 100.00000000000003
Sink 46 SODDISFATTO. Flusso netto: 1.17, Demand: 1.17, percentage: 100.0
Sink 49 non è soddisfatto. Flusso netto: 4.59, Demand: 7.0, percentage: 65.57142857142857
Flusso totale entrante nei SINK: 86.46000000000001
Flusso totale uscente nei SINK: 42.430000000000014
Flusso totale netto nei SINK: 44.029999999999994
Total DEMAND dei SINK: 46.44
Percentual di flusso ai SINK: 0.9481050818260119
Numero di Sink soddisfatti: 24.0, numero totale di sink: 25.0
Percentuale di Sink soddisfatti: 0.96

---------------------------------- DAY 318

Update Fixed Elements from Intrinsic Faults
Update Fixed Elements from Heavy Faults
Update Fixed Elements from Attack
Propagate Intrinsic Fault
Propagate Heavy Faults
Propagate Attacks
Inject Intrinsic Failure To Source
Source NODO_11 is failing for an Intrinsic Fault in day: 318
pipeline ARCO_3 has reduced capacity due to NODO_11 Intrinsic fault
pipeline ARCO_90 has reduced capacity due to NODO_11 Intrinsic fault
pipeline ARCO_91 has reduced capacity due to NODO_11 Intrinsic fault
pipeline ARCO_92 has reduced capacity due to NODO_11 Intrinsic fault
pipeline V_EDGE_53_9 has reduced capacity due to NODO_11 Intrinsic fault
pipeline ARCO_20 has reduced capacity due to NODO_11 Intrinsic fault
pipeline ARCO_21 has reduced capacity due to NODO_11 Intrinsic fault
pipeline ARCO_22 has reduced capacity due to NODO_11 Intrinsic fault
pipeline ARCO_73 has reduced capacity due to NODO_11 Intrinsic fault
Inject Heavy Fault To Sources
Inject Attack Multiple To Source
Inject Intrinsic Fault To Pipeline
Inject Heavy Fault To Pipeline
Inject Attack To Pipeline
----------- Statistics ------------
	Sources Under Attack: 0
	Sources with Heavy Fault: 0
	Sources with Intrinsic Fault: 1
	Arcs with reduce capacity due to Attack: 0
	Arcs with reduce capacity due to Heavy Fault: 0
	Arcs with reduce capacity due to Intrinsic Fault: 9
	Arcs with Attacks: 0
	Arcs with Heavy Fault: 0
	Arcs with Intrinsic Fault: 0
--------- SOURCES STATISTICS ---------------
Demand del real Source[0]: -31.0, flusso erogato: 8.729999999999993, flusso entrante: 0.0, efficienza: 28.161290322580623 %
Demand del real Source[8]: -10.5, flusso erogato: 3.8600000000000003, flusso entrante: 0.0, efficienza: 36.76190476190476 %
Demand del real Source[9]: -7.1, flusso erogato: 13.409999999999997, flusso entrante: 7.73, efficienza: 188.87323943661968 %
Demand del real Source[17]: -25.0, flusso erogato: 25.000000000000007, flusso entrante: 0.0, efficienza: 100.00000000000003 %
Flusso totale entrante nei Real Source: 7.73
Flusso totale uscente dai Real Source: 51.0
Flusso netto sui real Source: -43.269999999999996
--- SINKS STATISTICS ---
Sink 3 SODDISFATTO. Flusso netto: 3.4299999999999997, Demand: 3.43, percentage: 99.99999999999999
Sink 4 SODDISFATTO. Flusso netto: 0.5700000000000003, Demand: 0.57, percentage: 100.00000000000007
Sink 5 SODDISFATTO. Flusso netto: 0.6600000000000001, Demand: 0.66, percentage: 100.00000000000003
Sink 11 SODDISFATTO. Flusso netto: 1.03, Demand: 1.03, percentage: 100.0
Sink 15 SODDISFATTO. Flusso netto: 0.4600000000000044, Demand: 0.46, percentage: 100.00000000000095
Sink 16 SODDISFATTO. Flusso netto: 8.399999999999993, Demand: 8.4, percentage: 99.99999999999991
Sink 19 SODDISFATTO. Flusso netto: 0.5399999999999938, Demand: 0.54, percentage: 99.99999999999885
Sink 23 SODDISFATTO. Flusso netto: 0.5999999999999996, Demand: 0.6, percentage: 99.99999999999994
Sink 24 SODDISFATTO. Flusso netto: 0.8000000000000007, Demand: 0.8, percentage: 100.00000000000009
Sink 25 SODDISFATTO. Flusso netto: 3.5, Demand: 3.5, percentage: 100.0
Sink 26 SODDISFATTO. Flusso netto: 6.000000000000007, Demand: 6.0, percentage: 100.00000000000011
Sink 28 SODDISFATTO. Flusso netto: 0.4, Demand: 0.4, percentage: 100.0
Sink 30 SODDISFATTO. Flusso netto: 0.9799999999999933, Demand: 0.98, percentage: 99.99999999999932
Sink 31 SODDISFATTO. Flusso netto: 0.3999999999999999, Demand: 0.4, percentage: 99.99999999999997
Sink 32 SODDISFATTO. Flusso netto: 0.9999999999999989, Demand: 1.0, percentage: 99.99999999999989
Sink 34 SODDISFATTO. Flusso netto: 1.7400000000000002, Demand: 1.74, percentage: 100.00000000000003
Sink 35 SODDISFATTO. Flusso netto: 1.3, Demand: 1.3, percentage: 100.0
Sink 37 SODDISFATTO. Flusso netto: 1.0, Demand: 1.0, percentage: 100.0
Sink 39 SODDISFATTO. Flusso netto: 0.40000000000000036, Demand: 0.4, percentage: 100.00000000000009
Sink 40 SODDISFATTO. Flusso netto: 0.5, Demand: 0.5, percentage: 100.0
Sink 41 SODDISFATTO. Flusso netto: 1.0600000000000005, Demand: 1.06, percentage: 100.00000000000004
Sink 42 SODDISFATTO. Flusso netto: 2.819999999999999, Demand: 2.82, percentage: 99.99999999999997
Sink 45 SODDISFATTO. Flusso netto: 0.6800000000000002, Demand: 0.68, percentage: 100.00000000000003
Sink 46 SODDISFATTO. Flusso netto: 1.17, Demand: 1.17, percentage: 100.0
Sink 49 non è soddisfatto. Flusso netto: 3.83, Demand: 7.0, percentage: 54.714285714285715
Flusso totale entrante nei SINK: 85.282
Flusso totale uscente nei SINK: 42.01200000000001
Flusso totale netto nei SINK: 43.26999999999999
Total DEMAND dei SINK: 46.44
Percentual di flusso ai SINK: 0.9317398794142978
Numero di Sink soddisfatti: 24.0, numero totale di sink: 25.0
Percentuale di Sink soddisfatti: 0.96

---------------------------------- DAY 319

Update Fixed Elements from Intrinsic Faults
Update Fixed Elements from Heavy Faults
Update Fixed Elements from Attack
Propagate Intrinsic Fault
Node NODO_11 has still failing due to Intrinsic Fault
pipeline ARCO_3 still has reduced capacity: 9.688 due to Intrinsic Fault
pipeline ARCO_90 still has reduced capacity: 1.6 due to Intrinsic Fault
pipeline ARCO_91 still has reduced capacity: 9.688 due to Intrinsic Fault
pipeline ARCO_92 still has reduced capacity: 39.328 due to Intrinsic Fault
pipeline V_EDGE_53_9 still has reduced capacity: 5.68 due to Intrinsic Fault
pipeline ARCO_20 still has reduced capacity: 1.6 due to Intrinsic Fault
pipeline ARCO_21 still has reduced capacity: 9.688 due to Intrinsic Fault
pipeline ARCO_22 still has reduced capacity: 39.328 due to Intrinsic Fault
pipeline ARCO_73 still has reduced capacity: 9.688 due to Intrinsic Fault
Propagate Heavy Faults
Propagate Attacks
Inject Intrinsic Failure To Source
Inject Heavy Fault To Sources
Inject Attack Multiple To Source
Inject Intrinsic Fault To Pipeline
Inject Heavy Fault To Pipeline
Inject Attack To Pipeline
----------- Statistics ------------
	Sources Under Attack: 0
	Sources with Heavy Fault: 0
	Sources with Intrinsic Fault: 1
	Arcs with reduce capacity due to Attack: 0
	Arcs with reduce capacity due to Heavy Fault: 0
	Arcs with reduce capacity due to Intrinsic Fault: 9
	Arcs with Attacks: 0
	Arcs with Heavy Fault: 0
	Arcs with Intrinsic Fault: 0
--------- SOURCES STATISTICS ---------------
Demand del real Source[0]: -31.0, flusso erogato: 8.729999999999993, flusso entrante: 0.0, efficienza: 28.161290322580623 %
Demand del real Source[8]: -10.5, flusso erogato: 3.8600000000000003, flusso entrante: 0.0, efficienza: 36.76190476190476 %
Demand del real Source[9]: -7.1, flusso erogato: 13.409999999999997, flusso entrante: 7.73, efficienza: 188.87323943661968 %
Demand del real Source[17]: -25.0, flusso erogato: 25.000000000000007, flusso entrante: 0.0, efficienza: 100.00000000000003 %
Flusso totale entrante nei Real Source: 7.73
Flusso totale uscente dai Real Source: 51.0
Flusso netto sui real Source: -43.269999999999996
--- SINKS STATISTICS ---
Sink 3 SODDISFATTO. Flusso netto: 3.4299999999999997, Demand: 3.43, percentage: 99.99999999999999
Sink 4 SODDISFATTO. Flusso netto: 0.5700000000000003, Demand: 0.57, percentage: 100.00000000000007
Sink 5 SODDISFATTO. Flusso netto: 0.6600000000000001, Demand: 0.66, percentage: 100.00000000000003
Sink 11 SODDISFATTO. Flusso netto: 1.03, Demand: 1.03, percentage: 100.0
Sink 15 SODDISFATTO. Flusso netto: 0.4600000000000044, Demand: 0.46, percentage: 100.00000000000095
Sink 16 SODDISFATTO. Flusso netto: 8.399999999999993, Demand: 8.4, percentage: 99.99999999999991
Sink 19 SODDISFATTO. Flusso netto: 0.5399999999999938, Demand: 0.54, percentage: 99.99999999999885
Sink 23 SODDISFATTO. Flusso netto: 0.5999999999999996, Demand: 0.6, percentage: 99.99999999999994
Sink 24 SODDISFATTO. Flusso netto: 0.8000000000000007, Demand: 0.8, percentage: 100.00000000000009
Sink 25 SODDISFATTO. Flusso netto: 3.5, Demand: 3.5, percentage: 100.0
Sink 26 SODDISFATTO. Flusso netto: 6.000000000000007, Demand: 6.0, percentage: 100.00000000000011
Sink 28 SODDISFATTO. Flusso netto: 0.4, Demand: 0.4, percentage: 100.0
Sink 30 SODDISFATTO. Flusso netto: 0.9799999999999933, Demand: 0.98, percentage: 99.99999999999932
Sink 31 SODDISFATTO. Flusso netto: 0.3999999999999999, Demand: 0.4, percentage: 99.99999999999997
Sink 32 SODDISFATTO. Flusso netto: 0.9999999999999989, Demand: 1.0, percentage: 99.99999999999989
Sink 34 SODDISFATTO. Flusso netto: 1.7400000000000002, Demand: 1.74, percentage: 100.00000000000003
Sink 35 SODDISFATTO. Flusso netto: 1.3, Demand: 1.3, percentage: 100.0
Sink 37 SODDISFATTO. Flusso netto: 1.0, Demand: 1.0, percentage: 100.0
Sink 39 SODDISFATTO. Flusso netto: 0.40000000000000036, Demand: 0.4, percentage: 100.00000000000009
Sink 40 SODDISFATTO. Flusso netto: 0.5, Demand: 0.5, percentage: 100.0
Sink 41 SODDISFATTO. Flusso netto: 1.0600000000000005, Demand: 1.06, percentage: 100.00000000000004
Sink 42 SODDISFATTO. Flusso netto: 2.819999999999999, Demand: 2.82, percentage: 99.99999999999997
Sink 45 SODDISFATTO. Flusso netto: 0.6800000000000002, Demand: 0.68, percentage: 100.00000000000003
Sink 46 SODDISFATTO. Flusso netto: 1.17, Demand: 1.17, percentage: 100.0
Sink 49 non è soddisfatto. Flusso netto: 3.83, Demand: 7.0, percentage: 54.714285714285715
Flusso totale entrante nei SINK: 85.282
Flusso totale uscente nei SINK: 42.01200000000001
Flusso totale netto nei SINK: 43.26999999999999
Total DEMAND dei SINK: 46.44
Percentual di flusso ai SINK: 0.9317398794142978
Numero di Sink soddisfatti: 24.0, numero totale di sink: 25.0
Percentuale di Sink soddisfatti: 0.96

---------------------------------- DAY 320

Update Fixed Elements from Intrinsic Faults
Update Fixed Elements from Heavy Faults
Update Fixed Elements from Attack
Propagate Intrinsic Fault
Node NODO_11 has still failing due to Intrinsic Fault
pipeline ARCO_3 still has reduced capacity: 9.688 due to Intrinsic Fault
pipeline ARCO_90 still has reduced capacity: 1.6 due to Intrinsic Fault
pipeline ARCO_91 still has reduced capacity: 9.688 due to Intrinsic Fault
pipeline ARCO_92 still has reduced capacity: 39.328 due to Intrinsic Fault
pipeline V_EDGE_53_9 still has reduced capacity: 5.68 due to Intrinsic Fault
pipeline ARCO_20 still has reduced capacity: 1.6 due to Intrinsic Fault
pipeline ARCO_21 still has reduced capacity: 9.688 due to Intrinsic Fault
pipeline ARCO_22 still has reduced capacity: 39.328 due to Intrinsic Fault
pipeline ARCO_73 still has reduced capacity: 9.688 due to Intrinsic Fault
Propagate Heavy Faults
Propagate Attacks
Inject Intrinsic Failure To Source
Inject Heavy Fault To Sources
Inject Attack Multiple To Source
Inject Intrinsic Fault To Pipeline
Inject Heavy Fault To Pipeline
Inject Attack To Pipeline
----------- Statistics ------------
	Sources Under Attack: 0
	Sources with Heavy Fault: 0
	Sources with Intrinsic Fault: 1
	Arcs with reduce capacity due to Attack: 0
	Arcs with reduce capacity due to Heavy Fault: 0
	Arcs with reduce capacity due to Intrinsic Fault: 9
	Arcs with Attacks: 0
	Arcs with Heavy Fault: 0
	Arcs with Intrinsic Fault: 0
--------- SOURCES STATISTICS ---------------
Demand del real Source[0]: -31.0, flusso erogato: 8.729999999999993, flusso entrante: 0.0, efficienza: 28.161290322580623 %
Demand del real Source[8]: -10.5, flusso erogato: 3.8600000000000003, flusso entrante: 0.0, efficienza: 36.76190476190476 %
Demand del real Source[9]: -7.1, flusso erogato: 13.409999999999997, flusso entrante: 7.73, efficienza: 188.87323943661968 %
Demand del real Source[17]: -25.0, flusso erogato: 25.000000000000007, flusso entrante: 0.0, efficienza: 100.00000000000003 %
Flusso totale entrante nei Real Source: 7.73
Flusso totale uscente dai Real Source: 51.0
Flusso netto sui real Source: -43.269999999999996
--- SINKS STATISTICS ---
Sink 3 SODDISFATTO. Flusso netto: 3.4299999999999997, Demand: 3.43, percentage: 99.99999999999999
Sink 4 SODDISFATTO. Flusso netto: 0.5700000000000003, Demand: 0.57, percentage: 100.00000000000007
Sink 5 SODDISFATTO. Flusso netto: 0.6600000000000001, Demand: 0.66, percentage: 100.00000000000003
Sink 11 SODDISFATTO. Flusso netto: 1.03, Demand: 1.03, percentage: 100.0
Sink 15 SODDISFATTO. Flusso netto: 0.4600000000000044, Demand: 0.46, percentage: 100.00000000000095
Sink 16 SODDISFATTO. Flusso netto: 8.399999999999993, Demand: 8.4, percentage: 99.99999999999991
Sink 19 SODDISFATTO. Flusso netto: 0.5399999999999938, Demand: 0.54, percentage: 99.99999999999885
Sink 23 SODDISFATTO. Flusso netto: 0.5999999999999996, Demand: 0.6, percentage: 99.99999999999994
Sink 24 SODDISFATTO. Flusso netto: 0.8000000000000007, Demand: 0.8, percentage: 100.00000000000009
Sink 25 SODDISFATTO. Flusso netto: 3.5, Demand: 3.5, percentage: 100.0
Sink 26 SODDISFATTO. Flusso netto: 6.000000000000007, Demand: 6.0, percentage: 100.00000000000011
Sink 28 SODDISFATTO. Flusso netto: 0.4, Demand: 0.4, percentage: 100.0
Sink 30 SODDISFATTO. Flusso netto: 0.9799999999999933, Demand: 0.98, percentage: 99.99999999999932
Sink 31 SODDISFATTO. Flusso netto: 0.3999999999999999, Demand: 0.4, percentage: 99.99999999999997
Sink 32 SODDISFATTO. Flusso netto: 0.9999999999999989, Demand: 1.0, percentage: 99.99999999999989
Sink 34 SODDISFATTO. Flusso netto: 1.7400000000000002, Demand: 1.74, percentage: 100.00000000000003
Sink 35 SODDISFATTO. Flusso netto: 1.3, Demand: 1.3, percentage: 100.0
Sink 37 SODDISFATTO. Flusso netto: 1.0, Demand: 1.0, percentage: 100.0
Sink 39 SODDISFATTO. Flusso netto: 0.40000000000000036, Demand: 0.4, percentage: 100.00000000000009
Sink 40 SODDISFATTO. Flusso netto: 0.5, Demand: 0.5, percentage: 100.0
Sink 41 SODDISFATTO. Flusso netto: 1.0600000000000005, Demand: 1.06, percentage: 100.00000000000004
Sink 42 SODDISFATTO. Flusso netto: 2.819999999999999, Demand: 2.82, percentage: 99.99999999999997
Sink 45 SODDISFATTO. Flusso netto: 0.6800000000000002, Demand: 0.68, percentage: 100.00000000000003
Sink 46 SODDISFATTO. Flusso netto: 1.17, Demand: 1.17, percentage: 100.0
Sink 49 non è soddisfatto. Flusso netto: 3.83, Demand: 7.0, percentage: 54.714285714285715
Flusso totale entrante nei SINK: 85.282
Flusso totale uscente nei SINK: 42.01200000000001
Flusso totale netto nei SINK: 43.26999999999999
Total DEMAND dei SINK: 46.44
Percentual di flusso ai SINK: 0.9317398794142978
Numero di Sink soddisfatti: 24.0, numero totale di sink: 25.0
Percentuale di Sink soddisfatti: 0.96

---------------------------------- DAY 321

Update Fixed Elements from Intrinsic Faults
Source NODO_11 fixed from Intrinsic Fault
Pipeline ARCO_3 fixed due to Source NODO_11 fixing from Intrinsic Fault
Pipeline ARCO_90 fixed due to Source NODO_11 fixing from Intrinsic Fault
Pipeline ARCO_91 fixed due to Source NODO_11 fixing from Intrinsic Fault
Pipeline ARCO_92 fixed due to Source NODO_11 fixing from Intrinsic Fault
Pipeline V_EDGE_53_9 fixed due to Source NODO_11 fixing from Intrinsic Fault
Pipeline ARCO_20 fixed due to Source NODO_11 fixing from Intrinsic Fault
Pipeline ARCO_21 fixed due to Source NODO_11 fixing from Intrinsic Fault
Pipeline ARCO_22 fixed due to Source NODO_11 fixing from Intrinsic Fault
Pipeline ARCO_73 fixed due to Source NODO_11 fixing from Intrinsic Fault
Update Fixed Elements from Heavy Faults
Update Fixed Elements from Attack
Propagate Intrinsic Fault
Propagate Heavy Faults
Propagate Attacks
Inject Intrinsic Failure To Source
Source NODO_11 is failing for an Intrinsic Fault in day: 321
pipeline ARCO_3 has reduced capacity due to NODO_11 Intrinsic fault
pipeline ARCO_90 has reduced capacity due to NODO_11 Intrinsic fault
pipeline ARCO_91 has reduced capacity due to NODO_11 Intrinsic fault
pipeline ARCO_92 has reduced capacity due to NODO_11 Intrinsic fault
pipeline V_EDGE_53_9 has reduced capacity due to NODO_11 Intrinsic fault
pipeline ARCO_20 has reduced capacity due to NODO_11 Intrinsic fault
pipeline ARCO_21 has reduced capacity due to NODO_11 Intrinsic fault
pipeline ARCO_22 has reduced capacity due to NODO_11 Intrinsic fault
pipeline ARCO_73 has reduced capacity due to NODO_11 Intrinsic fault
Inject Heavy Fault To Sources
Inject Attack Multiple To Source
Inject Intrinsic Fault To Pipeline
Inject Heavy Fault To Pipeline
Inject Attack To Pipeline
----------- Statistics ------------
	Sources Under Attack: 0
	Sources with Heavy Fault: 0
	Sources with Intrinsic Fault: 1
	Arcs with reduce capacity due to Attack: 0
	Arcs with reduce capacity due to Heavy Fault: 0
	Arcs with reduce capacity due to Intrinsic Fault: 9
	Arcs with Attacks: 0
	Arcs with Heavy Fault: 0
	Arcs with Intrinsic Fault: 0
--------- SOURCES STATISTICS ---------------
Demand del real Source[0]: -31.0, flusso erogato: 8.729999999999993, flusso entrante: 0.0, efficienza: 28.161290322580623 %
Demand del real Source[8]: -10.5, flusso erogato: 3.8600000000000003, flusso entrante: 0.0, efficienza: 36.76190476190476 %
Demand del real Source[9]: -7.1, flusso erogato: 13.409999999999997, flusso entrante: 7.73, efficienza: 188.87323943661968 %
Demand del real Source[17]: -25.0, flusso erogato: 25.000000000000007, flusso entrante: 0.0, efficienza: 100.00000000000003 %
Flusso totale entrante nei Real Source: 7.73
Flusso totale uscente dai Real Source: 51.0
Flusso netto sui real Source: -43.269999999999996
--- SINKS STATISTICS ---
Sink 3 SODDISFATTO. Flusso netto: 3.4299999999999997, Demand: 3.43, percentage: 99.99999999999999
Sink 4 SODDISFATTO. Flusso netto: 0.5700000000000003, Demand: 0.57, percentage: 100.00000000000007
Sink 5 SODDISFATTO. Flusso netto: 0.6600000000000001, Demand: 0.66, percentage: 100.00000000000003
Sink 11 SODDISFATTO. Flusso netto: 1.03, Demand: 1.03, percentage: 100.0
Sink 15 SODDISFATTO. Flusso netto: 0.4600000000000044, Demand: 0.46, percentage: 100.00000000000095
Sink 16 SODDISFATTO. Flusso netto: 8.399999999999993, Demand: 8.4, percentage: 99.99999999999991
Sink 19 SODDISFATTO. Flusso netto: 0.5399999999999938, Demand: 0.54, percentage: 99.99999999999885
Sink 23 SODDISFATTO. Flusso netto: 0.5999999999999996, Demand: 0.6, percentage: 99.99999999999994
Sink 24 SODDISFATTO. Flusso netto: 0.8000000000000007, Demand: 0.8, percentage: 100.00000000000009
Sink 25 SODDISFATTO. Flusso netto: 3.5, Demand: 3.5, percentage: 100.0
Sink 26 SODDISFATTO. Flusso netto: 6.000000000000007, Demand: 6.0, percentage: 100.00000000000011
Sink 28 SODDISFATTO. Flusso netto: 0.4, Demand: 0.4, percentage: 100.0
Sink 30 SODDISFATTO. Flusso netto: 0.9799999999999933, Demand: 0.98, percentage: 99.99999999999932
Sink 31 SODDISFATTO. Flusso netto: 0.3999999999999999, Demand: 0.4, percentage: 99.99999999999997
Sink 32 SODDISFATTO. Flusso netto: 0.9999999999999989, Demand: 1.0, percentage: 99.99999999999989
Sink 34 SODDISFATTO. Flusso netto: 1.7400000000000002, Demand: 1.74, percentage: 100.00000000000003
Sink 35 SODDISFATTO. Flusso netto: 1.3, Demand: 1.3, percentage: 100.0
Sink 37 SODDISFATTO. Flusso netto: 1.0, Demand: 1.0, percentage: 100.0
Sink 39 SODDISFATTO. Flusso netto: 0.40000000000000036, Demand: 0.4, percentage: 100.00000000000009
Sink 40 SODDISFATTO. Flusso netto: 0.5, Demand: 0.5, percentage: 100.0
Sink 41 SODDISFATTO. Flusso netto: 1.0600000000000005, Demand: 1.06, percentage: 100.00000000000004
Sink 42 SODDISFATTO. Flusso netto: 2.819999999999999, Demand: 2.82, percentage: 99.99999999999997
Sink 45 SODDISFATTO. Flusso netto: 0.6800000000000002, Demand: 0.68, percentage: 100.00000000000003
Sink 46 SODDISFATTO. Flusso netto: 1.17, Demand: 1.17, percentage: 100.0
Sink 49 non è soddisfatto. Flusso netto: 3.83, Demand: 7.0, percentage: 54.714285714285715
Flusso totale entrante nei SINK: 85.282
Flusso totale uscente nei SINK: 42.01200000000001
Flusso totale netto nei SINK: 43.26999999999999
Total DEMAND dei SINK: 46.44
Percentual di flusso ai SINK: 0.9317398794142978
Numero di Sink soddisfatti: 24.0, numero totale di sink: 25.0
Percentuale di Sink soddisfatti: 0.96

---------------------------------- DAY 322

Update Fixed Elements from Intrinsic Faults
Update Fixed Elements from Heavy Faults
Update Fixed Elements from Attack
Propagate Intrinsic Fault
Node NODO_11 has still failing due to Intrinsic Fault
pipeline ARCO_3 still has reduced capacity: 9.688 due to Intrinsic Fault
pipeline ARCO_90 still has reduced capacity: 1.6 due to Intrinsic Fault
pipeline ARCO_91 still has reduced capacity: 9.688 due to Intrinsic Fault
pipeline ARCO_92 still has reduced capacity: 39.328 due to Intrinsic Fault
pipeline V_EDGE_53_9 still has reduced capacity: 5.68 due to Intrinsic Fault
pipeline ARCO_20 still has reduced capacity: 1.6 due to Intrinsic Fault
pipeline ARCO_21 still has reduced capacity: 9.688 due to Intrinsic Fault
pipeline ARCO_22 still has reduced capacity: 39.328 due to Intrinsic Fault
pipeline ARCO_73 still has reduced capacity: 9.688 due to Intrinsic Fault
Propagate Heavy Faults
Propagate Attacks
Inject Intrinsic Failure To Source
Inject Heavy Fault To Sources
Inject Attack Multiple To Source
Inject Intrinsic Fault To Pipeline
Inject Heavy Fault To Pipeline
Inject Attack To Pipeline
----------- Statistics ------------
	Sources Under Attack: 0
	Sources with Heavy Fault: 0
	Sources with Intrinsic Fault: 1
	Arcs with reduce capacity due to Attack: 0
	Arcs with reduce capacity due to Heavy Fault: 0
	Arcs with reduce capacity due to Intrinsic Fault: 9
	Arcs with Attacks: 0
	Arcs with Heavy Fault: 0
	Arcs with Intrinsic Fault: 0
--------- SOURCES STATISTICS ---------------
Demand del real Source[0]: -31.0, flusso erogato: 8.729999999999993, flusso entrante: 0.0, efficienza: 28.161290322580623 %
Demand del real Source[8]: -10.5, flusso erogato: 3.8600000000000003, flusso entrante: 0.0, efficienza: 36.76190476190476 %
Demand del real Source[9]: -7.1, flusso erogato: 13.409999999999997, flusso entrante: 7.73, efficienza: 188.87323943661968 %
Demand del real Source[17]: -25.0, flusso erogato: 25.000000000000007, flusso entrante: 0.0, efficienza: 100.00000000000003 %
Flusso totale entrante nei Real Source: 7.73
Flusso totale uscente dai Real Source: 51.0
Flusso netto sui real Source: -43.269999999999996
--- SINKS STATISTICS ---
Sink 3 SODDISFATTO. Flusso netto: 3.4299999999999997, Demand: 3.43, percentage: 99.99999999999999
Sink 4 SODDISFATTO. Flusso netto: 0.5700000000000003, Demand: 0.57, percentage: 100.00000000000007
Sink 5 SODDISFATTO. Flusso netto: 0.6600000000000001, Demand: 0.66, percentage: 100.00000000000003
Sink 11 SODDISFATTO. Flusso netto: 1.03, Demand: 1.03, percentage: 100.0
Sink 15 SODDISFATTO. Flusso netto: 0.4600000000000044, Demand: 0.46, percentage: 100.00000000000095
Sink 16 SODDISFATTO. Flusso netto: 8.399999999999993, Demand: 8.4, percentage: 99.99999999999991
Sink 19 SODDISFATTO. Flusso netto: 0.5399999999999938, Demand: 0.54, percentage: 99.99999999999885
Sink 23 SODDISFATTO. Flusso netto: 0.5999999999999996, Demand: 0.6, percentage: 99.99999999999994
Sink 24 SODDISFATTO. Flusso netto: 0.8000000000000007, Demand: 0.8, percentage: 100.00000000000009
Sink 25 SODDISFATTO. Flusso netto: 3.5, Demand: 3.5, percentage: 100.0
Sink 26 SODDISFATTO. Flusso netto: 6.000000000000007, Demand: 6.0, percentage: 100.00000000000011
Sink 28 SODDISFATTO. Flusso netto: 0.4, Demand: 0.4, percentage: 100.0
Sink 30 SODDISFATTO. Flusso netto: 0.9799999999999933, Demand: 0.98, percentage: 99.99999999999932
Sink 31 SODDISFATTO. Flusso netto: 0.3999999999999999, Demand: 0.4, percentage: 99.99999999999997
Sink 32 SODDISFATTO. Flusso netto: 0.9999999999999989, Demand: 1.0, percentage: 99.99999999999989
Sink 34 SODDISFATTO. Flusso netto: 1.7400000000000002, Demand: 1.74, percentage: 100.00000000000003
Sink 35 SODDISFATTO. Flusso netto: 1.3, Demand: 1.3, percentage: 100.0
Sink 37 SODDISFATTO. Flusso netto: 1.0, Demand: 1.0, percentage: 100.0
Sink 39 SODDISFATTO. Flusso netto: 0.40000000000000036, Demand: 0.4, percentage: 100.00000000000009
Sink 40 SODDISFATTO. Flusso netto: 0.5, Demand: 0.5, percentage: 100.0
Sink 41 SODDISFATTO. Flusso netto: 1.0600000000000005, Demand: 1.06, percentage: 100.00000000000004
Sink 42 SODDISFATTO. Flusso netto: 2.819999999999999, Demand: 2.82, percentage: 99.99999999999997
Sink 45 SODDISFATTO. Flusso netto: 0.6800000000000002, Demand: 0.68, percentage: 100.00000000000003
Sink 46 SODDISFATTO. Flusso netto: 1.17, Demand: 1.17, percentage: 100.0
Sink 49 non è soddisfatto. Flusso netto: 3.83, Demand: 7.0, percentage: 54.714285714285715
Flusso totale entrante nei SINK: 85.282
Flusso totale uscente nei SINK: 42.01200000000001
Flusso totale netto nei SINK: 43.26999999999999
Total DEMAND dei SINK: 46.44
Percentual di flusso ai SINK: 0.9317398794142978
Numero di Sink soddisfatti: 24.0, numero totale di sink: 25.0
Percentuale di Sink soddisfatti: 0.96

---------------------------------- DAY 323

Update Fixed Elements from Intrinsic Faults
Update Fixed Elements from Heavy Faults
Update Fixed Elements from Attack
Propagate Intrinsic Fault
Node NODO_11 has still failing due to Intrinsic Fault
pipeline ARCO_3 still has reduced capacity: 9.688 due to Intrinsic Fault
pipeline ARCO_90 still has reduced capacity: 1.6 due to Intrinsic Fault
pipeline ARCO_91 still has reduced capacity: 9.688 due to Intrinsic Fault
pipeline ARCO_92 still has reduced capacity: 39.328 due to Intrinsic Fault
pipeline V_EDGE_53_9 still has reduced capacity: 5.68 due to Intrinsic Fault
pipeline ARCO_20 still has reduced capacity: 1.6 due to Intrinsic Fault
pipeline ARCO_21 still has reduced capacity: 9.688 due to Intrinsic Fault
pipeline ARCO_22 still has reduced capacity: 39.328 due to Intrinsic Fault
pipeline ARCO_73 still has reduced capacity: 9.688 due to Intrinsic Fault
Propagate Heavy Faults
Propagate Attacks
Inject Intrinsic Failure To Source
Source NODO_11 is failing for an Intrinsic Fault in day: 323
pipeline ARCO_3 has reduced capacity due to NODO_11 Intrinsic fault
pipeline ARCO_90 has reduced capacity due to NODO_11 Intrinsic fault
pipeline ARCO_91 has reduced capacity due to NODO_11 Intrinsic fault
pipeline ARCO_92 has reduced capacity due to NODO_11 Intrinsic fault
pipeline V_EDGE_53_9 has reduced capacity due to NODO_11 Intrinsic fault
pipeline ARCO_20 has reduced capacity due to NODO_11 Intrinsic fault
pipeline ARCO_21 has reduced capacity due to NODO_11 Intrinsic fault
pipeline ARCO_22 has reduced capacity due to NODO_11 Intrinsic fault
pipeline ARCO_73 has reduced capacity due to NODO_11 Intrinsic fault
Inject Heavy Fault To Sources
Inject Attack Multiple To Source
Inject Intrinsic Fault To Pipeline
Inject Heavy Fault To Pipeline
Inject Attack To Pipeline
----------- Statistics ------------
	Sources Under Attack: 0
	Sources with Heavy Fault: 0
	Sources with Intrinsic Fault: 1
	Arcs with reduce capacity due to Attack: 0
	Arcs with reduce capacity due to Heavy Fault: 0
	Arcs with reduce capacity due to Intrinsic Fault: 9
	Arcs with Attacks: 0
	Arcs with Heavy Fault: 0
	Arcs with Intrinsic Fault: 0
--------- SOURCES STATISTICS ---------------
Demand del real Source[0]: -31.0, flusso erogato: 9.865999999999996, flusso entrante: 0.0, efficienza: 31.82580645161289 %
Demand del real Source[8]: -10.5, flusso erogato: 3.8600000000000003, flusso entrante: 0.0, efficienza: 36.76190476190476 %
Demand del real Source[9]: -7.1, flusso erogato: 13.41, flusso entrante: 8.865999999999996, efficienza: 188.87323943661974 %
Demand del real Source[17]: -25.0, flusso erogato: 25.000000000000007, flusso entrante: 0.0, efficienza: 100.00000000000003 %
Flusso totale entrante nei Real Source: 8.865999999999996
Flusso totale uscente dai Real Source: 52.136
Flusso netto sui real Source: -43.27000000000001
--- SINKS STATISTICS ---
Sink 3 SODDISFATTO. Flusso netto: 3.4300000000000006, Demand: 3.43, percentage: 100.00000000000003
Sink 4 SODDISFATTO. Flusso netto: 0.5700000000000003, Demand: 0.57, percentage: 100.00000000000007
Sink 5 SODDISFATTO. Flusso netto: 0.6600000000000001, Demand: 0.66, percentage: 100.00000000000003
Sink 11 SODDISFATTO. Flusso netto: 1.03, Demand: 1.03, percentage: 100.0
Sink 15 SODDISFATTO. Flusso netto: 0.4600000000000044, Demand: 0.46, percentage: 100.00000000000095
Sink 16 SODDISFATTO. Flusso netto: 8.399999999999993, Demand: 8.4, percentage: 99.99999999999991
Sink 19 SODDISFATTO. Flusso netto: 0.5399999999999938, Demand: 0.54, percentage: 99.99999999999885
Sink 23 SODDISFATTO. Flusso netto: 0.5999999999999996, Demand: 0.6, percentage: 99.99999999999994
Sink 24 SODDISFATTO. Flusso netto: 0.8000000000000007, Demand: 0.8, percentage: 100.00000000000009
Sink 25 SODDISFATTO. Flusso netto: 3.5, Demand: 3.5, percentage: 100.0
Sink 26 SODDISFATTO. Flusso netto: 6.000000000000007, Demand: 6.0, percentage: 100.00000000000011
Sink 28 SODDISFATTO. Flusso netto: 0.4, Demand: 0.4, percentage: 100.0
Sink 30 SODDISFATTO. Flusso netto: 0.9799999999999933, Demand: 0.98, percentage: 99.99999999999932
Sink 31 SODDISFATTO. Flusso netto: 0.3999999999999999, Demand: 0.4, percentage: 99.99999999999997
Sink 32 SODDISFATTO. Flusso netto: 0.9999999999999989, Demand: 1.0, percentage: 99.99999999999989
Sink 34 SODDISFATTO. Flusso netto: 1.7400000000000002, Demand: 1.74, percentage: 100.00000000000003
Sink 35 SODDISFATTO. Flusso netto: 1.3, Demand: 1.3, percentage: 100.0
Sink 37 SODDISFATTO. Flusso netto: 1.0, Demand: 1.0, percentage: 100.0
Sink 39 SODDISFATTO. Flusso netto: 0.40000000000000036, Demand: 0.4, percentage: 100.00000000000009
Sink 40 SODDISFATTO. Flusso netto: 0.5, Demand: 0.5, percentage: 100.0
Sink 41 SODDISFATTO. Flusso netto: 1.0600000000000005, Demand: 1.06, percentage: 100.00000000000004
Sink 42 SODDISFATTO. Flusso netto: 2.819999999999999, Demand: 2.82, percentage: 99.99999999999997
Sink 45 SODDISFATTO. Flusso netto: 0.6800000000000002, Demand: 0.68, percentage: 100.00000000000003
Sink 46 SODDISFATTO. Flusso netto: 1.17, Demand: 1.17, percentage: 100.0
Sink 49 non è soddisfatto. Flusso netto: 3.83, Demand: 7.0, percentage: 54.714285714285715
Flusso totale entrante nei SINK: 88.1092
Flusso totale uscente nei SINK: 44.839200000000005
Flusso totale netto nei SINK: 43.269999999999996
Total DEMAND dei SINK: 46.44
Percentual di flusso ai SINK: 0.931739879414298
Numero di Sink soddisfatti: 24.0, numero totale di sink: 25.0
Percentuale di Sink soddisfatti: 0.96

---------------------------------- DAY 324

Update Fixed Elements from Intrinsic Faults
Source NODO_11 fixed from Intrinsic Fault
Pipeline ARCO_3 fixed due to Source NODO_11 fixing from Intrinsic Fault
Pipeline ARCO_90 fixed due to Source NODO_11 fixing from Intrinsic Fault
Pipeline ARCO_91 fixed due to Source NODO_11 fixing from Intrinsic Fault
Pipeline ARCO_92 fixed due to Source NODO_11 fixing from Intrinsic Fault
Pipeline V_EDGE_53_9 fixed due to Source NODO_11 fixing from Intrinsic Fault
Pipeline ARCO_20 fixed due to Source NODO_11 fixing from Intrinsic Fault
Pipeline ARCO_21 fixed due to Source NODO_11 fixing from Intrinsic Fault
Pipeline ARCO_22 fixed due to Source NODO_11 fixing from Intrinsic Fault
Pipeline ARCO_73 fixed due to Source NODO_11 fixing from Intrinsic Fault
Update Fixed Elements from Heavy Faults
Update Fixed Elements from Attack
Propagate Intrinsic Fault
Propagate Heavy Faults
Propagate Attacks
Inject Intrinsic Failure To Source
Inject Heavy Fault To Sources
Inject Attack Multiple To Source
Inject Intrinsic Fault To Pipeline
Inject Heavy Fault To Pipeline
Inject Attack To Pipeline
----------- Statistics ------------
	Sources Under Attack: 0
	Sources with Heavy Fault: 0
	Sources with Intrinsic Fault: 0
	Arcs with reduce capacity due to Attack: 0
	Arcs with reduce capacity due to Heavy Fault: 0
	Arcs with reduce capacity due to Intrinsic Fault: 0
	Arcs with Attacks: 0
	Arcs with Heavy Fault: 0
	Arcs with Intrinsic Fault: 0
--------- SOURCES STATISTICS ---------------
Demand del real Source[0]: -31.0, flusso erogato: 8.069999999999997, flusso entrante: 0.0, efficienza: 26.032258064516117 %
Demand del real Source[8]: -10.5, flusso erogato: 3.8600000000000003, flusso entrante: 0.0, efficienza: 36.76190476190476 %
Demand del real Source[9]: -7.1, flusso erogato: 14.169999999999996, flusso entrante: 7.070000000000007, efficienza: 199.57746478873236 %
Demand del real Source[17]: -25.0, flusso erogato: 25.000000000000007, flusso entrante: 0.0, efficienza: 100.00000000000003 %
Flusso totale entrante nei Real Source: 7.070000000000007
Flusso totale uscente dai Real Source: 51.1
Flusso netto sui real Source: -44.029999999999994
--- SINKS STATISTICS ---
Sink 3 SODDISFATTO. Flusso netto: 3.4299999999999997, Demand: 3.43, percentage: 99.99999999999999
Sink 4 SODDISFATTO. Flusso netto: 0.5700000000000003, Demand: 0.57, percentage: 100.00000000000007
Sink 5 SODDISFATTO. Flusso netto: 0.6600000000000019, Demand: 0.66, percentage: 100.00000000000028
Sink 11 SODDISFATTO. Flusso netto: 1.03, Demand: 1.03, percentage: 100.0
Sink 15 SODDISFATTO. Flusso netto: 0.4600000000000044, Demand: 0.46, percentage: 100.00000000000095
Sink 16 SODDISFATTO. Flusso netto: 8.399999999999993, Demand: 8.4, percentage: 99.99999999999991
Sink 19 SODDISFATTO. Flusso netto: 0.5399999999999938, Demand: 0.54, percentage: 99.99999999999885
Sink 23 SODDISFATTO. Flusso netto: 0.5999999999999996, Demand: 0.6, percentage: 99.99999999999994
Sink 24 SODDISFATTO. Flusso netto: 0.8000000000000007, Demand: 0.8, percentage: 100.00000000000009
Sink 25 SODDISFATTO. Flusso netto: 3.5, Demand: 3.5, percentage: 100.0
Sink 26 SODDISFATTO. Flusso netto: 6.000000000000007, Demand: 6.0, percentage: 100.00000000000011
Sink 28 SODDISFATTO. Flusso netto: 0.4, Demand: 0.4, percentage: 100.0
Sink 30 SODDISFATTO. Flusso netto: 0.9799999999999933, Demand: 0.98, percentage: 99.99999999999932
Sink 31 SODDISFATTO. Flusso netto: 0.3999999999999999, Demand: 0.4, percentage: 99.99999999999997
Sink 32 SODDISFATTO. Flusso netto: 0.9999999999999989, Demand: 1.0, percentage: 99.99999999999989
Sink 34 SODDISFATTO. Flusso netto: 1.7400000000000002, Demand: 1.74, percentage: 100.00000000000003
Sink 35 SODDISFATTO. Flusso netto: 1.3, Demand: 1.3, percentage: 100.0
Sink 37 SODDISFATTO. Flusso netto: 1.0, Demand: 1.0, percentage: 100.0
Sink 39 SODDISFATTO. Flusso netto: 0.40000000000000036, Demand: 0.4, percentage: 100.00000000000009
Sink 40 SODDISFATTO. Flusso netto: 0.5, Demand: 0.5, percentage: 100.0
Sink 41 SODDISFATTO. Flusso netto: 1.0600000000000005, Demand: 1.06, percentage: 100.00000000000004
Sink 42 SODDISFATTO. Flusso netto: 2.8200000000000007, Demand: 2.82, percentage: 100.00000000000003
Sink 45 SODDISFATTO. Flusso netto: 0.6800000000000002, Demand: 0.68, percentage: 100.00000000000003
Sink 46 SODDISFATTO. Flusso netto: 1.17, Demand: 1.17, percentage: 100.0
Sink 49 non è soddisfatto. Flusso netto: 4.59, Demand: 7.0, percentage: 65.57142857142857
Flusso totale entrante nei SINK: 86.46000000000001
Flusso totale uscente nei SINK: 42.430000000000014
Flusso totale netto nei SINK: 44.029999999999994
Total DEMAND dei SINK: 46.44
Percentual di flusso ai SINK: 0.9481050818260119
Numero di Sink soddisfatti: 24.0, numero totale di sink: 25.0
Percentuale di Sink soddisfatti: 0.96

---------------------------------- DAY 325

Update Fixed Elements from Intrinsic Faults
Update Fixed Elements from Heavy Faults
Update Fixed Elements from Attack
Propagate Intrinsic Fault
Propagate Heavy Faults
Propagate Attacks
Inject Intrinsic Failure To Source
Source NODO_10 is failing for an Intrinsic Fault in day: 325
pipeline ARCO_17 has reduced capacity due to NODO_10 Intrinsic fault
pipeline ARCO_88 has reduced capacity due to NODO_10 Intrinsic fault
pipeline ARCO_89 has reduced capacity due to NODO_10 Intrinsic fault
pipeline V_EDGE_53_8 has reduced capacity due to NODO_10 Intrinsic fault
pipeline ARCO_18 has reduced capacity due to NODO_10 Intrinsic fault
pipeline ARCO_19 has reduced capacity due to NODO_10 Intrinsic fault
pipeline ARCO_87 has reduced capacity due to NODO_10 Intrinsic fault
Inject Heavy Fault To Sources
Inject Attack Multiple To Source
Inject Intrinsic Fault To Pipeline
Inject Heavy Fault To Pipeline
Inject Attack To Pipeline
----------- Statistics ------------
	Sources Under Attack: 0
	Sources with Heavy Fault: 0
	Sources with Intrinsic Fault: 1
	Arcs with reduce capacity due to Attack: 0
	Arcs with reduce capacity due to Heavy Fault: 0
	Arcs with reduce capacity due to Intrinsic Fault: 7
	Arcs with Attacks: 0
	Arcs with Heavy Fault: 0
	Arcs with Intrinsic Fault: 0
--------- SOURCES STATISTICS ---------------
Demand del real Source[0]: -31.0, flusso erogato: 11.159999999999997, flusso entrante: 0.0, efficienza: 35.999999999999986 %
Demand del real Source[8]: -10.5, flusso erogato: 0.0, flusso entrante: 0.0, efficienza: 0.0 %
Demand del real Source[9]: -7.1, flusso erogato: 17.259999999999998, flusso entrante: 10.159999999999997, efficienza: 243.09859154929575 %
Demand del real Source[17]: -25.0, flusso erogato: 25.000000000000007, flusso entrante: 0.0, efficienza: 100.00000000000003 %
Flusso totale entrante nei Real Source: 10.159999999999997
Flusso totale uscente dai Real Source: 53.42
Flusso netto sui real Source: -43.260000000000005
--- SINKS STATISTICS ---
Sink 3 SODDISFATTO. Flusso netto: 3.429999999999999, Demand: 3.43, percentage: 99.99999999999997
Sink 4 SODDISFATTO. Flusso netto: 0.5700000000000003, Demand: 0.57, percentage: 100.00000000000007
Sink 5 SODDISFATTO. Flusso netto: 0.6599999999999993, Demand: 0.66, percentage: 99.99999999999987
Sink 11 SODDISFATTO. Flusso netto: 1.0300000000000011, Demand: 1.03, percentage: 100.00000000000011
Sink 15 SODDISFATTO. Flusso netto: 0.4600000000000044, Demand: 0.46, percentage: 100.00000000000095
Sink 16 SODDISFATTO. Flusso netto: 8.399999999999993, Demand: 8.4, percentage: 99.99999999999991
Sink 19 SODDISFATTO. Flusso netto: 0.5399999999999938, Demand: 0.54, percentage: 99.99999999999885
Sink 23 SODDISFATTO. Flusso netto: 0.5999999999999996, Demand: 0.6, percentage: 99.99999999999994
Sink 24 SODDISFATTO. Flusso netto: 0.8000000000000007, Demand: 0.8, percentage: 100.00000000000009
Sink 25 SODDISFATTO. Flusso netto: 3.5, Demand: 3.5, percentage: 100.0
Sink 26 SODDISFATTO. Flusso netto: 6.000000000000007, Demand: 6.0, percentage: 100.00000000000011
Sink 28 SODDISFATTO. Flusso netto: 0.4, Demand: 0.4, percentage: 100.0
Sink 30 SODDISFATTO. Flusso netto: 0.9799999999999933, Demand: 0.98, percentage: 99.99999999999932
Sink 31 SODDISFATTO. Flusso netto: 0.3999999999999999, Demand: 0.4, percentage: 99.99999999999997
Sink 32 SODDISFATTO. Flusso netto: 0.9999999999999989, Demand: 1.0, percentage: 99.99999999999989
Sink 34 SODDISFATTO. Flusso netto: 1.7400000000000002, Demand: 1.74, percentage: 100.00000000000003
Sink 35 SODDISFATTO. Flusso netto: 1.3, Demand: 1.3, percentage: 100.0
Sink 37 SODDISFATTO. Flusso netto: 1.0, Demand: 1.0, percentage: 100.0
Sink 39 SODDISFATTO. Flusso netto: 0.40000000000000036, Demand: 0.4, percentage: 100.00000000000009
Sink 40 SODDISFATTO. Flusso netto: 0.5, Demand: 0.5, percentage: 100.0
Sink 41 SODDISFATTO. Flusso netto: 1.0599999999999996, Demand: 1.06, percentage: 99.99999999999996
Sink 42 SODDISFATTO. Flusso netto: 2.820000000000001, Demand: 2.82, percentage: 100.00000000000004
Sink 45 SODDISFATTO. Flusso netto: 0.6800000000000002, Demand: 0.68, percentage: 100.00000000000003
Sink 46 SODDISFATTO. Flusso netto: 1.17, Demand: 1.17, percentage: 100.0
Sink 49 non è soddisfatto. Flusso netto: 3.8200000000000003, Demand: 7.0, percentage: 54.57142857142857
Flusso totale entrante nei SINK: 88.47
Flusso totale uscente nei SINK: 45.21000000000001
Flusso totale netto nei SINK: 43.25999999999999
Total DEMAND dei SINK: 46.44
Percentual di flusso ai SINK: 0.9315245478036174
Numero di Sink soddisfatti: 24.0, numero totale di sink: 25.0
Percentuale di Sink soddisfatti: 0.96

---------------------------------- DAY 326

Update Fixed Elements from Intrinsic Faults
Update Fixed Elements from Heavy Faults
Update Fixed Elements from Attack
Propagate Intrinsic Fault
Node NODO_10 has still failing due to Intrinsic Fault
pipeline ARCO_17 still has reduced capacity: 0.0 due to Intrinsic Fault
pipeline ARCO_88 still has reduced capacity: 0.0 due to Intrinsic Fault
pipeline ARCO_89 still has reduced capacity: 0.0 due to Intrinsic Fault
pipeline V_EDGE_53_8 still has reduced capacity: 0.0 due to Intrinsic Fault
pipeline ARCO_18 still has reduced capacity: 0.0 due to Intrinsic Fault
pipeline ARCO_19 still has reduced capacity: 0.0 due to Intrinsic Fault
pipeline ARCO_87 still has reduced capacity: 0.0 due to Intrinsic Fault
Propagate Heavy Faults
Propagate Attacks
Inject Intrinsic Failure To Source
Source NODO_11 is failing for an Intrinsic Fault in day: 326
pipeline ARCO_3 has reduced capacity due to NODO_11 Intrinsic fault
pipeline ARCO_90 has reduced capacity due to NODO_11 Intrinsic fault
pipeline ARCO_91 has reduced capacity due to NODO_11 Intrinsic fault
pipeline ARCO_92 has reduced capacity due to NODO_11 Intrinsic fault
pipeline V_EDGE_53_9 has reduced capacity due to NODO_11 Intrinsic fault
pipeline ARCO_20 has reduced capacity due to NODO_11 Intrinsic fault
pipeline ARCO_21 has reduced capacity due to NODO_11 Intrinsic fault
pipeline ARCO_22 has reduced capacity due to NODO_11 Intrinsic fault
pipeline ARCO_73 has reduced capacity due to NODO_11 Intrinsic fault
Inject Heavy Fault To Sources
Inject Attack Multiple To Source
Inject Intrinsic Fault To Pipeline
Inject Heavy Fault To Pipeline
Inject Attack To Pipeline
----------- Statistics ------------
	Sources Under Attack: 0
	Sources with Heavy Fault: 0
	Sources with Intrinsic Fault: 2
	Arcs with reduce capacity due to Attack: 0
	Arcs with reduce capacity due to Heavy Fault: 0
	Arcs with reduce capacity due to Intrinsic Fault: 16
	Arcs with Attacks: 0
	Arcs with Heavy Fault: 0
	Arcs with Intrinsic Fault: 0
--------- SOURCES STATISTICS ---------------
Demand del real Source[0]: -31.0, flusso erogato: 12.427999999999997, flusso entrante: 0.0, efficienza: 40.09032258064516 %
Demand del real Source[8]: -10.5, flusso erogato: 0.0, flusso entrante: 0.0, efficienza: 0.0 %
Demand del real Source[9]: -7.1, flusso erogato: 17.107999999999997, flusso entrante: 11.428000000000004, efficienza: 240.9577464788732 %
Demand del real Source[17]: -25.0, flusso erogato: 25.000000000000007, flusso entrante: 0.0, efficienza: 100.00000000000003 %
Flusso totale entrante nei Real Source: 11.428000000000004
Flusso totale uscente dai Real Source: 54.536
Flusso netto sui real Source: -43.108
--- SINKS STATISTICS ---
Sink 3 SODDISFATTO. Flusso netto: 3.4299999999999997, Demand: 3.43, percentage: 99.99999999999999
Sink 4 SODDISFATTO. Flusso netto: 0.5700000000000003, Demand: 0.57, percentage: 100.00000000000007
Sink 5 SODDISFATTO. Flusso netto: 0.660000000000001, Demand: 0.66, percentage: 100.00000000000016
Sink 11 SODDISFATTO. Flusso netto: 1.0300000000000011, Demand: 1.03, percentage: 100.00000000000011
Sink 15 SODDISFATTO. Flusso netto: 0.4600000000000044, Demand: 0.46, percentage: 100.00000000000095
Sink 16 SODDISFATTO. Flusso netto: 8.399999999999993, Demand: 8.4, percentage: 99.99999999999991
Sink 19 SODDISFATTO. Flusso netto: 0.5399999999999938, Demand: 0.54, percentage: 99.99999999999885
Sink 23 SODDISFATTO. Flusso netto: 0.5999999999999996, Demand: 0.6, percentage: 99.99999999999994
Sink 24 SODDISFATTO. Flusso netto: 0.8000000000000007, Demand: 0.8, percentage: 100.00000000000009
Sink 25 SODDISFATTO. Flusso netto: 3.5, Demand: 3.5, percentage: 100.0
Sink 26 SODDISFATTO. Flusso netto: 6.000000000000007, Demand: 6.0, percentage: 100.00000000000011
Sink 28 SODDISFATTO. Flusso netto: 0.4, Demand: 0.4, percentage: 100.0
Sink 30 SODDISFATTO. Flusso netto: 0.9799999999999933, Demand: 0.98, percentage: 99.99999999999932
Sink 31 SODDISFATTO. Flusso netto: 0.3999999999999999, Demand: 0.4, percentage: 99.99999999999997
Sink 32 SODDISFATTO. Flusso netto: 0.9999999999999989, Demand: 1.0, percentage: 99.99999999999989
Sink 34 SODDISFATTO. Flusso netto: 1.7400000000000002, Demand: 1.74, percentage: 100.00000000000003
Sink 35 SODDISFATTO. Flusso netto: 1.3, Demand: 1.3, percentage: 100.0
Sink 37 SODDISFATTO. Flusso netto: 1.0, Demand: 1.0, percentage: 100.0
Sink 39 SODDISFATTO. Flusso netto: 0.40000000000000036, Demand: 0.4, percentage: 100.00000000000009
Sink 40 SODDISFATTO. Flusso netto: 0.5, Demand: 0.5, percentage: 100.0
Sink 41 SODDISFATTO. Flusso netto: 1.0600000000000005, Demand: 1.06, percentage: 100.00000000000004
Sink 42 SODDISFATTO. Flusso netto: 2.8199999999999994, Demand: 2.82, percentage: 99.99999999999999
Sink 45 SODDISFATTO. Flusso netto: 0.6800000000000002, Demand: 0.68, percentage: 100.00000000000003
Sink 46 SODDISFATTO. Flusso netto: 1.17, Demand: 1.17, percentage: 100.0
Sink 49 non è soddisfatto. Flusso netto: 3.6679999999999993, Demand: 7.0, percentage: 52.39999999999999
Flusso totale entrante nei SINK: 91.75200000000001
Flusso totale uscente nei SINK: 48.64400000000001
Flusso totale netto nei SINK: 43.108
Total DEMAND dei SINK: 46.44
Percentual di flusso ai SINK: 0.9282515073212747
Numero di Sink soddisfatti: 24.0, numero totale di sink: 25.0
Percentuale di Sink soddisfatti: 0.96

---------------------------------- DAY 327

Update Fixed Elements from Intrinsic Faults
Update Fixed Elements from Heavy Faults
Update Fixed Elements from Attack
Propagate Intrinsic Fault
Node NODO_10 has still failing due to Intrinsic Fault
Node NODO_11 has still failing due to Intrinsic Fault
pipeline ARCO_17 still has reduced capacity: 0.0 due to Intrinsic Fault
pipeline ARCO_88 still has reduced capacity: 0.0 due to Intrinsic Fault
pipeline ARCO_89 still has reduced capacity: 0.0 due to Intrinsic Fault
pipeline V_EDGE_53_8 still has reduced capacity: 0.0 due to Intrinsic Fault
pipeline ARCO_18 still has reduced capacity: 0.0 due to Intrinsic Fault
pipeline ARCO_19 still has reduced capacity: 0.0 due to Intrinsic Fault
pipeline ARCO_87 still has reduced capacity: 0.0 due to Intrinsic Fault
pipeline ARCO_3 still has reduced capacity: 9.688 due to Intrinsic Fault
pipeline ARCO_90 still has reduced capacity: 1.6 due to Intrinsic Fault
pipeline ARCO_91 still has reduced capacity: 9.688 due to Intrinsic Fault
pipeline ARCO_92 still has reduced capacity: 39.328 due to Intrinsic Fault
pipeline V_EDGE_53_9 still has reduced capacity: 5.68 due to Intrinsic Fault
pipeline ARCO_20 still has reduced capacity: 1.6 due to Intrinsic Fault
pipeline ARCO_21 still has reduced capacity: 9.688 due to Intrinsic Fault
pipeline ARCO_22 still has reduced capacity: 39.328 due to Intrinsic Fault
pipeline ARCO_73 still has reduced capacity: 9.688 due to Intrinsic Fault
Propagate Heavy Faults
Propagate Attacks
Inject Intrinsic Failure To Source
Inject Heavy Fault To Sources
Inject Attack Multiple To Source
Inject Intrinsic Fault To Pipeline
Inject Heavy Fault To Pipeline
Inject Attack To Pipeline
----------- Statistics ------------
	Sources Under Attack: 0
	Sources with Heavy Fault: 0
	Sources with Intrinsic Fault: 2
	Arcs with reduce capacity due to Attack: 0
	Arcs with reduce capacity due to Heavy Fault: 0
	Arcs with reduce capacity due to Intrinsic Fault: 16
	Arcs with Attacks: 0
	Arcs with Heavy Fault: 0
	Arcs with Intrinsic Fault: 0
--------- SOURCES STATISTICS ---------------
Demand del real Source[0]: -31.0, flusso erogato: 12.427999999999997, flusso entrante: 0.0, efficienza: 40.09032258064516 %
Demand del real Source[8]: -10.5, flusso erogato: 0.0, flusso entrante: 0.0, efficienza: 0.0 %
Demand del real Source[9]: -7.1, flusso erogato: 17.107999999999997, flusso entrante: 11.428000000000004, efficienza: 240.9577464788732 %
Demand del real Source[17]: -25.0, flusso erogato: 25.000000000000007, flusso entrante: 0.0, efficienza: 100.00000000000003 %
Flusso totale entrante nei Real Source: 11.428000000000004
Flusso totale uscente dai Real Source: 54.536
Flusso netto sui real Source: -43.108
--- SINKS STATISTICS ---
Sink 3 SODDISFATTO. Flusso netto: 3.4299999999999997, Demand: 3.43, percentage: 99.99999999999999
Sink 4 SODDISFATTO. Flusso netto: 0.5700000000000003, Demand: 0.57, percentage: 100.00000000000007
Sink 5 SODDISFATTO. Flusso netto: 0.660000000000001, Demand: 0.66, percentage: 100.00000000000016
Sink 11 SODDISFATTO. Flusso netto: 1.0300000000000011, Demand: 1.03, percentage: 100.00000000000011
Sink 15 SODDISFATTO. Flusso netto: 0.4600000000000044, Demand: 0.46, percentage: 100.00000000000095
Sink 16 SODDISFATTO. Flusso netto: 8.399999999999993, Demand: 8.4, percentage: 99.99999999999991
Sink 19 SODDISFATTO. Flusso netto: 0.5399999999999938, Demand: 0.54, percentage: 99.99999999999885
Sink 23 SODDISFATTO. Flusso netto: 0.5999999999999996, Demand: 0.6, percentage: 99.99999999999994
Sink 24 SODDISFATTO. Flusso netto: 0.8000000000000007, Demand: 0.8, percentage: 100.00000000000009
Sink 25 SODDISFATTO. Flusso netto: 3.5, Demand: 3.5, percentage: 100.0
Sink 26 SODDISFATTO. Flusso netto: 6.000000000000007, Demand: 6.0, percentage: 100.00000000000011
Sink 28 SODDISFATTO. Flusso netto: 0.4, Demand: 0.4, percentage: 100.0
Sink 30 SODDISFATTO. Flusso netto: 0.9799999999999933, Demand: 0.98, percentage: 99.99999999999932
Sink 31 SODDISFATTO. Flusso netto: 0.3999999999999999, Demand: 0.4, percentage: 99.99999999999997
Sink 32 SODDISFATTO. Flusso netto: 0.9999999999999989, Demand: 1.0, percentage: 99.99999999999989
Sink 34 SODDISFATTO. Flusso netto: 1.7400000000000002, Demand: 1.74, percentage: 100.00000000000003
Sink 35 SODDISFATTO. Flusso netto: 1.3, Demand: 1.3, percentage: 100.0
Sink 37 SODDISFATTO. Flusso netto: 1.0, Demand: 1.0, percentage: 100.0
Sink 39 SODDISFATTO. Flusso netto: 0.40000000000000036, Demand: 0.4, percentage: 100.00000000000009
Sink 40 SODDISFATTO. Flusso netto: 0.5, Demand: 0.5, percentage: 100.0
Sink 41 SODDISFATTO. Flusso netto: 1.0600000000000005, Demand: 1.06, percentage: 100.00000000000004
Sink 42 SODDISFATTO. Flusso netto: 2.8199999999999994, Demand: 2.82, percentage: 99.99999999999999
Sink 45 SODDISFATTO. Flusso netto: 0.6800000000000002, Demand: 0.68, percentage: 100.00000000000003
Sink 46 SODDISFATTO. Flusso netto: 1.17, Demand: 1.17, percentage: 100.0
Sink 49 non è soddisfatto. Flusso netto: 3.6679999999999993, Demand: 7.0, percentage: 52.39999999999999
Flusso totale entrante nei SINK: 91.75200000000001
Flusso totale uscente nei SINK: 48.64400000000001
Flusso totale netto nei SINK: 43.108
Total DEMAND dei SINK: 46.44
Percentual di flusso ai SINK: 0.9282515073212747
Numero di Sink soddisfatti: 24.0, numero totale di sink: 25.0
Percentuale di Sink soddisfatti: 0.96

---------------------------------- DAY 328

Update Fixed Elements from Intrinsic Faults
Update Fixed Elements from Heavy Faults
Update Fixed Elements from Attack
Propagate Intrinsic Fault
Node NODO_10 has still failing due to Intrinsic Fault
Node NODO_11 has still failing due to Intrinsic Fault
pipeline ARCO_17 still has reduced capacity: 0.0 due to Intrinsic Fault
pipeline ARCO_88 still has reduced capacity: 0.0 due to Intrinsic Fault
pipeline ARCO_89 still has reduced capacity: 0.0 due to Intrinsic Fault
pipeline V_EDGE_53_8 still has reduced capacity: 0.0 due to Intrinsic Fault
pipeline ARCO_18 still has reduced capacity: 0.0 due to Intrinsic Fault
pipeline ARCO_19 still has reduced capacity: 0.0 due to Intrinsic Fault
pipeline ARCO_87 still has reduced capacity: 0.0 due to Intrinsic Fault
pipeline ARCO_3 still has reduced capacity: 9.688 due to Intrinsic Fault
pipeline ARCO_90 still has reduced capacity: 1.6 due to Intrinsic Fault
pipeline ARCO_91 still has reduced capacity: 9.688 due to Intrinsic Fault
pipeline ARCO_92 still has reduced capacity: 39.328 due to Intrinsic Fault
pipeline V_EDGE_53_9 still has reduced capacity: 5.68 due to Intrinsic Fault
pipeline ARCO_20 still has reduced capacity: 1.6 due to Intrinsic Fault
pipeline ARCO_21 still has reduced capacity: 9.688 due to Intrinsic Fault
pipeline ARCO_22 still has reduced capacity: 39.328 due to Intrinsic Fault
pipeline ARCO_73 still has reduced capacity: 9.688 due to Intrinsic Fault
Propagate Heavy Faults
Propagate Attacks
Inject Intrinsic Failure To Source
Source NODO_2 is failing for an Intrinsic Fault in day: 328
pipeline ARCO_70 has reduced capacity due to NODO_2 Intrinsic fault
pipeline V_EDGE_53_0 has reduced capacity due to NODO_2 Intrinsic fault
pipeline ARCO_0 has reduced capacity due to NODO_2 Intrinsic fault
Inject Heavy Fault To Sources
Inject Attack Multiple To Source
Inject Intrinsic Fault To Pipeline
Inject Heavy Fault To Pipeline
Inject Attack To Pipeline
----------- Statistics ------------
	Sources Under Attack: 0
	Sources with Heavy Fault: 0
	Sources with Intrinsic Fault: 3
	Arcs with reduce capacity due to Attack: 0
	Arcs with reduce capacity due to Heavy Fault: 0
	Arcs with reduce capacity due to Intrinsic Fault: 19
	Arcs with Attacks: 0
	Arcs with Heavy Fault: 0
	Arcs with Intrinsic Fault: 0
--------- SOURCES STATISTICS ---------------
Demand del real Source[0]: -31.0, flusso erogato: 12.427999999999997, flusso entrante: 0.0, efficienza: 40.09032258064516 %
Demand del real Source[8]: -10.5, flusso erogato: 0.0, flusso entrante: 0.0, efficienza: 0.0 %
Demand del real Source[9]: -7.1, flusso erogato: 17.107999999999997, flusso entrante: 11.428000000000004, efficienza: 240.9577464788732 %
Demand del real Source[17]: -25.0, flusso erogato: 25.000000000000007, flusso entrante: 0.0, efficienza: 100.00000000000003 %
Flusso totale entrante nei Real Source: 11.428000000000004
Flusso totale uscente dai Real Source: 54.536
Flusso netto sui real Source: -43.108
--- SINKS STATISTICS ---
Sink 3 SODDISFATTO. Flusso netto: 3.4299999999999997, Demand: 3.43, percentage: 99.99999999999999
Sink 4 SODDISFATTO. Flusso netto: 0.5700000000000003, Demand: 0.57, percentage: 100.00000000000007
Sink 5 SODDISFATTO. Flusso netto: 0.660000000000001, Demand: 0.66, percentage: 100.00000000000016
Sink 11 SODDISFATTO. Flusso netto: 1.0300000000000011, Demand: 1.03, percentage: 100.00000000000011
Sink 15 SODDISFATTO. Flusso netto: 0.4600000000000044, Demand: 0.46, percentage: 100.00000000000095
Sink 16 SODDISFATTO. Flusso netto: 8.399999999999993, Demand: 8.4, percentage: 99.99999999999991
Sink 19 SODDISFATTO. Flusso netto: 0.5399999999999938, Demand: 0.54, percentage: 99.99999999999885
Sink 23 SODDISFATTO. Flusso netto: 0.5999999999999996, Demand: 0.6, percentage: 99.99999999999994
Sink 24 SODDISFATTO. Flusso netto: 0.8000000000000007, Demand: 0.8, percentage: 100.00000000000009
Sink 25 SODDISFATTO. Flusso netto: 3.5, Demand: 3.5, percentage: 100.0
Sink 26 SODDISFATTO. Flusso netto: 6.000000000000007, Demand: 6.0, percentage: 100.00000000000011
Sink 28 SODDISFATTO. Flusso netto: 0.4, Demand: 0.4, percentage: 100.0
Sink 30 SODDISFATTO. Flusso netto: 0.9799999999999933, Demand: 0.98, percentage: 99.99999999999932
Sink 31 SODDISFATTO. Flusso netto: 0.3999999999999999, Demand: 0.4, percentage: 99.99999999999997
Sink 32 SODDISFATTO. Flusso netto: 0.9999999999999989, Demand: 1.0, percentage: 99.99999999999989
Sink 34 SODDISFATTO. Flusso netto: 1.7400000000000002, Demand: 1.74, percentage: 100.00000000000003
Sink 35 SODDISFATTO. Flusso netto: 1.3, Demand: 1.3, percentage: 100.0
Sink 37 SODDISFATTO. Flusso netto: 1.0, Demand: 1.0, percentage: 100.0
Sink 39 SODDISFATTO. Flusso netto: 0.40000000000000036, Demand: 0.4, percentage: 100.00000000000009
Sink 40 SODDISFATTO. Flusso netto: 0.5, Demand: 0.5, percentage: 100.0
Sink 41 SODDISFATTO. Flusso netto: 1.0600000000000005, Demand: 1.06, percentage: 100.00000000000004
Sink 42 SODDISFATTO. Flusso netto: 2.8199999999999994, Demand: 2.82, percentage: 99.99999999999999
Sink 45 SODDISFATTO. Flusso netto: 0.6800000000000002, Demand: 0.68, percentage: 100.00000000000003
Sink 46 SODDISFATTO. Flusso netto: 1.17, Demand: 1.17, percentage: 100.0
Sink 49 non è soddisfatto. Flusso netto: 3.6679999999999993, Demand: 7.0, percentage: 52.39999999999999
Flusso totale entrante nei SINK: 91.75200000000001
Flusso totale uscente nei SINK: 48.64400000000001
Flusso totale netto nei SINK: 43.108
Total DEMAND dei SINK: 46.44
Percentual di flusso ai SINK: 0.9282515073212747
Numero di Sink soddisfatti: 24.0, numero totale di sink: 25.0
Percentuale di Sink soddisfatti: 0.96

---------------------------------- DAY 329

Update Fixed Elements from Intrinsic Faults
Source NODO_11 fixed from Intrinsic Fault
Pipeline ARCO_3 fixed due to Source NODO_11 fixing from Intrinsic Fault
Pipeline ARCO_90 fixed due to Source NODO_11 fixing from Intrinsic Fault
Pipeline ARCO_91 fixed due to Source NODO_11 fixing from Intrinsic Fault
Pipeline ARCO_92 fixed due to Source NODO_11 fixing from Intrinsic Fault
Pipeline V_EDGE_53_9 fixed due to Source NODO_11 fixing from Intrinsic Fault
Pipeline ARCO_20 fixed due to Source NODO_11 fixing from Intrinsic Fault
Pipeline ARCO_21 fixed due to Source NODO_11 fixing from Intrinsic Fault
Pipeline ARCO_22 fixed due to Source NODO_11 fixing from Intrinsic Fault
Pipeline ARCO_73 fixed due to Source NODO_11 fixing from Intrinsic Fault
Update Fixed Elements from Heavy Faults
Update Fixed Elements from Attack
Propagate Intrinsic Fault
Node NODO_10 has still failing due to Intrinsic Fault
Node NODO_2 has still failing due to Intrinsic Fault
pipeline ARCO_17 still has reduced capacity: 0.0 due to Intrinsic Fault
pipeline ARCO_88 still has reduced capacity: 0.0 due to Intrinsic Fault
pipeline ARCO_89 still has reduced capacity: 0.0 due to Intrinsic Fault
pipeline V_EDGE_53_8 still has reduced capacity: 0.0 due to Intrinsic Fault
pipeline ARCO_18 still has reduced capacity: 0.0 due to Intrinsic Fault
pipeline ARCO_19 still has reduced capacity: 0.0 due to Intrinsic Fault
pipeline ARCO_87 still has reduced capacity: 0.0 due to Intrinsic Fault
pipeline ARCO_70 still has reduced capacity: 24.8 due to Intrinsic Fault
pipeline V_EDGE_53_0 still has reduced capacity: 24.8 due to Intrinsic Fault
pipeline ARCO_0 still has reduced capacity: 24.8 due to Intrinsic Fault
Propagate Heavy Faults
Propagate Attacks
Inject Intrinsic Failure To Source
Inject Heavy Fault To Sources
Inject Attack Multiple To Source
Inject Intrinsic Fault To Pipeline
Inject Heavy Fault To Pipeline
Inject Attack To Pipeline
----------- Statistics ------------
	Sources Under Attack: 0
	Sources with Heavy Fault: 0
	Sources with Intrinsic Fault: 2
	Arcs with reduce capacity due to Attack: 0
	Arcs with reduce capacity due to Heavy Fault: 0
	Arcs with reduce capacity due to Intrinsic Fault: 10
	Arcs with Attacks: 0
	Arcs with Heavy Fault: 0
	Arcs with Intrinsic Fault: 0
--------- SOURCES STATISTICS ---------------
Demand del real Source[0]: -31.0, flusso erogato: 11.159999999999997, flusso entrante: 0.0, efficienza: 35.999999999999986 %
Demand del real Source[8]: -10.5, flusso erogato: 0.0, flusso entrante: 0.0, efficienza: 0.0 %
Demand del real Source[9]: -7.1, flusso erogato: 17.259999999999998, flusso entrante: 10.159999999999997, efficienza: 243.09859154929575 %
Demand del real Source[17]: -25.0, flusso erogato: 25.000000000000007, flusso entrante: 0.0, efficienza: 100.00000000000003 %
Flusso totale entrante nei Real Source: 10.159999999999997
Flusso totale uscente dai Real Source: 53.42
Flusso netto sui real Source: -43.260000000000005
--- SINKS STATISTICS ---
Sink 3 SODDISFATTO. Flusso netto: 3.429999999999999, Demand: 3.43, percentage: 99.99999999999997
Sink 4 SODDISFATTO. Flusso netto: 0.5700000000000003, Demand: 0.57, percentage: 100.00000000000007
Sink 5 SODDISFATTO. Flusso netto: 0.6599999999999993, Demand: 0.66, percentage: 99.99999999999987
Sink 11 SODDISFATTO. Flusso netto: 1.0300000000000011, Demand: 1.03, percentage: 100.00000000000011
Sink 15 SODDISFATTO. Flusso netto: 0.4600000000000044, Demand: 0.46, percentage: 100.00000000000095
Sink 16 SODDISFATTO. Flusso netto: 8.399999999999993, Demand: 8.4, percentage: 99.99999999999991
Sink 19 SODDISFATTO. Flusso netto: 0.5399999999999938, Demand: 0.54, percentage: 99.99999999999885
Sink 23 SODDISFATTO. Flusso netto: 0.5999999999999996, Demand: 0.6, percentage: 99.99999999999994
Sink 24 SODDISFATTO. Flusso netto: 0.8000000000000007, Demand: 0.8, percentage: 100.00000000000009
Sink 25 SODDISFATTO. Flusso netto: 3.5, Demand: 3.5, percentage: 100.0
Sink 26 SODDISFATTO. Flusso netto: 6.000000000000007, Demand: 6.0, percentage: 100.00000000000011
Sink 28 SODDISFATTO. Flusso netto: 0.4, Demand: 0.4, percentage: 100.0
Sink 30 SODDISFATTO. Flusso netto: 0.9799999999999933, Demand: 0.98, percentage: 99.99999999999932
Sink 31 SODDISFATTO. Flusso netto: 0.3999999999999999, Demand: 0.4, percentage: 99.99999999999997
Sink 32 SODDISFATTO. Flusso netto: 0.9999999999999989, Demand: 1.0, percentage: 99.99999999999989
Sink 34 SODDISFATTO. Flusso netto: 1.7400000000000002, Demand: 1.74, percentage: 100.00000000000003
Sink 35 SODDISFATTO. Flusso netto: 1.3, Demand: 1.3, percentage: 100.0
Sink 37 SODDISFATTO. Flusso netto: 1.0, Demand: 1.0, percentage: 100.0
Sink 39 SODDISFATTO. Flusso netto: 0.40000000000000036, Demand: 0.4, percentage: 100.00000000000009
Sink 40 SODDISFATTO. Flusso netto: 0.5, Demand: 0.5, percentage: 100.0
Sink 41 SODDISFATTO. Flusso netto: 1.0599999999999996, Demand: 1.06, percentage: 99.99999999999996
Sink 42 SODDISFATTO. Flusso netto: 2.820000000000001, Demand: 2.82, percentage: 100.00000000000004
Sink 45 SODDISFATTO. Flusso netto: 0.6800000000000002, Demand: 0.68, percentage: 100.00000000000003
Sink 46 SODDISFATTO. Flusso netto: 1.17, Demand: 1.17, percentage: 100.0
Sink 49 non è soddisfatto. Flusso netto: 3.8200000000000003, Demand: 7.0, percentage: 54.57142857142857
Flusso totale entrante nei SINK: 88.47
Flusso totale uscente nei SINK: 45.21000000000001
Flusso totale netto nei SINK: 43.25999999999999
Total DEMAND dei SINK: 46.44
Percentual di flusso ai SINK: 0.9315245478036174
Numero di Sink soddisfatti: 24.0, numero totale di sink: 25.0
Percentuale di Sink soddisfatti: 0.96

---------------------------------- DAY 330

Update Fixed Elements from Intrinsic Faults
Source NODO_10 fixed from Intrinsic Fault
Pipeline ARCO_17 fixed due to Source NODO_10 fixing from Intrinsic Fault
Pipeline ARCO_88 fixed due to Source NODO_10 fixing from Intrinsic Fault
Pipeline ARCO_89 fixed due to Source NODO_10 fixing from Intrinsic Fault
Pipeline V_EDGE_53_8 fixed due to Source NODO_10 fixing from Intrinsic Fault
Pipeline ARCO_18 fixed due to Source NODO_10 fixing from Intrinsic Fault
Pipeline ARCO_19 fixed due to Source NODO_10 fixing from Intrinsic Fault
Pipeline ARCO_87 fixed due to Source NODO_10 fixing from Intrinsic Fault
Update Fixed Elements from Heavy Faults
Update Fixed Elements from Attack
Propagate Intrinsic Fault
Node NODO_2 has still failing due to Intrinsic Fault
pipeline ARCO_70 still has reduced capacity: 24.8 due to Intrinsic Fault
pipeline V_EDGE_53_0 still has reduced capacity: 24.8 due to Intrinsic Fault
pipeline ARCO_0 still has reduced capacity: 24.8 due to Intrinsic Fault
Propagate Heavy Faults
Propagate Attacks
Inject Intrinsic Failure To Source
Source NODO_2 is failing for an Intrinsic Fault in day: 330
pipeline ARCO_70 has reduced capacity due to NODO_2 Intrinsic fault
pipeline V_EDGE_53_0 has reduced capacity due to NODO_2 Intrinsic fault
pipeline ARCO_0 has reduced capacity due to NODO_2 Intrinsic fault
Source NODO_10 is failing for an Intrinsic Fault in day: 330
pipeline ARCO_17 has reduced capacity due to NODO_10 Intrinsic fault
pipeline ARCO_88 has reduced capacity due to NODO_10 Intrinsic fault
pipeline ARCO_89 has reduced capacity due to NODO_10 Intrinsic fault
pipeline V_EDGE_53_8 has reduced capacity due to NODO_10 Intrinsic fault
pipeline ARCO_18 has reduced capacity due to NODO_10 Intrinsic fault
pipeline ARCO_19 has reduced capacity due to NODO_10 Intrinsic fault
pipeline ARCO_87 has reduced capacity due to NODO_10 Intrinsic fault
Source NODO_11 is failing for an Intrinsic Fault in day: 330
pipeline ARCO_3 has reduced capacity due to NODO_11 Intrinsic fault
pipeline ARCO_90 has reduced capacity due to NODO_11 Intrinsic fault
pipeline ARCO_91 has reduced capacity due to NODO_11 Intrinsic fault
pipeline ARCO_92 has reduced capacity due to NODO_11 Intrinsic fault
pipeline V_EDGE_53_9 has reduced capacity due to NODO_11 Intrinsic fault
pipeline ARCO_20 has reduced capacity due to NODO_11 Intrinsic fault
pipeline ARCO_21 has reduced capacity due to NODO_11 Intrinsic fault
pipeline ARCO_22 has reduced capacity due to NODO_11 Intrinsic fault
pipeline ARCO_73 has reduced capacity due to NODO_11 Intrinsic fault
Inject Heavy Fault To Sources
Inject Attack Multiple To Source
Inject Intrinsic Fault To Pipeline
Inject Heavy Fault To Pipeline
Inject Attack To Pipeline
----------- Statistics ------------
	Sources Under Attack: 0
	Sources with Heavy Fault: 0
	Sources with Intrinsic Fault: 3
	Arcs with reduce capacity due to Attack: 0
	Arcs with reduce capacity due to Heavy Fault: 0
	Arcs with reduce capacity due to Intrinsic Fault: 19
	Arcs with Attacks: 0
	Arcs with Heavy Fault: 0
	Arcs with Intrinsic Fault: 0
--------- SOURCES STATISTICS ---------------
Demand del real Source[0]: -31.0, flusso erogato: 12.427999999999997, flusso entrante: 0.0, efficienza: 40.09032258064516 %
Demand del real Source[8]: -10.5, flusso erogato: 0.0, flusso entrante: 0.0, efficienza: 0.0 %
Demand del real Source[9]: -7.1, flusso erogato: 17.107999999999997, flusso entrante: 11.428000000000004, efficienza: 240.9577464788732 %
Demand del real Source[17]: -25.0, flusso erogato: 25.000000000000007, flusso entrante: 0.0, efficienza: 100.00000000000003 %
Flusso totale entrante nei Real Source: 11.428000000000004
Flusso totale uscente dai Real Source: 54.536
Flusso netto sui real Source: -43.108
--- SINKS STATISTICS ---
Sink 3 SODDISFATTO. Flusso netto: 3.4299999999999997, Demand: 3.43, percentage: 99.99999999999999
Sink 4 SODDISFATTO. Flusso netto: 0.5700000000000003, Demand: 0.57, percentage: 100.00000000000007
Sink 5 SODDISFATTO. Flusso netto: 0.660000000000001, Demand: 0.66, percentage: 100.00000000000016
Sink 11 SODDISFATTO. Flusso netto: 1.0300000000000011, Demand: 1.03, percentage: 100.00000000000011
Sink 15 SODDISFATTO. Flusso netto: 0.4600000000000044, Demand: 0.46, percentage: 100.00000000000095
Sink 16 SODDISFATTO. Flusso netto: 8.399999999999993, Demand: 8.4, percentage: 99.99999999999991
Sink 19 SODDISFATTO. Flusso netto: 0.5399999999999938, Demand: 0.54, percentage: 99.99999999999885
Sink 23 SODDISFATTO. Flusso netto: 0.5999999999999996, Demand: 0.6, percentage: 99.99999999999994
Sink 24 SODDISFATTO. Flusso netto: 0.8000000000000007, Demand: 0.8, percentage: 100.00000000000009
Sink 25 SODDISFATTO. Flusso netto: 3.5, Demand: 3.5, percentage: 100.0
Sink 26 SODDISFATTO. Flusso netto: 6.000000000000007, Demand: 6.0, percentage: 100.00000000000011
Sink 28 SODDISFATTO. Flusso netto: 0.4, Demand: 0.4, percentage: 100.0
Sink 30 SODDISFATTO. Flusso netto: 0.9799999999999933, Demand: 0.98, percentage: 99.99999999999932
Sink 31 SODDISFATTO. Flusso netto: 0.3999999999999999, Demand: 0.4, percentage: 99.99999999999997
Sink 32 SODDISFATTO. Flusso netto: 0.9999999999999989, Demand: 1.0, percentage: 99.99999999999989
Sink 34 SODDISFATTO. Flusso netto: 1.7400000000000002, Demand: 1.74, percentage: 100.00000000000003
Sink 35 SODDISFATTO. Flusso netto: 1.3, Demand: 1.3, percentage: 100.0
Sink 37 SODDISFATTO. Flusso netto: 1.0, Demand: 1.0, percentage: 100.0
Sink 39 SODDISFATTO. Flusso netto: 0.40000000000000036, Demand: 0.4, percentage: 100.00000000000009
Sink 40 SODDISFATTO. Flusso netto: 0.5, Demand: 0.5, percentage: 100.0
Sink 41 SODDISFATTO. Flusso netto: 1.0600000000000005, Demand: 1.06, percentage: 100.00000000000004
Sink 42 SODDISFATTO. Flusso netto: 2.8199999999999994, Demand: 2.82, percentage: 99.99999999999999
Sink 45 SODDISFATTO. Flusso netto: 0.6800000000000002, Demand: 0.68, percentage: 100.00000000000003
Sink 46 SODDISFATTO. Flusso netto: 1.17, Demand: 1.17, percentage: 100.0
Sink 49 non è soddisfatto. Flusso netto: 3.6679999999999993, Demand: 7.0, percentage: 52.39999999999999
Flusso totale entrante nei SINK: 91.75200000000001
Flusso totale uscente nei SINK: 48.64400000000001
Flusso totale netto nei SINK: 43.108
Total DEMAND dei SINK: 46.44
Percentual di flusso ai SINK: 0.9282515073212747
Numero di Sink soddisfatti: 24.0, numero totale di sink: 25.0
Percentuale di Sink soddisfatti: 0.96

---------------------------------- DAY 331

Update Fixed Elements from Intrinsic Faults
Source NODO_2 fixed from Intrinsic Fault
Pipeline ARCO_70 fixed due to Source NODO_2 fixing from Intrinsic Fault
Pipeline V_EDGE_53_0 fixed due to Source NODO_2 fixing from Intrinsic Fault
Pipeline ARCO_0 fixed due to Source NODO_2 fixing from Intrinsic Fault
Update Fixed Elements from Heavy Faults
Update Fixed Elements from Attack
Propagate Intrinsic Fault
Node NODO_10 has still failing due to Intrinsic Fault
Node NODO_11 has still failing due to Intrinsic Fault
pipeline ARCO_17 still has reduced capacity: 0.0 due to Intrinsic Fault
pipeline ARCO_88 still has reduced capacity: 0.0 due to Intrinsic Fault
pipeline ARCO_89 still has reduced capacity: 0.0 due to Intrinsic Fault
pipeline V_EDGE_53_8 still has reduced capacity: 0.0 due to Intrinsic Fault
pipeline ARCO_18 still has reduced capacity: 0.0 due to Intrinsic Fault
pipeline ARCO_19 still has reduced capacity: 0.0 due to Intrinsic Fault
pipeline ARCO_87 still has reduced capacity: 0.0 due to Intrinsic Fault
pipeline ARCO_3 still has reduced capacity: 9.688 due to Intrinsic Fault
pipeline ARCO_90 still has reduced capacity: 1.6 due to Intrinsic Fault
pipeline ARCO_91 still has reduced capacity: 9.688 due to Intrinsic Fault
pipeline ARCO_92 still has reduced capacity: 39.328 due to Intrinsic Fault
pipeline V_EDGE_53_9 still has reduced capacity: 5.68 due to Intrinsic Fault
pipeline ARCO_20 still has reduced capacity: 1.6 due to Intrinsic Fault
pipeline ARCO_21 still has reduced capacity: 9.688 due to Intrinsic Fault
pipeline ARCO_22 still has reduced capacity: 39.328 due to Intrinsic Fault
pipeline ARCO_73 still has reduced capacity: 9.688 due to Intrinsic Fault
Propagate Heavy Faults
Propagate Attacks
Inject Intrinsic Failure To Source
Source NODO_11 is failing for an Intrinsic Fault in day: 331
pipeline ARCO_3 has reduced capacity due to NODO_11 Intrinsic fault
pipeline ARCO_90 has reduced capacity due to NODO_11 Intrinsic fault
pipeline ARCO_91 has reduced capacity due to NODO_11 Intrinsic fault
pipeline ARCO_92 has reduced capacity due to NODO_11 Intrinsic fault
pipeline V_EDGE_53_9 has reduced capacity due to NODO_11 Intrinsic fault
pipeline ARCO_20 has reduced capacity due to NODO_11 Intrinsic fault
pipeline ARCO_21 has reduced capacity due to NODO_11 Intrinsic fault
pipeline ARCO_22 has reduced capacity due to NODO_11 Intrinsic fault
pipeline ARCO_73 has reduced capacity due to NODO_11 Intrinsic fault
Inject Heavy Fault To Sources
Inject Attack Multiple To Source
Inject Intrinsic Fault To Pipeline
Inject Heavy Fault To Pipeline
Inject Attack To Pipeline
----------- Statistics ------------
	Sources Under Attack: 0
	Sources with Heavy Fault: 0
	Sources with Intrinsic Fault: 2
	Arcs with reduce capacity due to Attack: 0
	Arcs with reduce capacity due to Heavy Fault: 0
	Arcs with reduce capacity due to Intrinsic Fault: 16
	Arcs with Attacks: 0
	Arcs with Heavy Fault: 0
	Arcs with Intrinsic Fault: 0
--------- SOURCES STATISTICS ---------------
Demand del real Source[0]: -31.0, flusso erogato: 11.626399999999993, flusso entrante: 0.0, efficienza: 37.50451612903223 %
Demand del real Source[8]: -10.5, flusso erogato: 0.0, flusso entrante: 0.0, efficienza: 0.0 %
Demand del real Source[9]: -7.1, flusso erogato: 15.1704, flusso entrante: 10.626399999999993, efficienza: 213.66760563380285 %
Demand del real Source[17]: -25.0, flusso erogato: 25.000000000000007, flusso entrante: 0.0, efficienza: 100.00000000000003 %
Flusso totale entrante nei Real Source: 10.626399999999993
Flusso totale uscente dai Real Source: 51.7968
Flusso netto sui real Source: -41.1704
--- SINKS STATISTICS ---
Sink 3 SODDISFATTO. Flusso netto: 3.429999999999999, Demand: 3.43, percentage: 99.99999999999997
Sink 4 SODDISFATTO. Flusso netto: 0.5700000000000007, Demand: 0.57, percentage: 100.00000000000013
Sink 5 SODDISFATTO. Flusso netto: 0.6600000000000001, Demand: 0.66, percentage: 100.00000000000003
Sink 11 SODDISFATTO. Flusso netto: 1.0300000000000011, Demand: 1.03, percentage: 100.00000000000011
Sink 15 SODDISFATTO. Flusso netto: 0.46000000000000085, Demand: 0.46, percentage: 100.00000000000017
Sink 16 SODDISFATTO. Flusso netto: 8.4, Demand: 8.4, percentage: 100.0
Sink 19 SODDISFATTO. Flusso netto: 0.5399999999999938, Demand: 0.54, percentage: 99.99999999999885
Sink 23 SODDISFATTO. Flusso netto: 0.5999999999999996, Demand: 0.6, percentage: 99.99999999999994
Sink 24 SODDISFATTO. Flusso netto: 0.8000000000000007, Demand: 0.8, percentage: 100.00000000000009
Sink 25 SODDISFATTO. Flusso netto: 3.5, Demand: 3.5, percentage: 100.0
Sink 26 SODDISFATTO. Flusso netto: 6.000000000000007, Demand: 6.0, percentage: 100.00000000000011
Sink 28 SODDISFATTO. Flusso netto: 0.4, Demand: 0.4, percentage: 100.0
Sink 30 SODDISFATTO. Flusso netto: 0.9799999999999933, Demand: 0.98, percentage: 99.99999999999932
Sink 31 SODDISFATTO. Flusso netto: 0.3999999999999999, Demand: 0.4, percentage: 99.99999999999997
Sink 32 SODDISFATTO. Flusso netto: 0.9999999999999989, Demand: 1.0, percentage: 99.99999999999989
Sink 34 SODDISFATTO. Flusso netto: 1.7400000000000002, Demand: 1.74, percentage: 100.00000000000003
Sink 35 SODDISFATTO. Flusso netto: 1.3, Demand: 1.3, percentage: 100.0
Sink 37 SODDISFATTO. Flusso netto: 1.0, Demand: 1.0, percentage: 100.0
Sink 39 SODDISFATTO. Flusso netto: 0.40000000000000036, Demand: 0.4, percentage: 100.00000000000009
Sink 40 SODDISFATTO. Flusso netto: 0.5, Demand: 0.5, percentage: 100.0
Sink 41 SODDISFATTO. Flusso netto: 1.0600000000000014, Demand: 1.06, percentage: 100.00000000000013
Sink 42 SODDISFATTO. Flusso netto: 2.82, Demand: 2.82, percentage: 100.0
Sink 45 SODDISFATTO. Flusso netto: 0.6800000000000002, Demand: 0.68, percentage: 100.00000000000003
Sink 46 SODDISFATTO. Flusso netto: 1.17, Demand: 1.17, percentage: 100.0
Sink 49 non è soddisfatto. Flusso netto: 1.7303999999999995, Demand: 7.0, percentage: 24.71999999999999
Flusso totale entrante nei SINK: 84.06160000000001
Flusso totale uscente nei SINK: 42.8912
Flusso totale netto nei SINK: 41.170400000000015
Total DEMAND dei SINK: 46.44
Percentual di flusso ai SINK: 0.8865288544358315
Numero di Sink soddisfatti: 24.0, numero totale di sink: 25.0
Percentuale di Sink soddisfatti: 0.96

---------------------------------- DAY 332

Update Fixed Elements from Intrinsic Faults
Update Fixed Elements from Heavy Faults
Update Fixed Elements from Attack
Propagate Intrinsic Fault
Node NODO_10 has still failing due to Intrinsic Fault
Node NODO_11 has still failing due to Intrinsic Fault
pipeline ARCO_17 still has reduced capacity: 0.0 due to Intrinsic Fault
pipeline ARCO_88 still has reduced capacity: 0.0 due to Intrinsic Fault
pipeline ARCO_89 still has reduced capacity: 0.0 due to Intrinsic Fault
pipeline V_EDGE_53_8 still has reduced capacity: 0.0 due to Intrinsic Fault
pipeline ARCO_18 still has reduced capacity: 0.0 due to Intrinsic Fault
pipeline ARCO_19 still has reduced capacity: 0.0 due to Intrinsic Fault
pipeline ARCO_87 still has reduced capacity: 0.0 due to Intrinsic Fault
pipeline ARCO_3 still has reduced capacity: 9.688 due to Intrinsic Fault
pipeline ARCO_90 still has reduced capacity: 1.6 due to Intrinsic Fault
pipeline ARCO_91 still has reduced capacity: 9.688 due to Intrinsic Fault
pipeline ARCO_92 still has reduced capacity: 39.328 due to Intrinsic Fault
pipeline V_EDGE_53_9 still has reduced capacity: 5.68 due to Intrinsic Fault
pipeline ARCO_20 still has reduced capacity: 1.6 due to Intrinsic Fault
pipeline ARCO_21 still has reduced capacity: 9.688 due to Intrinsic Fault
pipeline ARCO_22 still has reduced capacity: 39.328 due to Intrinsic Fault
pipeline ARCO_73 still has reduced capacity: 9.688 due to Intrinsic Fault
Propagate Heavy Faults
Propagate Attacks
Inject Intrinsic Failure To Source
Source NODO_11 is failing for an Intrinsic Fault in day: 332
pipeline ARCO_3 has reduced capacity due to NODO_11 Intrinsic fault
pipeline ARCO_90 has reduced capacity due to NODO_11 Intrinsic fault
pipeline ARCO_91 has reduced capacity due to NODO_11 Intrinsic fault
pipeline ARCO_92 has reduced capacity due to NODO_11 Intrinsic fault
pipeline V_EDGE_53_9 has reduced capacity due to NODO_11 Intrinsic fault
pipeline ARCO_20 has reduced capacity due to NODO_11 Intrinsic fault
pipeline ARCO_21 has reduced capacity due to NODO_11 Intrinsic fault
pipeline ARCO_22 has reduced capacity due to NODO_11 Intrinsic fault
pipeline ARCO_73 has reduced capacity due to NODO_11 Intrinsic fault
Inject Heavy Fault To Sources
Inject Attack Multiple To Source
Inject Intrinsic Fault To Pipeline
Inject Heavy Fault To Pipeline
Inject Attack To Pipeline
----------- Statistics ------------
	Sources Under Attack: 0
	Sources with Heavy Fault: 0
	Sources with Intrinsic Fault: 2
	Arcs with reduce capacity due to Attack: 0
	Arcs with reduce capacity due to Heavy Fault: 0
	Arcs with reduce capacity due to Intrinsic Fault: 16
	Arcs with Attacks: 0
	Arcs with Heavy Fault: 0
	Arcs with Intrinsic Fault: 0
--------- SOURCES STATISTICS ---------------
Demand del real Source[0]: -31.0, flusso erogato: 11.626399999999993, flusso entrante: 0.0, efficienza: 37.50451612903223 %
Demand del real Source[8]: -10.5, flusso erogato: 0.0, flusso entrante: 0.0, efficienza: 0.0 %
Demand del real Source[9]: -7.1, flusso erogato: 15.1704, flusso entrante: 10.626399999999993, efficienza: 213.66760563380285 %
Demand del real Source[17]: -25.0, flusso erogato: 25.000000000000007, flusso entrante: 0.0, efficienza: 100.00000000000003 %
Flusso totale entrante nei Real Source: 10.626399999999993
Flusso totale uscente dai Real Source: 51.7968
Flusso netto sui real Source: -41.1704
--- SINKS STATISTICS ---
Sink 3 SODDISFATTO. Flusso netto: 3.429999999999999, Demand: 3.43, percentage: 99.99999999999997
Sink 4 SODDISFATTO. Flusso netto: 0.5700000000000007, Demand: 0.57, percentage: 100.00000000000013
Sink 5 SODDISFATTO. Flusso netto: 0.6600000000000001, Demand: 0.66, percentage: 100.00000000000003
Sink 11 SODDISFATTO. Flusso netto: 1.0300000000000011, Demand: 1.03, percentage: 100.00000000000011
Sink 15 SODDISFATTO. Flusso netto: 0.46000000000000085, Demand: 0.46, percentage: 100.00000000000017
Sink 16 SODDISFATTO. Flusso netto: 8.4, Demand: 8.4, percentage: 100.0
Sink 19 SODDISFATTO. Flusso netto: 0.5399999999999938, Demand: 0.54, percentage: 99.99999999999885
Sink 23 SODDISFATTO. Flusso netto: 0.5999999999999996, Demand: 0.6, percentage: 99.99999999999994
Sink 24 SODDISFATTO. Flusso netto: 0.8000000000000007, Demand: 0.8, percentage: 100.00000000000009
Sink 25 SODDISFATTO. Flusso netto: 3.5, Demand: 3.5, percentage: 100.0
Sink 26 SODDISFATTO. Flusso netto: 6.000000000000007, Demand: 6.0, percentage: 100.00000000000011
Sink 28 SODDISFATTO. Flusso netto: 0.4, Demand: 0.4, percentage: 100.0
Sink 30 SODDISFATTO. Flusso netto: 0.9799999999999933, Demand: 0.98, percentage: 99.99999999999932
Sink 31 SODDISFATTO. Flusso netto: 0.3999999999999999, Demand: 0.4, percentage: 99.99999999999997
Sink 32 SODDISFATTO. Flusso netto: 0.9999999999999989, Demand: 1.0, percentage: 99.99999999999989
Sink 34 SODDISFATTO. Flusso netto: 1.7400000000000002, Demand: 1.74, percentage: 100.00000000000003
Sink 35 SODDISFATTO. Flusso netto: 1.3, Demand: 1.3, percentage: 100.0
Sink 37 SODDISFATTO. Flusso netto: 1.0, Demand: 1.0, percentage: 100.0
Sink 39 SODDISFATTO. Flusso netto: 0.40000000000000036, Demand: 0.4, percentage: 100.00000000000009
Sink 40 SODDISFATTO. Flusso netto: 0.5, Demand: 0.5, percentage: 100.0
Sink 41 SODDISFATTO. Flusso netto: 1.0600000000000014, Demand: 1.06, percentage: 100.00000000000013
Sink 42 SODDISFATTO. Flusso netto: 2.82, Demand: 2.82, percentage: 100.0
Sink 45 SODDISFATTO. Flusso netto: 0.6800000000000002, Demand: 0.68, percentage: 100.00000000000003
Sink 46 SODDISFATTO. Flusso netto: 1.17, Demand: 1.17, percentage: 100.0
Sink 49 non è soddisfatto. Flusso netto: 1.7303999999999995, Demand: 7.0, percentage: 24.71999999999999
Flusso totale entrante nei SINK: 84.06160000000001
Flusso totale uscente nei SINK: 42.8912
Flusso totale netto nei SINK: 41.170400000000015
Total DEMAND dei SINK: 46.44
Percentual di flusso ai SINK: 0.8865288544358315
Numero di Sink soddisfatti: 24.0, numero totale di sink: 25.0
Percentuale di Sink soddisfatti: 0.96

---------------------------------- DAY 333

Update Fixed Elements from Intrinsic Faults
Source NODO_11 fixed from Intrinsic Fault
Pipeline ARCO_3 fixed due to Source NODO_11 fixing from Intrinsic Fault
Pipeline ARCO_90 fixed due to Source NODO_11 fixing from Intrinsic Fault
Pipeline ARCO_91 fixed due to Source NODO_11 fixing from Intrinsic Fault
Pipeline ARCO_92 fixed due to Source NODO_11 fixing from Intrinsic Fault
Pipeline V_EDGE_53_9 fixed due to Source NODO_11 fixing from Intrinsic Fault
Pipeline ARCO_20 fixed due to Source NODO_11 fixing from Intrinsic Fault
Pipeline ARCO_21 fixed due to Source NODO_11 fixing from Intrinsic Fault
Pipeline ARCO_22 fixed due to Source NODO_11 fixing from Intrinsic Fault
Pipeline ARCO_73 fixed due to Source NODO_11 fixing from Intrinsic Fault
Update Fixed Elements from Heavy Faults
Update Fixed Elements from Attack
Propagate Intrinsic Fault
Node NODO_10 has still failing due to Intrinsic Fault
pipeline ARCO_17 still has reduced capacity: 0.0 due to Intrinsic Fault
pipeline ARCO_88 still has reduced capacity: 0.0 due to Intrinsic Fault
pipeline ARCO_89 still has reduced capacity: 0.0 due to Intrinsic Fault
pipeline V_EDGE_53_8 still has reduced capacity: 0.0 due to Intrinsic Fault
pipeline ARCO_18 still has reduced capacity: 0.0 due to Intrinsic Fault
pipeline ARCO_19 still has reduced capacity: 0.0 due to Intrinsic Fault
pipeline ARCO_87 still has reduced capacity: 0.0 due to Intrinsic Fault
Propagate Heavy Faults
Propagate Attacks
Inject Intrinsic Failure To Source
Source NODO_2 is failing for an Intrinsic Fault in day: 333
pipeline ARCO_70 has reduced capacity due to NODO_2 Intrinsic fault
pipeline V_EDGE_53_0 has reduced capacity due to NODO_2 Intrinsic fault
pipeline ARCO_0 has reduced capacity due to NODO_2 Intrinsic fault
Inject Heavy Fault To Sources
Inject Attack Multiple To Source
Inject Intrinsic Fault To Pipeline
Inject Heavy Fault To Pipeline
Inject Attack To Pipeline
----------- Statistics ------------
	Sources Under Attack: 0
	Sources with Heavy Fault: 0
	Sources with Intrinsic Fault: 2
	Arcs with reduce capacity due to Attack: 0
	Arcs with reduce capacity due to Heavy Fault: 0
	Arcs with reduce capacity due to Intrinsic Fault: 10
	Arcs with Attacks: 0
	Arcs with Heavy Fault: 0
	Arcs with Intrinsic Fault: 0
--------- SOURCES STATISTICS ---------------
Demand del real Source[0]: -31.0, flusso erogato: 11.159999999999997, flusso entrante: 0.0, efficienza: 35.999999999999986 %
Demand del real Source[8]: -10.5, flusso erogato: 0.0, flusso entrante: 0.0, efficienza: 0.0 %
Demand del real Source[9]: -7.1, flusso erogato: 17.259999999999998, flusso entrante: 10.159999999999997, efficienza: 243.09859154929575 %
Demand del real Source[17]: -25.0, flusso erogato: 25.000000000000007, flusso entrante: 0.0, efficienza: 100.00000000000003 %
Flusso totale entrante nei Real Source: 10.159999999999997
Flusso totale uscente dai Real Source: 53.42
Flusso netto sui real Source: -43.260000000000005
--- SINKS STATISTICS ---
Sink 3 SODDISFATTO. Flusso netto: 3.429999999999999, Demand: 3.43, percentage: 99.99999999999997
Sink 4 SODDISFATTO. Flusso netto: 0.5700000000000003, Demand: 0.57, percentage: 100.00000000000007
Sink 5 SODDISFATTO. Flusso netto: 0.6599999999999993, Demand: 0.66, percentage: 99.99999999999987
Sink 11 SODDISFATTO. Flusso netto: 1.0300000000000011, Demand: 1.03, percentage: 100.00000000000011
Sink 15 SODDISFATTO. Flusso netto: 0.4600000000000044, Demand: 0.46, percentage: 100.00000000000095
Sink 16 SODDISFATTO. Flusso netto: 8.399999999999993, Demand: 8.4, percentage: 99.99999999999991
Sink 19 SODDISFATTO. Flusso netto: 0.5399999999999938, Demand: 0.54, percentage: 99.99999999999885
Sink 23 SODDISFATTO. Flusso netto: 0.5999999999999996, Demand: 0.6, percentage: 99.99999999999994
Sink 24 SODDISFATTO. Flusso netto: 0.8000000000000007, Demand: 0.8, percentage: 100.00000000000009
Sink 25 SODDISFATTO. Flusso netto: 3.5, Demand: 3.5, percentage: 100.0
Sink 26 SODDISFATTO. Flusso netto: 6.000000000000007, Demand: 6.0, percentage: 100.00000000000011
Sink 28 SODDISFATTO. Flusso netto: 0.4, Demand: 0.4, percentage: 100.0
Sink 30 SODDISFATTO. Flusso netto: 0.9799999999999933, Demand: 0.98, percentage: 99.99999999999932
Sink 31 SODDISFATTO. Flusso netto: 0.3999999999999999, Demand: 0.4, percentage: 99.99999999999997
Sink 32 SODDISFATTO. Flusso netto: 0.9999999999999989, Demand: 1.0, percentage: 99.99999999999989
Sink 34 SODDISFATTO. Flusso netto: 1.7400000000000002, Demand: 1.74, percentage: 100.00000000000003
Sink 35 SODDISFATTO. Flusso netto: 1.3, Demand: 1.3, percentage: 100.0
Sink 37 SODDISFATTO. Flusso netto: 1.0, Demand: 1.0, percentage: 100.0
Sink 39 SODDISFATTO. Flusso netto: 0.40000000000000036, Demand: 0.4, percentage: 100.00000000000009
Sink 40 SODDISFATTO. Flusso netto: 0.5, Demand: 0.5, percentage: 100.0
Sink 41 SODDISFATTO. Flusso netto: 1.0599999999999996, Demand: 1.06, percentage: 99.99999999999996
Sink 42 SODDISFATTO. Flusso netto: 2.820000000000001, Demand: 2.82, percentage: 100.00000000000004
Sink 45 SODDISFATTO. Flusso netto: 0.6800000000000002, Demand: 0.68, percentage: 100.00000000000003
Sink 46 SODDISFATTO. Flusso netto: 1.17, Demand: 1.17, percentage: 100.0
Sink 49 non è soddisfatto. Flusso netto: 3.8200000000000003, Demand: 7.0, percentage: 54.57142857142857
Flusso totale entrante nei SINK: 88.47
Flusso totale uscente nei SINK: 45.21000000000001
Flusso totale netto nei SINK: 43.25999999999999
Total DEMAND dei SINK: 46.44
Percentual di flusso ai SINK: 0.9315245478036174
Numero di Sink soddisfatti: 24.0, numero totale di sink: 25.0
Percentuale di Sink soddisfatti: 0.96

---------------------------------- DAY 334

Update Fixed Elements from Intrinsic Faults
Update Fixed Elements from Heavy Faults
Update Fixed Elements from Attack
Propagate Intrinsic Fault
Node NODO_10 has still failing due to Intrinsic Fault
Node NODO_2 has still failing due to Intrinsic Fault
pipeline ARCO_17 still has reduced capacity: 0.0 due to Intrinsic Fault
pipeline ARCO_88 still has reduced capacity: 0.0 due to Intrinsic Fault
pipeline ARCO_89 still has reduced capacity: 0.0 due to Intrinsic Fault
pipeline V_EDGE_53_8 still has reduced capacity: 0.0 due to Intrinsic Fault
pipeline ARCO_18 still has reduced capacity: 0.0 due to Intrinsic Fault
pipeline ARCO_19 still has reduced capacity: 0.0 due to Intrinsic Fault
pipeline ARCO_87 still has reduced capacity: 0.0 due to Intrinsic Fault
pipeline ARCO_70 still has reduced capacity: 24.8 due to Intrinsic Fault
pipeline V_EDGE_53_0 still has reduced capacity: 24.8 due to Intrinsic Fault
pipeline ARCO_0 still has reduced capacity: 24.8 due to Intrinsic Fault
Propagate Heavy Faults
Propagate Attacks
Inject Intrinsic Failure To Source
Source NODO_2 is failing for an Intrinsic Fault in day: 334
pipeline ARCO_70 has reduced capacity due to NODO_2 Intrinsic fault
pipeline V_EDGE_53_0 has reduced capacity due to NODO_2 Intrinsic fault
pipeline ARCO_0 has reduced capacity due to NODO_2 Intrinsic fault
Inject Heavy Fault To Sources
Inject Attack Multiple To Source
Inject Intrinsic Fault To Pipeline
Inject Heavy Fault To Pipeline
Inject Attack To Pipeline
----------- Statistics ------------
	Sources Under Attack: 0
	Sources with Heavy Fault: 0
	Sources with Intrinsic Fault: 2
	Arcs with reduce capacity due to Attack: 0
	Arcs with reduce capacity due to Heavy Fault: 0
	Arcs with reduce capacity due to Intrinsic Fault: 10
	Arcs with Attacks: 0
	Arcs with Heavy Fault: 0
	Arcs with Intrinsic Fault: 0
--------- SOURCES STATISTICS ---------------
Demand del real Source[0]: -31.0, flusso erogato: 11.159999999999993, flusso entrante: 0.0, efficienza: 35.99999999999998 %
Demand del real Source[8]: -10.5, flusso erogato: 0.0, flusso entrante: 0.0, efficienza: 0.0 %
Demand del real Source[9]: -7.1, flusso erogato: 17.259999999999998, flusso entrante: 10.159999999999997, efficienza: 243.09859154929575 %
Demand del real Source[17]: -25.0, flusso erogato: 25.000000000000007, flusso entrante: 0.0, efficienza: 100.00000000000003 %
Flusso totale entrante nei Real Source: 10.159999999999997
Flusso totale uscente dai Real Source: 53.419999999999995
Flusso netto sui real Source: -43.26
--- SINKS STATISTICS ---
Sink 3 SODDISFATTO. Flusso netto: 3.429999999999999, Demand: 3.43, percentage: 99.99999999999997
Sink 4 SODDISFATTO. Flusso netto: 0.5700000000000003, Demand: 0.57, percentage: 100.00000000000007
Sink 5 SODDISFATTO. Flusso netto: 0.6599999999999993, Demand: 0.66, percentage: 99.99999999999987
Sink 11 SODDISFATTO. Flusso netto: 1.0300000000000011, Demand: 1.03, percentage: 100.00000000000011
Sink 15 SODDISFATTO. Flusso netto: 0.4600000000000044, Demand: 0.46, percentage: 100.00000000000095
Sink 16 SODDISFATTO. Flusso netto: 8.399999999999993, Demand: 8.4, percentage: 99.99999999999991
Sink 19 SODDISFATTO. Flusso netto: 0.5399999999999938, Demand: 0.54, percentage: 99.99999999999885
Sink 23 SODDISFATTO. Flusso netto: 0.5999999999999996, Demand: 0.6, percentage: 99.99999999999994
Sink 24 SODDISFATTO. Flusso netto: 0.8000000000000007, Demand: 0.8, percentage: 100.00000000000009
Sink 25 SODDISFATTO. Flusso netto: 3.5, Demand: 3.5, percentage: 100.0
Sink 26 SODDISFATTO. Flusso netto: 6.000000000000007, Demand: 6.0, percentage: 100.00000000000011
Sink 28 SODDISFATTO. Flusso netto: 0.4, Demand: 0.4, percentage: 100.0
Sink 30 SODDISFATTO. Flusso netto: 0.9799999999999933, Demand: 0.98, percentage: 99.99999999999932
Sink 31 SODDISFATTO. Flusso netto: 0.3999999999999999, Demand: 0.4, percentage: 99.99999999999997
Sink 32 SODDISFATTO. Flusso netto: 0.9999999999999989, Demand: 1.0, percentage: 99.99999999999989
Sink 34 SODDISFATTO. Flusso netto: 1.7400000000000002, Demand: 1.74, percentage: 100.00000000000003
Sink 35 SODDISFATTO. Flusso netto: 1.3, Demand: 1.3, percentage: 100.0
Sink 37 SODDISFATTO. Flusso netto: 1.0, Demand: 1.0, percentage: 100.0
Sink 39 SODDISFATTO. Flusso netto: 0.40000000000000036, Demand: 0.4, percentage: 100.00000000000009
Sink 40 SODDISFATTO. Flusso netto: 0.5, Demand: 0.5, percentage: 100.0
Sink 41 SODDISFATTO. Flusso netto: 1.0599999999999996, Demand: 1.06, percentage: 99.99999999999996
Sink 42 SODDISFATTO. Flusso netto: 2.820000000000001, Demand: 2.82, percentage: 100.00000000000004
Sink 45 SODDISFATTO. Flusso netto: 0.6800000000000002, Demand: 0.68, percentage: 100.00000000000003
Sink 46 SODDISFATTO. Flusso netto: 1.17, Demand: 1.17, percentage: 100.0
Sink 49 non è soddisfatto. Flusso netto: 3.8200000000000003, Demand: 7.0, percentage: 54.57142857142857
Flusso totale entrante nei SINK: 88.47
Flusso totale uscente nei SINK: 45.21000000000001
Flusso totale netto nei SINK: 43.25999999999999
Total DEMAND dei SINK: 46.44
Percentual di flusso ai SINK: 0.9315245478036174
Numero di Sink soddisfatti: 24.0, numero totale di sink: 25.0
Percentuale di Sink soddisfatti: 0.96

---------------------------------- DAY 335

Update Fixed Elements from Intrinsic Faults
Source NODO_10 fixed from Intrinsic Fault
Pipeline ARCO_17 fixed due to Source NODO_10 fixing from Intrinsic Fault
Pipeline ARCO_88 fixed due to Source NODO_10 fixing from Intrinsic Fault
Pipeline ARCO_89 fixed due to Source NODO_10 fixing from Intrinsic Fault
Pipeline V_EDGE_53_8 fixed due to Source NODO_10 fixing from Intrinsic Fault
Pipeline ARCO_18 fixed due to Source NODO_10 fixing from Intrinsic Fault
Pipeline ARCO_19 fixed due to Source NODO_10 fixing from Intrinsic Fault
Pipeline ARCO_87 fixed due to Source NODO_10 fixing from Intrinsic Fault
Update Fixed Elements from Heavy Faults
Update Fixed Elements from Attack
Propagate Intrinsic Fault
Node NODO_2 has still failing due to Intrinsic Fault
pipeline ARCO_70 still has reduced capacity: 24.8 due to Intrinsic Fault
pipeline V_EDGE_53_0 still has reduced capacity: 24.8 due to Intrinsic Fault
pipeline ARCO_0 still has reduced capacity: 24.8 due to Intrinsic Fault
Propagate Heavy Faults
Propagate Attacks
Inject Intrinsic Failure To Source
Inject Heavy Fault To Sources
Inject Attack Multiple To Source
Inject Intrinsic Fault To Pipeline
Inject Heavy Fault To Pipeline
Inject Attack To Pipeline
----------- Statistics ------------
	Sources Under Attack: 0
	Sources with Heavy Fault: 0
	Sources with Intrinsic Fault: 1
	Arcs with reduce capacity due to Attack: 0
	Arcs with reduce capacity due to Heavy Fault: 0
	Arcs with reduce capacity due to Intrinsic Fault: 3
	Arcs with Attacks: 0
	Arcs with Heavy Fault: 0
	Arcs with Intrinsic Fault: 0
--------- SOURCES STATISTICS ---------------
Demand del real Source[0]: -31.0, flusso erogato: 8.069999999999997, flusso entrante: 0.0, efficienza: 26.032258064516117 %
Demand del real Source[8]: -10.5, flusso erogato: 3.8600000000000003, flusso entrante: 0.0, efficienza: 36.76190476190476 %
Demand del real Source[9]: -7.1, flusso erogato: 14.169999999999996, flusso entrante: 7.070000000000007, efficienza: 199.57746478873236 %
Demand del real Source[17]: -25.0, flusso erogato: 25.000000000000007, flusso entrante: 0.0, efficienza: 100.00000000000003 %
Flusso totale entrante nei Real Source: 7.070000000000007
Flusso totale uscente dai Real Source: 51.1
Flusso netto sui real Source: -44.029999999999994
--- SINKS STATISTICS ---
Sink 3 SODDISFATTO. Flusso netto: 3.4299999999999997, Demand: 3.43, percentage: 99.99999999999999
Sink 4 SODDISFATTO. Flusso netto: 0.5700000000000003, Demand: 0.57, percentage: 100.00000000000007
Sink 5 SODDISFATTO. Flusso netto: 0.6600000000000019, Demand: 0.66, percentage: 100.00000000000028
Sink 11 SODDISFATTO. Flusso netto: 1.03, Demand: 1.03, percentage: 100.0
Sink 15 SODDISFATTO. Flusso netto: 0.4600000000000044, Demand: 0.46, percentage: 100.00000000000095
Sink 16 SODDISFATTO. Flusso netto: 8.399999999999993, Demand: 8.4, percentage: 99.99999999999991
Sink 19 SODDISFATTO. Flusso netto: 0.5399999999999938, Demand: 0.54, percentage: 99.99999999999885
Sink 23 SODDISFATTO. Flusso netto: 0.5999999999999996, Demand: 0.6, percentage: 99.99999999999994
Sink 24 SODDISFATTO. Flusso netto: 0.8000000000000007, Demand: 0.8, percentage: 100.00000000000009
Sink 25 SODDISFATTO. Flusso netto: 3.5, Demand: 3.5, percentage: 100.0
Sink 26 SODDISFATTO. Flusso netto: 6.000000000000007, Demand: 6.0, percentage: 100.00000000000011
Sink 28 SODDISFATTO. Flusso netto: 0.4, Demand: 0.4, percentage: 100.0
Sink 30 SODDISFATTO. Flusso netto: 0.9799999999999933, Demand: 0.98, percentage: 99.99999999999932
Sink 31 SODDISFATTO. Flusso netto: 0.3999999999999999, Demand: 0.4, percentage: 99.99999999999997
Sink 32 SODDISFATTO. Flusso netto: 0.9999999999999989, Demand: 1.0, percentage: 99.99999999999989
Sink 34 SODDISFATTO. Flusso netto: 1.7400000000000002, Demand: 1.74, percentage: 100.00000000000003
Sink 35 SODDISFATTO. Flusso netto: 1.3, Demand: 1.3, percentage: 100.0
Sink 37 SODDISFATTO. Flusso netto: 1.0, Demand: 1.0, percentage: 100.0
Sink 39 SODDISFATTO. Flusso netto: 0.40000000000000036, Demand: 0.4, percentage: 100.00000000000009
Sink 40 SODDISFATTO. Flusso netto: 0.5, Demand: 0.5, percentage: 100.0
Sink 41 SODDISFATTO. Flusso netto: 1.0600000000000005, Demand: 1.06, percentage: 100.00000000000004
Sink 42 SODDISFATTO. Flusso netto: 2.8200000000000007, Demand: 2.82, percentage: 100.00000000000003
Sink 45 SODDISFATTO. Flusso netto: 0.6800000000000002, Demand: 0.68, percentage: 100.00000000000003
Sink 46 SODDISFATTO. Flusso netto: 1.17, Demand: 1.17, percentage: 100.0
Sink 49 non è soddisfatto. Flusso netto: 4.59, Demand: 7.0, percentage: 65.57142857142857
Flusso totale entrante nei SINK: 86.46000000000001
Flusso totale uscente nei SINK: 42.430000000000014
Flusso totale netto nei SINK: 44.029999999999994
Total DEMAND dei SINK: 46.44
Percentual di flusso ai SINK: 0.9481050818260119
Numero di Sink soddisfatti: 24.0, numero totale di sink: 25.0
Percentuale di Sink soddisfatti: 0.96

---------------------------------- DAY 336

Update Fixed Elements from Intrinsic Faults
Source NODO_2 fixed from Intrinsic Fault
Pipeline ARCO_70 fixed due to Source NODO_2 fixing from Intrinsic Fault
Pipeline V_EDGE_53_0 fixed due to Source NODO_2 fixing from Intrinsic Fault
Pipeline ARCO_0 fixed due to Source NODO_2 fixing from Intrinsic Fault
Update Fixed Elements from Heavy Faults
Update Fixed Elements from Attack
Propagate Intrinsic Fault
Propagate Heavy Faults
Propagate Attacks
Inject Intrinsic Failure To Source
Inject Heavy Fault To Sources
Inject Attack Multiple To Source
Inject Intrinsic Fault To Pipeline
Inject Heavy Fault To Pipeline
Inject Attack To Pipeline
----------- Statistics ------------
	Sources Under Attack: 0
	Sources with Heavy Fault: 0
	Sources with Intrinsic Fault: 0
	Arcs with reduce capacity due to Attack: 0
	Arcs with reduce capacity due to Heavy Fault: 0
	Arcs with reduce capacity due to Intrinsic Fault: 0
	Arcs with Attacks: 0
	Arcs with Heavy Fault: 0
	Arcs with Intrinsic Fault: 0
--------- SOURCES STATISTICS ---------------
Demand del real Source[0]: -31.0, flusso erogato: 8.069999999999997, flusso entrante: 0.0, efficienza: 26.032258064516117 %
Demand del real Source[8]: -10.5, flusso erogato: 3.8600000000000003, flusso entrante: 0.0, efficienza: 36.76190476190476 %
Demand del real Source[9]: -7.1, flusso erogato: 14.169999999999996, flusso entrante: 7.070000000000007, efficienza: 199.57746478873236 %
Demand del real Source[17]: -25.0, flusso erogato: 25.000000000000007, flusso entrante: 0.0, efficienza: 100.00000000000003 %
Flusso totale entrante nei Real Source: 7.070000000000007
Flusso totale uscente dai Real Source: 51.1
Flusso netto sui real Source: -44.029999999999994
--- SINKS STATISTICS ---
Sink 3 SODDISFATTO. Flusso netto: 3.4299999999999997, Demand: 3.43, percentage: 99.99999999999999
Sink 4 SODDISFATTO. Flusso netto: 0.5700000000000003, Demand: 0.57, percentage: 100.00000000000007
Sink 5 SODDISFATTO. Flusso netto: 0.6600000000000019, Demand: 0.66, percentage: 100.00000000000028
Sink 11 SODDISFATTO. Flusso netto: 1.03, Demand: 1.03, percentage: 100.0
Sink 15 SODDISFATTO. Flusso netto: 0.4600000000000044, Demand: 0.46, percentage: 100.00000000000095
Sink 16 SODDISFATTO. Flusso netto: 8.399999999999993, Demand: 8.4, percentage: 99.99999999999991
Sink 19 SODDISFATTO. Flusso netto: 0.5399999999999938, Demand: 0.54, percentage: 99.99999999999885
Sink 23 SODDISFATTO. Flusso netto: 0.5999999999999996, Demand: 0.6, percentage: 99.99999999999994
Sink 24 SODDISFATTO. Flusso netto: 0.8000000000000007, Demand: 0.8, percentage: 100.00000000000009
Sink 25 SODDISFATTO. Flusso netto: 3.5, Demand: 3.5, percentage: 100.0
Sink 26 SODDISFATTO. Flusso netto: 6.000000000000007, Demand: 6.0, percentage: 100.00000000000011
Sink 28 SODDISFATTO. Flusso netto: 0.4, Demand: 0.4, percentage: 100.0
Sink 30 SODDISFATTO. Flusso netto: 0.9799999999999933, Demand: 0.98, percentage: 99.99999999999932
Sink 31 SODDISFATTO. Flusso netto: 0.3999999999999999, Demand: 0.4, percentage: 99.99999999999997
Sink 32 SODDISFATTO. Flusso netto: 0.9999999999999989, Demand: 1.0, percentage: 99.99999999999989
Sink 34 SODDISFATTO. Flusso netto: 1.7400000000000002, Demand: 1.74, percentage: 100.00000000000003
Sink 35 SODDISFATTO. Flusso netto: 1.3, Demand: 1.3, percentage: 100.0
Sink 37 SODDISFATTO. Flusso netto: 1.0, Demand: 1.0, percentage: 100.0
Sink 39 SODDISFATTO. Flusso netto: 0.40000000000000036, Demand: 0.4, percentage: 100.00000000000009
Sink 40 SODDISFATTO. Flusso netto: 0.5, Demand: 0.5, percentage: 100.0
Sink 41 SODDISFATTO. Flusso netto: 1.0600000000000005, Demand: 1.06, percentage: 100.00000000000004
Sink 42 SODDISFATTO. Flusso netto: 2.8200000000000007, Demand: 2.82, percentage: 100.00000000000003
Sink 45 SODDISFATTO. Flusso netto: 0.6800000000000002, Demand: 0.68, percentage: 100.00000000000003
Sink 46 SODDISFATTO. Flusso netto: 1.17, Demand: 1.17, percentage: 100.0
Sink 49 non è soddisfatto. Flusso netto: 4.59, Demand: 7.0, percentage: 65.57142857142857
Flusso totale entrante nei SINK: 86.46000000000001
Flusso totale uscente nei SINK: 42.430000000000014
Flusso totale netto nei SINK: 44.029999999999994
Total DEMAND dei SINK: 46.44
Percentual di flusso ai SINK: 0.9481050818260119
Numero di Sink soddisfatti: 24.0, numero totale di sink: 25.0
Percentuale di Sink soddisfatti: 0.96

---------------------------------- DAY 337

Update Fixed Elements from Intrinsic Faults
Update Fixed Elements from Heavy Faults
Update Fixed Elements from Attack
Propagate Intrinsic Fault
Propagate Heavy Faults
Propagate Attacks
Inject Intrinsic Failure To Source
Inject Heavy Fault To Sources
Inject Attack Multiple To Source
Inject Intrinsic Fault To Pipeline
Inject Heavy Fault To Pipeline
Inject Attack To Pipeline
----------- Statistics ------------
	Sources Under Attack: 0
	Sources with Heavy Fault: 0
	Sources with Intrinsic Fault: 0
	Arcs with reduce capacity due to Attack: 0
	Arcs with reduce capacity due to Heavy Fault: 0
	Arcs with reduce capacity due to Intrinsic Fault: 0
	Arcs with Attacks: 0
	Arcs with Heavy Fault: 0
	Arcs with Intrinsic Fault: 0
--------- SOURCES STATISTICS ---------------
Demand del real Source[0]: -31.0, flusso erogato: 8.069999999999997, flusso entrante: 0.0, efficienza: 26.032258064516117 %
Demand del real Source[8]: -10.5, flusso erogato: 3.8600000000000003, flusso entrante: 0.0, efficienza: 36.76190476190476 %
Demand del real Source[9]: -7.1, flusso erogato: 14.169999999999996, flusso entrante: 7.070000000000007, efficienza: 199.57746478873236 %
Demand del real Source[17]: -25.0, flusso erogato: 25.000000000000007, flusso entrante: 0.0, efficienza: 100.00000000000003 %
Flusso totale entrante nei Real Source: 7.070000000000007
Flusso totale uscente dai Real Source: 51.1
Flusso netto sui real Source: -44.029999999999994
--- SINKS STATISTICS ---
Sink 3 SODDISFATTO. Flusso netto: 3.4299999999999997, Demand: 3.43, percentage: 99.99999999999999
Sink 4 SODDISFATTO. Flusso netto: 0.5700000000000003, Demand: 0.57, percentage: 100.00000000000007
Sink 5 SODDISFATTO. Flusso netto: 0.6600000000000019, Demand: 0.66, percentage: 100.00000000000028
Sink 11 SODDISFATTO. Flusso netto: 1.03, Demand: 1.03, percentage: 100.0
Sink 15 SODDISFATTO. Flusso netto: 0.4600000000000044, Demand: 0.46, percentage: 100.00000000000095
Sink 16 SODDISFATTO. Flusso netto: 8.399999999999993, Demand: 8.4, percentage: 99.99999999999991
Sink 19 SODDISFATTO. Flusso netto: 0.5399999999999938, Demand: 0.54, percentage: 99.99999999999885
Sink 23 SODDISFATTO. Flusso netto: 0.5999999999999996, Demand: 0.6, percentage: 99.99999999999994
Sink 24 SODDISFATTO. Flusso netto: 0.8000000000000007, Demand: 0.8, percentage: 100.00000000000009
Sink 25 SODDISFATTO. Flusso netto: 3.5, Demand: 3.5, percentage: 100.0
Sink 26 SODDISFATTO. Flusso netto: 6.000000000000007, Demand: 6.0, percentage: 100.00000000000011
Sink 28 SODDISFATTO. Flusso netto: 0.4, Demand: 0.4, percentage: 100.0
Sink 30 SODDISFATTO. Flusso netto: 0.9799999999999933, Demand: 0.98, percentage: 99.99999999999932
Sink 31 SODDISFATTO. Flusso netto: 0.3999999999999999, Demand: 0.4, percentage: 99.99999999999997
Sink 32 SODDISFATTO. Flusso netto: 0.9999999999999989, Demand: 1.0, percentage: 99.99999999999989
Sink 34 SODDISFATTO. Flusso netto: 1.7400000000000002, Demand: 1.74, percentage: 100.00000000000003
Sink 35 SODDISFATTO. Flusso netto: 1.3, Demand: 1.3, percentage: 100.0
Sink 37 SODDISFATTO. Flusso netto: 1.0, Demand: 1.0, percentage: 100.0
Sink 39 SODDISFATTO. Flusso netto: 0.40000000000000036, Demand: 0.4, percentage: 100.00000000000009
Sink 40 SODDISFATTO. Flusso netto: 0.5, Demand: 0.5, percentage: 100.0
Sink 41 SODDISFATTO. Flusso netto: 1.0600000000000005, Demand: 1.06, percentage: 100.00000000000004
Sink 42 SODDISFATTO. Flusso netto: 2.8200000000000007, Demand: 2.82, percentage: 100.00000000000003
Sink 45 SODDISFATTO. Flusso netto: 0.6800000000000002, Demand: 0.68, percentage: 100.00000000000003
Sink 46 SODDISFATTO. Flusso netto: 1.17, Demand: 1.17, percentage: 100.0
Sink 49 non è soddisfatto. Flusso netto: 4.59, Demand: 7.0, percentage: 65.57142857142857
Flusso totale entrante nei SINK: 86.46000000000001
Flusso totale uscente nei SINK: 42.430000000000014
Flusso totale netto nei SINK: 44.029999999999994
Total DEMAND dei SINK: 46.44
Percentual di flusso ai SINK: 0.9481050818260119
Numero di Sink soddisfatti: 24.0, numero totale di sink: 25.0
Percentuale di Sink soddisfatti: 0.96

---------------------------------- DAY 338

Update Fixed Elements from Intrinsic Faults
Update Fixed Elements from Heavy Faults
Update Fixed Elements from Attack
Propagate Intrinsic Fault
Propagate Heavy Faults
Propagate Attacks
Inject Intrinsic Failure To Source
Inject Heavy Fault To Sources
Inject Attack Multiple To Source
Inject Intrinsic Fault To Pipeline
Inject Heavy Fault To Pipeline
Inject Attack To Pipeline
----------- Statistics ------------
	Sources Under Attack: 0
	Sources with Heavy Fault: 0
	Sources with Intrinsic Fault: 0
	Arcs with reduce capacity due to Attack: 0
	Arcs with reduce capacity due to Heavy Fault: 0
	Arcs with reduce capacity due to Intrinsic Fault: 0
	Arcs with Attacks: 0
	Arcs with Heavy Fault: 0
	Arcs with Intrinsic Fault: 0
--------- SOURCES STATISTICS ---------------
Demand del real Source[0]: -31.0, flusso erogato: 8.069999999999997, flusso entrante: 0.0, efficienza: 26.032258064516117 %
Demand del real Source[8]: -10.5, flusso erogato: 3.8600000000000003, flusso entrante: 0.0, efficienza: 36.76190476190476 %
Demand del real Source[9]: -7.1, flusso erogato: 14.169999999999996, flusso entrante: 7.070000000000007, efficienza: 199.57746478873236 %
Demand del real Source[17]: -25.0, flusso erogato: 25.000000000000007, flusso entrante: 0.0, efficienza: 100.00000000000003 %
Flusso totale entrante nei Real Source: 7.070000000000007
Flusso totale uscente dai Real Source: 51.1
Flusso netto sui real Source: -44.029999999999994
--- SINKS STATISTICS ---
Sink 3 SODDISFATTO. Flusso netto: 3.4299999999999997, Demand: 3.43, percentage: 99.99999999999999
Sink 4 SODDISFATTO. Flusso netto: 0.5700000000000003, Demand: 0.57, percentage: 100.00000000000007
Sink 5 SODDISFATTO. Flusso netto: 0.6600000000000019, Demand: 0.66, percentage: 100.00000000000028
Sink 11 SODDISFATTO. Flusso netto: 1.03, Demand: 1.03, percentage: 100.0
Sink 15 SODDISFATTO. Flusso netto: 0.4600000000000044, Demand: 0.46, percentage: 100.00000000000095
Sink 16 SODDISFATTO. Flusso netto: 8.399999999999993, Demand: 8.4, percentage: 99.99999999999991
Sink 19 SODDISFATTO. Flusso netto: 0.5399999999999938, Demand: 0.54, percentage: 99.99999999999885
Sink 23 SODDISFATTO. Flusso netto: 0.5999999999999996, Demand: 0.6, percentage: 99.99999999999994
Sink 24 SODDISFATTO. Flusso netto: 0.8000000000000007, Demand: 0.8, percentage: 100.00000000000009
Sink 25 SODDISFATTO. Flusso netto: 3.5, Demand: 3.5, percentage: 100.0
Sink 26 SODDISFATTO. Flusso netto: 6.000000000000007, Demand: 6.0, percentage: 100.00000000000011
Sink 28 SODDISFATTO. Flusso netto: 0.4, Demand: 0.4, percentage: 100.0
Sink 30 SODDISFATTO. Flusso netto: 0.9799999999999933, Demand: 0.98, percentage: 99.99999999999932
Sink 31 SODDISFATTO. Flusso netto: 0.3999999999999999, Demand: 0.4, percentage: 99.99999999999997
Sink 32 SODDISFATTO. Flusso netto: 0.9999999999999989, Demand: 1.0, percentage: 99.99999999999989
Sink 34 SODDISFATTO. Flusso netto: 1.7400000000000002, Demand: 1.74, percentage: 100.00000000000003
Sink 35 SODDISFATTO. Flusso netto: 1.3, Demand: 1.3, percentage: 100.0
Sink 37 SODDISFATTO. Flusso netto: 1.0, Demand: 1.0, percentage: 100.0
Sink 39 SODDISFATTO. Flusso netto: 0.40000000000000036, Demand: 0.4, percentage: 100.00000000000009
Sink 40 SODDISFATTO. Flusso netto: 0.5, Demand: 0.5, percentage: 100.0
Sink 41 SODDISFATTO. Flusso netto: 1.0600000000000005, Demand: 1.06, percentage: 100.00000000000004
Sink 42 SODDISFATTO. Flusso netto: 2.8200000000000007, Demand: 2.82, percentage: 100.00000000000003
Sink 45 SODDISFATTO. Flusso netto: 0.6800000000000002, Demand: 0.68, percentage: 100.00000000000003
Sink 46 SODDISFATTO. Flusso netto: 1.17, Demand: 1.17, percentage: 100.0
Sink 49 non è soddisfatto. Flusso netto: 4.59, Demand: 7.0, percentage: 65.57142857142857
Flusso totale entrante nei SINK: 86.46000000000001
Flusso totale uscente nei SINK: 42.430000000000014
Flusso totale netto nei SINK: 44.029999999999994
Total DEMAND dei SINK: 46.44
Percentual di flusso ai SINK: 0.9481050818260119
Numero di Sink soddisfatti: 24.0, numero totale di sink: 25.0
Percentuale di Sink soddisfatti: 0.96

---------------------------------- DAY 339

Update Fixed Elements from Intrinsic Faults
Update Fixed Elements from Heavy Faults
Update Fixed Elements from Attack
Propagate Intrinsic Fault
Propagate Heavy Faults
Propagate Attacks
Inject Intrinsic Failure To Source
Inject Heavy Fault To Sources
Inject Attack Multiple To Source
Inject Intrinsic Fault To Pipeline
Inject Heavy Fault To Pipeline
Inject Attack To Pipeline
----------- Statistics ------------
	Sources Under Attack: 0
	Sources with Heavy Fault: 0
	Sources with Intrinsic Fault: 0
	Arcs with reduce capacity due to Attack: 0
	Arcs with reduce capacity due to Heavy Fault: 0
	Arcs with reduce capacity due to Intrinsic Fault: 0
	Arcs with Attacks: 0
	Arcs with Heavy Fault: 0
	Arcs with Intrinsic Fault: 0
--------- SOURCES STATISTICS ---------------
Demand del real Source[0]: -31.0, flusso erogato: 8.069999999999997, flusso entrante: 0.0, efficienza: 26.032258064516117 %
Demand del real Source[8]: -10.5, flusso erogato: 3.8600000000000003, flusso entrante: 0.0, efficienza: 36.76190476190476 %
Demand del real Source[9]: -7.1, flusso erogato: 14.169999999999996, flusso entrante: 7.070000000000007, efficienza: 199.57746478873236 %
Demand del real Source[17]: -25.0, flusso erogato: 25.000000000000007, flusso entrante: 0.0, efficienza: 100.00000000000003 %
Flusso totale entrante nei Real Source: 7.070000000000007
Flusso totale uscente dai Real Source: 51.1
Flusso netto sui real Source: -44.029999999999994
--- SINKS STATISTICS ---
Sink 3 SODDISFATTO. Flusso netto: 3.4299999999999997, Demand: 3.43, percentage: 99.99999999999999
Sink 4 SODDISFATTO. Flusso netto: 0.5700000000000003, Demand: 0.57, percentage: 100.00000000000007
Sink 5 SODDISFATTO. Flusso netto: 0.6600000000000019, Demand: 0.66, percentage: 100.00000000000028
Sink 11 SODDISFATTO. Flusso netto: 1.03, Demand: 1.03, percentage: 100.0
Sink 15 SODDISFATTO. Flusso netto: 0.4600000000000044, Demand: 0.46, percentage: 100.00000000000095
Sink 16 SODDISFATTO. Flusso netto: 8.399999999999993, Demand: 8.4, percentage: 99.99999999999991
Sink 19 SODDISFATTO. Flusso netto: 0.5399999999999938, Demand: 0.54, percentage: 99.99999999999885
Sink 23 SODDISFATTO. Flusso netto: 0.5999999999999996, Demand: 0.6, percentage: 99.99999999999994
Sink 24 SODDISFATTO. Flusso netto: 0.8000000000000007, Demand: 0.8, percentage: 100.00000000000009
Sink 25 SODDISFATTO. Flusso netto: 3.5, Demand: 3.5, percentage: 100.0
Sink 26 SODDISFATTO. Flusso netto: 6.000000000000007, Demand: 6.0, percentage: 100.00000000000011
Sink 28 SODDISFATTO. Flusso netto: 0.4, Demand: 0.4, percentage: 100.0
Sink 30 SODDISFATTO. Flusso netto: 0.9799999999999933, Demand: 0.98, percentage: 99.99999999999932
Sink 31 SODDISFATTO. Flusso netto: 0.3999999999999999, Demand: 0.4, percentage: 99.99999999999997
Sink 32 SODDISFATTO. Flusso netto: 0.9999999999999989, Demand: 1.0, percentage: 99.99999999999989
Sink 34 SODDISFATTO. Flusso netto: 1.7400000000000002, Demand: 1.74, percentage: 100.00000000000003
Sink 35 SODDISFATTO. Flusso netto: 1.3, Demand: 1.3, percentage: 100.0
Sink 37 SODDISFATTO. Flusso netto: 1.0, Demand: 1.0, percentage: 100.0
Sink 39 SODDISFATTO. Flusso netto: 0.40000000000000036, Demand: 0.4, percentage: 100.00000000000009
Sink 40 SODDISFATTO. Flusso netto: 0.5, Demand: 0.5, percentage: 100.0
Sink 41 SODDISFATTO. Flusso netto: 1.0600000000000005, Demand: 1.06, percentage: 100.00000000000004
Sink 42 SODDISFATTO. Flusso netto: 2.8200000000000007, Demand: 2.82, percentage: 100.00000000000003
Sink 45 SODDISFATTO. Flusso netto: 0.6800000000000002, Demand: 0.68, percentage: 100.00000000000003
Sink 46 SODDISFATTO. Flusso netto: 1.17, Demand: 1.17, percentage: 100.0
Sink 49 non è soddisfatto. Flusso netto: 4.59, Demand: 7.0, percentage: 65.57142857142857
Flusso totale entrante nei SINK: 86.46000000000001
Flusso totale uscente nei SINK: 42.430000000000014
Flusso totale netto nei SINK: 44.029999999999994
Total DEMAND dei SINK: 46.44
Percentual di flusso ai SINK: 0.9481050818260119
Numero di Sink soddisfatti: 24.0, numero totale di sink: 25.0
Percentuale di Sink soddisfatti: 0.96

---------------------------------- DAY 340

Update Fixed Elements from Intrinsic Faults
Update Fixed Elements from Heavy Faults
Update Fixed Elements from Attack
Propagate Intrinsic Fault
Propagate Heavy Faults
Propagate Attacks
Inject Intrinsic Failure To Source
Source NODO_11 is failing for an Intrinsic Fault in day: 340
pipeline ARCO_3 has reduced capacity due to NODO_11 Intrinsic fault
pipeline ARCO_90 has reduced capacity due to NODO_11 Intrinsic fault
pipeline ARCO_91 has reduced capacity due to NODO_11 Intrinsic fault
pipeline ARCO_92 has reduced capacity due to NODO_11 Intrinsic fault
pipeline V_EDGE_53_9 has reduced capacity due to NODO_11 Intrinsic fault
pipeline ARCO_20 has reduced capacity due to NODO_11 Intrinsic fault
pipeline ARCO_21 has reduced capacity due to NODO_11 Intrinsic fault
pipeline ARCO_22 has reduced capacity due to NODO_11 Intrinsic fault
pipeline ARCO_73 has reduced capacity due to NODO_11 Intrinsic fault
Inject Heavy Fault To Sources
Inject Attack Multiple To Source
Inject Intrinsic Fault To Pipeline
Inject Heavy Fault To Pipeline
Inject Attack To Pipeline
----------- Statistics ------------
	Sources Under Attack: 0
	Sources with Heavy Fault: 0
	Sources with Intrinsic Fault: 1
	Arcs with reduce capacity due to Attack: 0
	Arcs with reduce capacity due to Heavy Fault: 0
	Arcs with reduce capacity due to Intrinsic Fault: 9
	Arcs with Attacks: 0
	Arcs with Heavy Fault: 0
	Arcs with Intrinsic Fault: 0
--------- SOURCES STATISTICS ---------------
Demand del real Source[0]: -31.0, flusso erogato: 8.729999999999993, flusso entrante: 0.0, efficienza: 28.161290322580623 %
Demand del real Source[8]: -10.5, flusso erogato: 3.8600000000000003, flusso entrante: 0.0, efficienza: 36.76190476190476 %
Demand del real Source[9]: -7.1, flusso erogato: 13.409999999999997, flusso entrante: 7.73, efficienza: 188.87323943661968 %
Demand del real Source[17]: -25.0, flusso erogato: 25.000000000000007, flusso entrante: 0.0, efficienza: 100.00000000000003 %
Flusso totale entrante nei Real Source: 7.73
Flusso totale uscente dai Real Source: 51.0
Flusso netto sui real Source: -43.269999999999996
--- SINKS STATISTICS ---
Sink 3 SODDISFATTO. Flusso netto: 3.4299999999999997, Demand: 3.43, percentage: 99.99999999999999
Sink 4 SODDISFATTO. Flusso netto: 0.5700000000000003, Demand: 0.57, percentage: 100.00000000000007
Sink 5 SODDISFATTO. Flusso netto: 0.6600000000000001, Demand: 0.66, percentage: 100.00000000000003
Sink 11 SODDISFATTO. Flusso netto: 1.03, Demand: 1.03, percentage: 100.0
Sink 15 SODDISFATTO. Flusso netto: 0.4600000000000044, Demand: 0.46, percentage: 100.00000000000095
Sink 16 SODDISFATTO. Flusso netto: 8.399999999999993, Demand: 8.4, percentage: 99.99999999999991
Sink 19 SODDISFATTO. Flusso netto: 0.5399999999999938, Demand: 0.54, percentage: 99.99999999999885
Sink 23 SODDISFATTO. Flusso netto: 0.5999999999999996, Demand: 0.6, percentage: 99.99999999999994
Sink 24 SODDISFATTO. Flusso netto: 0.8000000000000007, Demand: 0.8, percentage: 100.00000000000009
Sink 25 SODDISFATTO. Flusso netto: 3.5, Demand: 3.5, percentage: 100.0
Sink 26 SODDISFATTO. Flusso netto: 6.000000000000007, Demand: 6.0, percentage: 100.00000000000011
Sink 28 SODDISFATTO. Flusso netto: 0.4, Demand: 0.4, percentage: 100.0
Sink 30 SODDISFATTO. Flusso netto: 0.9799999999999933, Demand: 0.98, percentage: 99.99999999999932
Sink 31 SODDISFATTO. Flusso netto: 0.3999999999999999, Demand: 0.4, percentage: 99.99999999999997
Sink 32 SODDISFATTO. Flusso netto: 0.9999999999999989, Demand: 1.0, percentage: 99.99999999999989
Sink 34 SODDISFATTO. Flusso netto: 1.7400000000000002, Demand: 1.74, percentage: 100.00000000000003
Sink 35 SODDISFATTO. Flusso netto: 1.3, Demand: 1.3, percentage: 100.0
Sink 37 SODDISFATTO. Flusso netto: 1.0, Demand: 1.0, percentage: 100.0
Sink 39 SODDISFATTO. Flusso netto: 0.40000000000000036, Demand: 0.4, percentage: 100.00000000000009
Sink 40 SODDISFATTO. Flusso netto: 0.5, Demand: 0.5, percentage: 100.0
Sink 41 SODDISFATTO. Flusso netto: 1.0600000000000005, Demand: 1.06, percentage: 100.00000000000004
Sink 42 SODDISFATTO. Flusso netto: 2.819999999999999, Demand: 2.82, percentage: 99.99999999999997
Sink 45 SODDISFATTO. Flusso netto: 0.6800000000000002, Demand: 0.68, percentage: 100.00000000000003
Sink 46 SODDISFATTO. Flusso netto: 1.17, Demand: 1.17, percentage: 100.0
Sink 49 non è soddisfatto. Flusso netto: 3.83, Demand: 7.0, percentage: 54.714285714285715
Flusso totale entrante nei SINK: 85.282
Flusso totale uscente nei SINK: 42.01200000000001
Flusso totale netto nei SINK: 43.26999999999999
Total DEMAND dei SINK: 46.44
Percentual di flusso ai SINK: 0.9317398794142978
Numero di Sink soddisfatti: 24.0, numero totale di sink: 25.0
Percentuale di Sink soddisfatti: 0.96

---------------------------------- DAY 341

Update Fixed Elements from Intrinsic Faults
Update Fixed Elements from Heavy Faults
Update Fixed Elements from Attack
Propagate Intrinsic Fault
Node NODO_11 has still failing due to Intrinsic Fault
pipeline ARCO_3 still has reduced capacity: 9.688 due to Intrinsic Fault
pipeline ARCO_90 still has reduced capacity: 1.6 due to Intrinsic Fault
pipeline ARCO_91 still has reduced capacity: 9.688 due to Intrinsic Fault
pipeline ARCO_92 still has reduced capacity: 39.328 due to Intrinsic Fault
pipeline V_EDGE_53_9 still has reduced capacity: 5.68 due to Intrinsic Fault
pipeline ARCO_20 still has reduced capacity: 1.6 due to Intrinsic Fault
pipeline ARCO_21 still has reduced capacity: 9.688 due to Intrinsic Fault
pipeline ARCO_22 still has reduced capacity: 39.328 due to Intrinsic Fault
pipeline ARCO_73 still has reduced capacity: 9.688 due to Intrinsic Fault
Propagate Heavy Faults
Propagate Attacks
Inject Intrinsic Failure To Source
Inject Heavy Fault To Sources
Inject Attack Multiple To Source
Inject Intrinsic Fault To Pipeline
Inject Heavy Fault To Pipeline
Inject Attack To Pipeline
----------- Statistics ------------
	Sources Under Attack: 0
	Sources with Heavy Fault: 0
	Sources with Intrinsic Fault: 1
	Arcs with reduce capacity due to Attack: 0
	Arcs with reduce capacity due to Heavy Fault: 0
	Arcs with reduce capacity due to Intrinsic Fault: 9
	Arcs with Attacks: 0
	Arcs with Heavy Fault: 0
	Arcs with Intrinsic Fault: 0
--------- SOURCES STATISTICS ---------------
Demand del real Source[0]: -31.0, flusso erogato: 8.729999999999993, flusso entrante: 0.0, efficienza: 28.161290322580623 %
Demand del real Source[8]: -10.5, flusso erogato: 3.8600000000000003, flusso entrante: 0.0, efficienza: 36.76190476190476 %
Demand del real Source[9]: -7.1, flusso erogato: 13.409999999999997, flusso entrante: 7.73, efficienza: 188.87323943661968 %
Demand del real Source[17]: -25.0, flusso erogato: 25.000000000000007, flusso entrante: 0.0, efficienza: 100.00000000000003 %
Flusso totale entrante nei Real Source: 7.73
Flusso totale uscente dai Real Source: 51.0
Flusso netto sui real Source: -43.269999999999996
--- SINKS STATISTICS ---
Sink 3 SODDISFATTO. Flusso netto: 3.4299999999999997, Demand: 3.43, percentage: 99.99999999999999
Sink 4 SODDISFATTO. Flusso netto: 0.5700000000000003, Demand: 0.57, percentage: 100.00000000000007
Sink 5 SODDISFATTO. Flusso netto: 0.6600000000000001, Demand: 0.66, percentage: 100.00000000000003
Sink 11 SODDISFATTO. Flusso netto: 1.03, Demand: 1.03, percentage: 100.0
Sink 15 SODDISFATTO. Flusso netto: 0.4600000000000044, Demand: 0.46, percentage: 100.00000000000095
Sink 16 SODDISFATTO. Flusso netto: 8.399999999999993, Demand: 8.4, percentage: 99.99999999999991
Sink 19 SODDISFATTO. Flusso netto: 0.5399999999999938, Demand: 0.54, percentage: 99.99999999999885
Sink 23 SODDISFATTO. Flusso netto: 0.5999999999999996, Demand: 0.6, percentage: 99.99999999999994
Sink 24 SODDISFATTO. Flusso netto: 0.8000000000000007, Demand: 0.8, percentage: 100.00000000000009
Sink 25 SODDISFATTO. Flusso netto: 3.5, Demand: 3.5, percentage: 100.0
Sink 26 SODDISFATTO. Flusso netto: 6.000000000000007, Demand: 6.0, percentage: 100.00000000000011
Sink 28 SODDISFATTO. Flusso netto: 0.4, Demand: 0.4, percentage: 100.0
Sink 30 SODDISFATTO. Flusso netto: 0.9799999999999933, Demand: 0.98, percentage: 99.99999999999932
Sink 31 SODDISFATTO. Flusso netto: 0.3999999999999999, Demand: 0.4, percentage: 99.99999999999997
Sink 32 SODDISFATTO. Flusso netto: 0.9999999999999989, Demand: 1.0, percentage: 99.99999999999989
Sink 34 SODDISFATTO. Flusso netto: 1.7400000000000002, Demand: 1.74, percentage: 100.00000000000003
Sink 35 SODDISFATTO. Flusso netto: 1.3, Demand: 1.3, percentage: 100.0
Sink 37 SODDISFATTO. Flusso netto: 1.0, Demand: 1.0, percentage: 100.0
Sink 39 SODDISFATTO. Flusso netto: 0.40000000000000036, Demand: 0.4, percentage: 100.00000000000009
Sink 40 SODDISFATTO. Flusso netto: 0.5, Demand: 0.5, percentage: 100.0
Sink 41 SODDISFATTO. Flusso netto: 1.0600000000000005, Demand: 1.06, percentage: 100.00000000000004
Sink 42 SODDISFATTO. Flusso netto: 2.819999999999999, Demand: 2.82, percentage: 99.99999999999997
Sink 45 SODDISFATTO. Flusso netto: 0.6800000000000002, Demand: 0.68, percentage: 100.00000000000003
Sink 46 SODDISFATTO. Flusso netto: 1.17, Demand: 1.17, percentage: 100.0
Sink 49 non è soddisfatto. Flusso netto: 3.83, Demand: 7.0, percentage: 54.714285714285715
Flusso totale entrante nei SINK: 85.282
Flusso totale uscente nei SINK: 42.01200000000001
Flusso totale netto nei SINK: 43.26999999999999
Total DEMAND dei SINK: 46.44
Percentual di flusso ai SINK: 0.9317398794142978
Numero di Sink soddisfatti: 24.0, numero totale di sink: 25.0
Percentuale di Sink soddisfatti: 0.96

---------------------------------- DAY 342

Update Fixed Elements from Intrinsic Faults
Update Fixed Elements from Heavy Faults
Update Fixed Elements from Attack
Propagate Intrinsic Fault
Node NODO_11 has still failing due to Intrinsic Fault
pipeline ARCO_3 still has reduced capacity: 9.688 due to Intrinsic Fault
pipeline ARCO_90 still has reduced capacity: 1.6 due to Intrinsic Fault
pipeline ARCO_91 still has reduced capacity: 9.688 due to Intrinsic Fault
pipeline ARCO_92 still has reduced capacity: 39.328 due to Intrinsic Fault
pipeline V_EDGE_53_9 still has reduced capacity: 5.68 due to Intrinsic Fault
pipeline ARCO_20 still has reduced capacity: 1.6 due to Intrinsic Fault
pipeline ARCO_21 still has reduced capacity: 9.688 due to Intrinsic Fault
pipeline ARCO_22 still has reduced capacity: 39.328 due to Intrinsic Fault
pipeline ARCO_73 still has reduced capacity: 9.688 due to Intrinsic Fault
Propagate Heavy Faults
Propagate Attacks
Inject Intrinsic Failure To Source
Inject Heavy Fault To Sources
Inject Attack Multiple To Source
Inject Intrinsic Fault To Pipeline
Inject Heavy Fault To Pipeline
Inject Attack To Pipeline
----------- Statistics ------------
	Sources Under Attack: 0
	Sources with Heavy Fault: 0
	Sources with Intrinsic Fault: 1
	Arcs with reduce capacity due to Attack: 0
	Arcs with reduce capacity due to Heavy Fault: 0
	Arcs with reduce capacity due to Intrinsic Fault: 9
	Arcs with Attacks: 0
	Arcs with Heavy Fault: 0
	Arcs with Intrinsic Fault: 0
--------- SOURCES STATISTICS ---------------
Demand del real Source[0]: -31.0, flusso erogato: 8.729999999999993, flusso entrante: 0.0, efficienza: 28.161290322580623 %
Demand del real Source[8]: -10.5, flusso erogato: 3.8600000000000003, flusso entrante: 0.0, efficienza: 36.76190476190476 %
Demand del real Source[9]: -7.1, flusso erogato: 13.409999999999997, flusso entrante: 7.73, efficienza: 188.87323943661968 %
Demand del real Source[17]: -25.0, flusso erogato: 25.000000000000007, flusso entrante: 0.0, efficienza: 100.00000000000003 %
Flusso totale entrante nei Real Source: 7.73
Flusso totale uscente dai Real Source: 51.0
Flusso netto sui real Source: -43.269999999999996
--- SINKS STATISTICS ---
Sink 3 SODDISFATTO. Flusso netto: 3.4299999999999997, Demand: 3.43, percentage: 99.99999999999999
Sink 4 SODDISFATTO. Flusso netto: 0.5700000000000003, Demand: 0.57, percentage: 100.00000000000007
Sink 5 SODDISFATTO. Flusso netto: 0.6600000000000001, Demand: 0.66, percentage: 100.00000000000003
Sink 11 SODDISFATTO. Flusso netto: 1.03, Demand: 1.03, percentage: 100.0
Sink 15 SODDISFATTO. Flusso netto: 0.4600000000000044, Demand: 0.46, percentage: 100.00000000000095
Sink 16 SODDISFATTO. Flusso netto: 8.399999999999993, Demand: 8.4, percentage: 99.99999999999991
Sink 19 SODDISFATTO. Flusso netto: 0.5399999999999938, Demand: 0.54, percentage: 99.99999999999885
Sink 23 SODDISFATTO. Flusso netto: 0.5999999999999996, Demand: 0.6, percentage: 99.99999999999994
Sink 24 SODDISFATTO. Flusso netto: 0.8000000000000007, Demand: 0.8, percentage: 100.00000000000009
Sink 25 SODDISFATTO. Flusso netto: 3.5, Demand: 3.5, percentage: 100.0
Sink 26 SODDISFATTO. Flusso netto: 6.000000000000007, Demand: 6.0, percentage: 100.00000000000011
Sink 28 SODDISFATTO. Flusso netto: 0.4, Demand: 0.4, percentage: 100.0
Sink 30 SODDISFATTO. Flusso netto: 0.9799999999999933, Demand: 0.98, percentage: 99.99999999999932
Sink 31 SODDISFATTO. Flusso netto: 0.3999999999999999, Demand: 0.4, percentage: 99.99999999999997
Sink 32 SODDISFATTO. Flusso netto: 0.9999999999999989, Demand: 1.0, percentage: 99.99999999999989
Sink 34 SODDISFATTO. Flusso netto: 1.7400000000000002, Demand: 1.74, percentage: 100.00000000000003
Sink 35 SODDISFATTO. Flusso netto: 1.3, Demand: 1.3, percentage: 100.0
Sink 37 SODDISFATTO. Flusso netto: 1.0, Demand: 1.0, percentage: 100.0
Sink 39 SODDISFATTO. Flusso netto: 0.40000000000000036, Demand: 0.4, percentage: 100.00000000000009
Sink 40 SODDISFATTO. Flusso netto: 0.5, Demand: 0.5, percentage: 100.0
Sink 41 SODDISFATTO. Flusso netto: 1.0600000000000005, Demand: 1.06, percentage: 100.00000000000004
Sink 42 SODDISFATTO. Flusso netto: 2.819999999999999, Demand: 2.82, percentage: 99.99999999999997
Sink 45 SODDISFATTO. Flusso netto: 0.6800000000000002, Demand: 0.68, percentage: 100.00000000000003
Sink 46 SODDISFATTO. Flusso netto: 1.17, Demand: 1.17, percentage: 100.0
Sink 49 non è soddisfatto. Flusso netto: 3.83, Demand: 7.0, percentage: 54.714285714285715
Flusso totale entrante nei SINK: 85.282
Flusso totale uscente nei SINK: 42.01200000000001
Flusso totale netto nei SINK: 43.26999999999999
Total DEMAND dei SINK: 46.44
Percentual di flusso ai SINK: 0.9317398794142978
Numero di Sink soddisfatti: 24.0, numero totale di sink: 25.0
Percentuale di Sink soddisfatti: 0.96

---------------------------------- DAY 343

Update Fixed Elements from Intrinsic Faults
Source NODO_11 fixed from Intrinsic Fault
Pipeline ARCO_3 fixed due to Source NODO_11 fixing from Intrinsic Fault
Pipeline ARCO_90 fixed due to Source NODO_11 fixing from Intrinsic Fault
Pipeline ARCO_91 fixed due to Source NODO_11 fixing from Intrinsic Fault
Pipeline ARCO_92 fixed due to Source NODO_11 fixing from Intrinsic Fault
Pipeline V_EDGE_53_9 fixed due to Source NODO_11 fixing from Intrinsic Fault
Pipeline ARCO_20 fixed due to Source NODO_11 fixing from Intrinsic Fault
Pipeline ARCO_21 fixed due to Source NODO_11 fixing from Intrinsic Fault
Pipeline ARCO_22 fixed due to Source NODO_11 fixing from Intrinsic Fault
Pipeline ARCO_73 fixed due to Source NODO_11 fixing from Intrinsic Fault
Update Fixed Elements from Heavy Faults
Update Fixed Elements from Attack
Propagate Intrinsic Fault
Propagate Heavy Faults
Propagate Attacks
Inject Intrinsic Failure To Source
Inject Heavy Fault To Sources
Inject Attack Multiple To Source
Inject Intrinsic Fault To Pipeline
Inject Heavy Fault To Pipeline
Inject Attack To Pipeline
----------- Statistics ------------
	Sources Under Attack: 0
	Sources with Heavy Fault: 0
	Sources with Intrinsic Fault: 0
	Arcs with reduce capacity due to Attack: 0
	Arcs with reduce capacity due to Heavy Fault: 0
	Arcs with reduce capacity due to Intrinsic Fault: 0
	Arcs with Attacks: 0
	Arcs with Heavy Fault: 0
	Arcs with Intrinsic Fault: 0
--------- SOURCES STATISTICS ---------------
Demand del real Source[0]: -31.0, flusso erogato: 8.069999999999997, flusso entrante: 0.0, efficienza: 26.032258064516117 %
Demand del real Source[8]: -10.5, flusso erogato: 3.8600000000000003, flusso entrante: 0.0, efficienza: 36.76190476190476 %
Demand del real Source[9]: -7.1, flusso erogato: 14.169999999999996, flusso entrante: 7.070000000000007, efficienza: 199.57746478873236 %
Demand del real Source[17]: -25.0, flusso erogato: 25.000000000000007, flusso entrante: 0.0, efficienza: 100.00000000000003 %
Flusso totale entrante nei Real Source: 7.070000000000007
Flusso totale uscente dai Real Source: 51.1
Flusso netto sui real Source: -44.029999999999994
--- SINKS STATISTICS ---
Sink 3 SODDISFATTO. Flusso netto: 3.4299999999999997, Demand: 3.43, percentage: 99.99999999999999
Sink 4 SODDISFATTO. Flusso netto: 0.5700000000000003, Demand: 0.57, percentage: 100.00000000000007
Sink 5 SODDISFATTO. Flusso netto: 0.6600000000000019, Demand: 0.66, percentage: 100.00000000000028
Sink 11 SODDISFATTO. Flusso netto: 1.03, Demand: 1.03, percentage: 100.0
Sink 15 SODDISFATTO. Flusso netto: 0.4600000000000044, Demand: 0.46, percentage: 100.00000000000095
Sink 16 SODDISFATTO. Flusso netto: 8.399999999999993, Demand: 8.4, percentage: 99.99999999999991
Sink 19 SODDISFATTO. Flusso netto: 0.5399999999999938, Demand: 0.54, percentage: 99.99999999999885
Sink 23 SODDISFATTO. Flusso netto: 0.5999999999999996, Demand: 0.6, percentage: 99.99999999999994
Sink 24 SODDISFATTO. Flusso netto: 0.8000000000000007, Demand: 0.8, percentage: 100.00000000000009
Sink 25 SODDISFATTO. Flusso netto: 3.5, Demand: 3.5, percentage: 100.0
Sink 26 SODDISFATTO. Flusso netto: 6.000000000000007, Demand: 6.0, percentage: 100.00000000000011
Sink 28 SODDISFATTO. Flusso netto: 0.4, Demand: 0.4, percentage: 100.0
Sink 30 SODDISFATTO. Flusso netto: 0.9799999999999933, Demand: 0.98, percentage: 99.99999999999932
Sink 31 SODDISFATTO. Flusso netto: 0.3999999999999999, Demand: 0.4, percentage: 99.99999999999997
Sink 32 SODDISFATTO. Flusso netto: 0.9999999999999989, Demand: 1.0, percentage: 99.99999999999989
Sink 34 SODDISFATTO. Flusso netto: 1.7400000000000002, Demand: 1.74, percentage: 100.00000000000003
Sink 35 SODDISFATTO. Flusso netto: 1.3, Demand: 1.3, percentage: 100.0
Sink 37 SODDISFATTO. Flusso netto: 1.0, Demand: 1.0, percentage: 100.0
Sink 39 SODDISFATTO. Flusso netto: 0.40000000000000036, Demand: 0.4, percentage: 100.00000000000009
Sink 40 SODDISFATTO. Flusso netto: 0.5, Demand: 0.5, percentage: 100.0
Sink 41 SODDISFATTO. Flusso netto: 1.0600000000000005, Demand: 1.06, percentage: 100.00000000000004
Sink 42 SODDISFATTO. Flusso netto: 2.8200000000000007, Demand: 2.82, percentage: 100.00000000000003
Sink 45 SODDISFATTO. Flusso netto: 0.6800000000000002, Demand: 0.68, percentage: 100.00000000000003
Sink 46 SODDISFATTO. Flusso netto: 1.17, Demand: 1.17, percentage: 100.0
Sink 49 non è soddisfatto. Flusso netto: 4.59, Demand: 7.0, percentage: 65.57142857142857
Flusso totale entrante nei SINK: 86.46000000000001
Flusso totale uscente nei SINK: 42.430000000000014
Flusso totale netto nei SINK: 44.029999999999994
Total DEMAND dei SINK: 46.44
Percentual di flusso ai SINK: 0.9481050818260119
Numero di Sink soddisfatti: 24.0, numero totale di sink: 25.0
Percentuale di Sink soddisfatti: 0.96

---------------------------------- DAY 344

Update Fixed Elements from Intrinsic Faults
Update Fixed Elements from Heavy Faults
Update Fixed Elements from Attack
Propagate Intrinsic Fault
Propagate Heavy Faults
Propagate Attacks
Inject Intrinsic Failure To Source
Inject Heavy Fault To Sources
Inject Attack Multiple To Source
Inject Intrinsic Fault To Pipeline
Inject Heavy Fault To Pipeline
Inject Attack To Pipeline
----------- Statistics ------------
	Sources Under Attack: 0
	Sources with Heavy Fault: 0
	Sources with Intrinsic Fault: 0
	Arcs with reduce capacity due to Attack: 0
	Arcs with reduce capacity due to Heavy Fault: 0
	Arcs with reduce capacity due to Intrinsic Fault: 0
	Arcs with Attacks: 0
	Arcs with Heavy Fault: 0
	Arcs with Intrinsic Fault: 0
--------- SOURCES STATISTICS ---------------
Demand del real Source[0]: -31.0, flusso erogato: 8.069999999999997, flusso entrante: 0.0, efficienza: 26.032258064516117 %
Demand del real Source[8]: -10.5, flusso erogato: 3.8600000000000003, flusso entrante: 0.0, efficienza: 36.76190476190476 %
Demand del real Source[9]: -7.1, flusso erogato: 14.169999999999996, flusso entrante: 7.070000000000007, efficienza: 199.57746478873236 %
Demand del real Source[17]: -25.0, flusso erogato: 25.000000000000007, flusso entrante: 0.0, efficienza: 100.00000000000003 %
Flusso totale entrante nei Real Source: 7.070000000000007
Flusso totale uscente dai Real Source: 51.1
Flusso netto sui real Source: -44.029999999999994
--- SINKS STATISTICS ---
Sink 3 SODDISFATTO. Flusso netto: 3.4299999999999997, Demand: 3.43, percentage: 99.99999999999999
Sink 4 SODDISFATTO. Flusso netto: 0.5700000000000003, Demand: 0.57, percentage: 100.00000000000007
Sink 5 SODDISFATTO. Flusso netto: 0.6600000000000019, Demand: 0.66, percentage: 100.00000000000028
Sink 11 SODDISFATTO. Flusso netto: 1.03, Demand: 1.03, percentage: 100.0
Sink 15 SODDISFATTO. Flusso netto: 0.4600000000000044, Demand: 0.46, percentage: 100.00000000000095
Sink 16 SODDISFATTO. Flusso netto: 8.399999999999993, Demand: 8.4, percentage: 99.99999999999991
Sink 19 SODDISFATTO. Flusso netto: 0.5399999999999938, Demand: 0.54, percentage: 99.99999999999885
Sink 23 SODDISFATTO. Flusso netto: 0.5999999999999996, Demand: 0.6, percentage: 99.99999999999994
Sink 24 SODDISFATTO. Flusso netto: 0.8000000000000007, Demand: 0.8, percentage: 100.00000000000009
Sink 25 SODDISFATTO. Flusso netto: 3.5, Demand: 3.5, percentage: 100.0
Sink 26 SODDISFATTO. Flusso netto: 6.000000000000007, Demand: 6.0, percentage: 100.00000000000011
Sink 28 SODDISFATTO. Flusso netto: 0.4, Demand: 0.4, percentage: 100.0
Sink 30 SODDISFATTO. Flusso netto: 0.9799999999999933, Demand: 0.98, percentage: 99.99999999999932
Sink 31 SODDISFATTO. Flusso netto: 0.3999999999999999, Demand: 0.4, percentage: 99.99999999999997
Sink 32 SODDISFATTO. Flusso netto: 0.9999999999999989, Demand: 1.0, percentage: 99.99999999999989
Sink 34 SODDISFATTO. Flusso netto: 1.7400000000000002, Demand: 1.74, percentage: 100.00000000000003
Sink 35 SODDISFATTO. Flusso netto: 1.3, Demand: 1.3, percentage: 100.0
Sink 37 SODDISFATTO. Flusso netto: 1.0, Demand: 1.0, percentage: 100.0
Sink 39 SODDISFATTO. Flusso netto: 0.40000000000000036, Demand: 0.4, percentage: 100.00000000000009
Sink 40 SODDISFATTO. Flusso netto: 0.5, Demand: 0.5, percentage: 100.0
Sink 41 SODDISFATTO. Flusso netto: 1.0600000000000005, Demand: 1.06, percentage: 100.00000000000004
Sink 42 SODDISFATTO. Flusso netto: 2.8200000000000007, Demand: 2.82, percentage: 100.00000000000003
Sink 45 SODDISFATTO. Flusso netto: 0.6800000000000002, Demand: 0.68, percentage: 100.00000000000003
Sink 46 SODDISFATTO. Flusso netto: 1.17, Demand: 1.17, percentage: 100.0
Sink 49 non è soddisfatto. Flusso netto: 4.59, Demand: 7.0, percentage: 65.57142857142857
Flusso totale entrante nei SINK: 86.46000000000001
Flusso totale uscente nei SINK: 42.430000000000014
Flusso totale netto nei SINK: 44.029999999999994
Total DEMAND dei SINK: 46.44
Percentual di flusso ai SINK: 0.9481050818260119
Numero di Sink soddisfatti: 24.0, numero totale di sink: 25.0
Percentuale di Sink soddisfatti: 0.96

---------------------------------- DAY 345

Update Fixed Elements from Intrinsic Faults
Update Fixed Elements from Heavy Faults
Update Fixed Elements from Attack
Propagate Intrinsic Fault
Propagate Heavy Faults
Propagate Attacks
Inject Intrinsic Failure To Source
Source NODO_2 is failing for an Intrinsic Fault in day: 345
pipeline ARCO_70 has reduced capacity due to NODO_2 Intrinsic fault
pipeline V_EDGE_53_0 has reduced capacity due to NODO_2 Intrinsic fault
pipeline ARCO_0 has reduced capacity due to NODO_2 Intrinsic fault
Source NODO_19 is failing for an Intrinsic Fault in day: 345
pipeline ARCO_35 has reduced capacity due to NODO_19 Intrinsic fault
pipeline ARCO_109 has reduced capacity due to NODO_19 Intrinsic fault
pipeline ARCO_110 has reduced capacity due to NODO_19 Intrinsic fault
pipeline V_EDGE_53_17 has reduced capacity due to NODO_19 Intrinsic fault
pipeline ARCO_39 has reduced capacity due to NODO_19 Intrinsic fault
pipeline ARCO_40 has reduced capacity due to NODO_19 Intrinsic fault
pipeline ARCO_105 has reduced capacity due to NODO_19 Intrinsic fault
Inject Heavy Fault To Sources
Inject Attack Multiple To Source
Inject Intrinsic Fault To Pipeline
Inject Heavy Fault To Pipeline
Inject Attack To Pipeline
----------- Statistics ------------
	Sources Under Attack: 0
	Sources with Heavy Fault: 0
	Sources with Intrinsic Fault: 2
	Arcs with reduce capacity due to Attack: 0
	Arcs with reduce capacity due to Heavy Fault: 0
	Arcs with reduce capacity due to Intrinsic Fault: 10
	Arcs with Attacks: 0
	Arcs with Heavy Fault: 0
	Arcs with Intrinsic Fault: 0
--------- SOURCES STATISTICS ---------------
Demand del real Source[0]: -31.0, flusso erogato: 9.79, flusso entrante: 0.0, efficienza: 31.58064516129032 %
Demand del real Source[8]: -10.5, flusso erogato: 7.45, flusso entrante: 0.0, efficienza: 70.95238095238095 %
Demand del real Source[9]: -7.1, flusso erogato: 15.889999999999999, flusso entrante: 8.790000000000006, efficienza: 223.80281690140845 %
Demand del real Source[17]: -25.0, flusso erogato: 0.0, flusso entrante: 0.0, efficienza: 0.0 %
Flusso totale entrante nei Real Source: 8.790000000000006
Flusso totale uscente dai Real Source: 33.13
Flusso netto sui real Source: -24.339999999999996
--- SINKS STATISTICS ---
Sink 3 SODDISFATTO. Flusso netto: 3.4299999999999997, Demand: 3.43, percentage: 99.99999999999999
Sink 4 SODDISFATTO. Flusso netto: 0.5700000000000003, Demand: 0.57, percentage: 100.00000000000007
Sink 5 SODDISFATTO. Flusso netto: 0.6600000000000019, Demand: 0.66, percentage: 100.00000000000028
Sink 11 SODDISFATTO. Flusso netto: 1.0299999999999978, Demand: 1.03, percentage: 99.99999999999979
Sink 15 SODDISFATTO. Flusso netto: 0.46000000000000263, Demand: 0.46, percentage: 100.00000000000058
Sink 16 non è soddisfatto. Flusso netto: 2.83, Demand: 8.4, percentage: 33.69047619047619
Sink 19 non è soddisfatto. Flusso netto: 0.0, Demand: 0.54, percentage: 0.0
Sink 23 non è soddisfatto. Flusso netto: 0.0, Demand: 0.6, percentage: 0.0
Sink 24 non è soddisfatto. Flusso netto: 0.0, Demand: 0.8, percentage: 0.0
Sink 25 non è soddisfatto. Flusso netto: 0.0, Demand: 3.5, percentage: 0.0
Sink 26 non è soddisfatto. Flusso netto: 0.0, Demand: 6.0, percentage: 0.0
Sink 28 non è soddisfatto. Flusso netto: 0.0, Demand: 0.4, percentage: 0.0
Sink 30 non è soddisfatto. Flusso netto: 0.0, Demand: 0.98, percentage: 0.0
Sink 31 non è soddisfatto. Flusso netto: 0.0, Demand: 0.4, percentage: 0.0
Sink 32 SODDISFATTO. Flusso netto: 1.0, Demand: 1.0, percentage: 100.0
Sink 34 SODDISFATTO. Flusso netto: 1.7400000000000002, Demand: 1.74, percentage: 100.00000000000003
Sink 35 SODDISFATTO. Flusso netto: 1.3, Demand: 1.3, percentage: 100.0
Sink 37 SODDISFATTO. Flusso netto: 1.0, Demand: 1.0, percentage: 100.0
Sink 39 non è soddisfatto. Flusso netto: 0.0, Demand: 0.4, percentage: 0.0
Sink 40 non è soddisfatto. Flusso netto: 0.0, Demand: 0.5, percentage: 0.0
Sink 41 SODDISFATTO. Flusso netto: 1.0600000000000005, Demand: 1.06, percentage: 100.00000000000004
Sink 42 SODDISFATTO. Flusso netto: 2.8200000000000007, Demand: 2.82, percentage: 100.00000000000003
Sink 45 SODDISFATTO. Flusso netto: 0.6800000000000002, Demand: 0.68, percentage: 100.00000000000003
Sink 46 SODDISFATTO. Flusso netto: 1.17, Demand: 1.17, percentage: 100.0
Sink 49 non è soddisfatto. Flusso netto: 4.59, Demand: 7.0, percentage: 65.57142857142857
Flusso totale entrante nei SINK: 43.980000000000004
Flusso totale uscente nei SINK: 19.639999999999997
Flusso totale netto nei SINK: 24.340000000000007
Total DEMAND dei SINK: 46.44
Percentual di flusso ai SINK: 0.5241171403962104
Numero di Sink soddisfatti: 13.0, numero totale di sink: 25.0
Percentuale di Sink soddisfatti: 0.52

---------------------------------- DAY 346

Update Fixed Elements from Intrinsic Faults
Update Fixed Elements from Heavy Faults
Update Fixed Elements from Attack
Propagate Intrinsic Fault
Node NODO_2 has still failing due to Intrinsic Fault
Node NODO_19 has still failing due to Intrinsic Fault
pipeline ARCO_70 still has reduced capacity: 24.8 due to Intrinsic Fault
pipeline V_EDGE_53_0 still has reduced capacity: 24.8 due to Intrinsic Fault
pipeline ARCO_0 still has reduced capacity: 24.8 due to Intrinsic Fault
pipeline ARCO_35 still has reduced capacity: 0.0 due to Intrinsic Fault
pipeline ARCO_109 still has reduced capacity: 0.0 due to Intrinsic Fault
pipeline ARCO_110 still has reduced capacity: 0.0 due to Intrinsic Fault
pipeline V_EDGE_53_17 still has reduced capacity: 0.0 due to Intrinsic Fault
pipeline ARCO_39 still has reduced capacity: 0.0 due to Intrinsic Fault
pipeline ARCO_40 still has reduced capacity: 0.0 due to Intrinsic Fault
pipeline ARCO_105 still has reduced capacity: 0.0 due to Intrinsic Fault
Propagate Heavy Faults
Propagate Attacks
Inject Intrinsic Failure To Source
Inject Heavy Fault To Sources
Inject Attack Multiple To Source
Inject Intrinsic Fault To Pipeline
Inject Heavy Fault To Pipeline
Inject Attack To Pipeline
----------- Statistics ------------
	Sources Under Attack: 0
	Sources with Heavy Fault: 0
	Sources with Intrinsic Fault: 2
	Arcs with reduce capacity due to Attack: 0
	Arcs with reduce capacity due to Heavy Fault: 0
	Arcs with reduce capacity due to Intrinsic Fault: 10
	Arcs with Attacks: 0
	Arcs with Heavy Fault: 0
	Arcs with Intrinsic Fault: 0
--------- SOURCES STATISTICS ---------------
Demand del real Source[0]: -31.0, flusso erogato: 9.79, flusso entrante: 0.0, efficienza: 31.58064516129032 %
Demand del real Source[8]: -10.5, flusso erogato: 7.45, flusso entrante: 0.0, efficienza: 70.95238095238095 %
Demand del real Source[9]: -7.1, flusso erogato: 15.889999999999999, flusso entrante: 8.790000000000006, efficienza: 223.80281690140845 %
Demand del real Source[17]: -25.0, flusso erogato: 0.0, flusso entrante: 0.0, efficienza: 0.0 %
Flusso totale entrante nei Real Source: 8.790000000000006
Flusso totale uscente dai Real Source: 33.13
Flusso netto sui real Source: -24.339999999999996
--- SINKS STATISTICS ---
Sink 3 SODDISFATTO. Flusso netto: 3.4299999999999997, Demand: 3.43, percentage: 99.99999999999999
Sink 4 SODDISFATTO. Flusso netto: 0.5700000000000003, Demand: 0.57, percentage: 100.00000000000007
Sink 5 SODDISFATTO. Flusso netto: 0.6600000000000019, Demand: 0.66, percentage: 100.00000000000028
Sink 11 SODDISFATTO. Flusso netto: 1.0299999999999978, Demand: 1.03, percentage: 99.99999999999979
Sink 15 SODDISFATTO. Flusso netto: 0.46000000000000263, Demand: 0.46, percentage: 100.00000000000058
Sink 16 non è soddisfatto. Flusso netto: 2.83, Demand: 8.4, percentage: 33.69047619047619
Sink 19 non è soddisfatto. Flusso netto: 0.0, Demand: 0.54, percentage: 0.0
Sink 23 non è soddisfatto. Flusso netto: 0.0, Demand: 0.6, percentage: 0.0
Sink 24 non è soddisfatto. Flusso netto: 0.0, Demand: 0.8, percentage: 0.0
Sink 25 non è soddisfatto. Flusso netto: 0.0, Demand: 3.5, percentage: 0.0
Sink 26 non è soddisfatto. Flusso netto: 0.0, Demand: 6.0, percentage: 0.0
Sink 28 non è soddisfatto. Flusso netto: 0.0, Demand: 0.4, percentage: 0.0
Sink 30 non è soddisfatto. Flusso netto: 0.0, Demand: 0.98, percentage: 0.0
Sink 31 non è soddisfatto. Flusso netto: 0.0, Demand: 0.4, percentage: 0.0
Sink 32 SODDISFATTO. Flusso netto: 1.0, Demand: 1.0, percentage: 100.0
Sink 34 SODDISFATTO. Flusso netto: 1.7400000000000002, Demand: 1.74, percentage: 100.00000000000003
Sink 35 SODDISFATTO. Flusso netto: 1.3, Demand: 1.3, percentage: 100.0
Sink 37 SODDISFATTO. Flusso netto: 1.0, Demand: 1.0, percentage: 100.0
Sink 39 non è soddisfatto. Flusso netto: 0.0, Demand: 0.4, percentage: 0.0
Sink 40 non è soddisfatto. Flusso netto: 0.0, Demand: 0.5, percentage: 0.0
Sink 41 SODDISFATTO. Flusso netto: 1.0600000000000005, Demand: 1.06, percentage: 100.00000000000004
Sink 42 SODDISFATTO. Flusso netto: 2.8200000000000007, Demand: 2.82, percentage: 100.00000000000003
Sink 45 SODDISFATTO. Flusso netto: 0.6800000000000002, Demand: 0.68, percentage: 100.00000000000003
Sink 46 SODDISFATTO. Flusso netto: 1.17, Demand: 1.17, percentage: 100.0
Sink 49 non è soddisfatto. Flusso netto: 4.59, Demand: 7.0, percentage: 65.57142857142857
Flusso totale entrante nei SINK: 43.980000000000004
Flusso totale uscente nei SINK: 19.639999999999997
Flusso totale netto nei SINK: 24.340000000000007
Total DEMAND dei SINK: 46.44
Percentual di flusso ai SINK: 0.5241171403962104
Numero di Sink soddisfatti: 13.0, numero totale di sink: 25.0
Percentuale di Sink soddisfatti: 0.52

---------------------------------- DAY 347

Update Fixed Elements from Intrinsic Faults
Update Fixed Elements from Heavy Faults
Update Fixed Elements from Attack
Propagate Intrinsic Fault
Node NODO_2 has still failing due to Intrinsic Fault
Node NODO_19 has still failing due to Intrinsic Fault
pipeline ARCO_70 still has reduced capacity: 24.8 due to Intrinsic Fault
pipeline V_EDGE_53_0 still has reduced capacity: 24.8 due to Intrinsic Fault
pipeline ARCO_0 still has reduced capacity: 24.8 due to Intrinsic Fault
pipeline ARCO_35 still has reduced capacity: 0.0 due to Intrinsic Fault
pipeline ARCO_109 still has reduced capacity: 0.0 due to Intrinsic Fault
pipeline ARCO_110 still has reduced capacity: 0.0 due to Intrinsic Fault
pipeline V_EDGE_53_17 still has reduced capacity: 0.0 due to Intrinsic Fault
pipeline ARCO_39 still has reduced capacity: 0.0 due to Intrinsic Fault
pipeline ARCO_40 still has reduced capacity: 0.0 due to Intrinsic Fault
pipeline ARCO_105 still has reduced capacity: 0.0 due to Intrinsic Fault
Propagate Heavy Faults
Propagate Attacks
Inject Intrinsic Failure To Source
Source NODO_19 is failing for an Intrinsic Fault in day: 347
pipeline ARCO_35 has reduced capacity due to NODO_19 Intrinsic fault
pipeline ARCO_109 has reduced capacity due to NODO_19 Intrinsic fault
pipeline ARCO_110 has reduced capacity due to NODO_19 Intrinsic fault
pipeline V_EDGE_53_17 has reduced capacity due to NODO_19 Intrinsic fault
pipeline ARCO_39 has reduced capacity due to NODO_19 Intrinsic fault
pipeline ARCO_40 has reduced capacity due to NODO_19 Intrinsic fault
pipeline ARCO_105 has reduced capacity due to NODO_19 Intrinsic fault
Inject Heavy Fault To Sources
Inject Attack Multiple To Source
Inject Intrinsic Fault To Pipeline
Inject Heavy Fault To Pipeline
Inject Attack To Pipeline
----------- Statistics ------------
	Sources Under Attack: 0
	Sources with Heavy Fault: 0
	Sources with Intrinsic Fault: 2
	Arcs with reduce capacity due to Attack: 0
	Arcs with reduce capacity due to Heavy Fault: 0
	Arcs with reduce capacity due to Intrinsic Fault: 10
	Arcs with Attacks: 0
	Arcs with Heavy Fault: 0
	Arcs with Intrinsic Fault: 0
--------- SOURCES STATISTICS ---------------
Demand del real Source[0]: -31.0, flusso erogato: 9.79, flusso entrante: 0.0, efficienza: 31.58064516129032 %
Demand del real Source[8]: -10.5, flusso erogato: 7.45, flusso entrante: 0.0, efficienza: 70.95238095238095 %
Demand del real Source[9]: -7.1, flusso erogato: 15.889999999999999, flusso entrante: 8.790000000000006, efficienza: 223.80281690140845 %
Demand del real Source[17]: -25.0, flusso erogato: 0.0, flusso entrante: 0.0, efficienza: 0.0 %
Flusso totale entrante nei Real Source: 8.790000000000006
Flusso totale uscente dai Real Source: 33.13
Flusso netto sui real Source: -24.339999999999996
--- SINKS STATISTICS ---
Sink 3 SODDISFATTO. Flusso netto: 3.4299999999999997, Demand: 3.43, percentage: 99.99999999999999
Sink 4 SODDISFATTO. Flusso netto: 0.5700000000000003, Demand: 0.57, percentage: 100.00000000000007
Sink 5 SODDISFATTO. Flusso netto: 0.6600000000000019, Demand: 0.66, percentage: 100.00000000000028
Sink 11 SODDISFATTO. Flusso netto: 1.0299999999999978, Demand: 1.03, percentage: 99.99999999999979
Sink 15 SODDISFATTO. Flusso netto: 0.46000000000000263, Demand: 0.46, percentage: 100.00000000000058
Sink 16 non è soddisfatto. Flusso netto: 2.83, Demand: 8.4, percentage: 33.69047619047619
Sink 19 non è soddisfatto. Flusso netto: 0.0, Demand: 0.54, percentage: 0.0
Sink 23 non è soddisfatto. Flusso netto: 0.0, Demand: 0.6, percentage: 0.0
Sink 24 non è soddisfatto. Flusso netto: 0.0, Demand: 0.8, percentage: 0.0
Sink 25 non è soddisfatto. Flusso netto: 0.0, Demand: 3.5, percentage: 0.0
Sink 26 non è soddisfatto. Flusso netto: 0.0, Demand: 6.0, percentage: 0.0
Sink 28 non è soddisfatto. Flusso netto: 0.0, Demand: 0.4, percentage: 0.0
Sink 30 non è soddisfatto. Flusso netto: 0.0, Demand: 0.98, percentage: 0.0
Sink 31 non è soddisfatto. Flusso netto: 0.0, Demand: 0.4, percentage: 0.0
Sink 32 SODDISFATTO. Flusso netto: 1.0, Demand: 1.0, percentage: 100.0
Sink 34 SODDISFATTO. Flusso netto: 1.7400000000000002, Demand: 1.74, percentage: 100.00000000000003
Sink 35 SODDISFATTO. Flusso netto: 1.3, Demand: 1.3, percentage: 100.0
Sink 37 SODDISFATTO. Flusso netto: 1.0, Demand: 1.0, percentage: 100.0
Sink 39 non è soddisfatto. Flusso netto: 0.0, Demand: 0.4, percentage: 0.0
Sink 40 non è soddisfatto. Flusso netto: 0.0, Demand: 0.5, percentage: 0.0
Sink 41 SODDISFATTO. Flusso netto: 1.0600000000000005, Demand: 1.06, percentage: 100.00000000000004
Sink 42 SODDISFATTO. Flusso netto: 2.8200000000000007, Demand: 2.82, percentage: 100.00000000000003
Sink 45 SODDISFATTO. Flusso netto: 0.6800000000000002, Demand: 0.68, percentage: 100.00000000000003
Sink 46 SODDISFATTO. Flusso netto: 1.17, Demand: 1.17, percentage: 100.0
Sink 49 non è soddisfatto. Flusso netto: 4.59, Demand: 7.0, percentage: 65.57142857142857
Flusso totale entrante nei SINK: 43.980000000000004
Flusso totale uscente nei SINK: 19.639999999999997
Flusso totale netto nei SINK: 24.340000000000007
Total DEMAND dei SINK: 46.44
Percentual di flusso ai SINK: 0.5241171403962104
Numero di Sink soddisfatti: 13.0, numero totale di sink: 25.0
Percentuale di Sink soddisfatti: 0.52

---------------------------------- DAY 348

Update Fixed Elements from Intrinsic Faults
Source NODO_2 fixed from Intrinsic Fault
Pipeline ARCO_70 fixed due to Source NODO_2 fixing from Intrinsic Fault
Pipeline V_EDGE_53_0 fixed due to Source NODO_2 fixing from Intrinsic Fault
Pipeline ARCO_0 fixed due to Source NODO_2 fixing from Intrinsic Fault
Update Fixed Elements from Heavy Faults
Update Fixed Elements from Attack
Propagate Intrinsic Fault
Node NODO_19 has still failing due to Intrinsic Fault
pipeline ARCO_35 still has reduced capacity: 0.0 due to Intrinsic Fault
pipeline ARCO_109 still has reduced capacity: 0.0 due to Intrinsic Fault
pipeline ARCO_110 still has reduced capacity: 0.0 due to Intrinsic Fault
pipeline V_EDGE_53_17 still has reduced capacity: 0.0 due to Intrinsic Fault
pipeline ARCO_39 still has reduced capacity: 0.0 due to Intrinsic Fault
pipeline ARCO_40 still has reduced capacity: 0.0 due to Intrinsic Fault
pipeline ARCO_105 still has reduced capacity: 0.0 due to Intrinsic Fault
Propagate Heavy Faults
Propagate Attacks
Inject Intrinsic Failure To Source
Inject Heavy Fault To Sources
Inject Attack Multiple To Source
Inject Intrinsic Fault To Pipeline
Inject Heavy Fault To Pipeline
Inject Attack To Pipeline
----------- Statistics ------------
	Sources Under Attack: 0
	Sources with Heavy Fault: 0
	Sources with Intrinsic Fault: 1
	Arcs with reduce capacity due to Attack: 0
	Arcs with reduce capacity due to Heavy Fault: 0
	Arcs with reduce capacity due to Intrinsic Fault: 7
	Arcs with Attacks: 0
	Arcs with Heavy Fault: 0
	Arcs with Intrinsic Fault: 0
--------- SOURCES STATISTICS ---------------
Demand del real Source[0]: -31.0, flusso erogato: 9.79, flusso entrante: 0.0, efficienza: 31.58064516129032 %
Demand del real Source[8]: -10.5, flusso erogato: 7.45, flusso entrante: 0.0, efficienza: 70.95238095238095 %
Demand del real Source[9]: -7.1, flusso erogato: 15.889999999999999, flusso entrante: 8.790000000000006, efficienza: 223.80281690140845 %
Demand del real Source[17]: -25.0, flusso erogato: 0.0, flusso entrante: 0.0, efficienza: 0.0 %
Flusso totale entrante nei Real Source: 8.790000000000006
Flusso totale uscente dai Real Source: 33.13
Flusso netto sui real Source: -24.339999999999996
--- SINKS STATISTICS ---
Sink 3 SODDISFATTO. Flusso netto: 3.4299999999999997, Demand: 3.43, percentage: 99.99999999999999
Sink 4 SODDISFATTO. Flusso netto: 0.5700000000000003, Demand: 0.57, percentage: 100.00000000000007
Sink 5 SODDISFATTO. Flusso netto: 0.6600000000000019, Demand: 0.66, percentage: 100.00000000000028
Sink 11 SODDISFATTO. Flusso netto: 1.0299999999999978, Demand: 1.03, percentage: 99.99999999999979
Sink 15 SODDISFATTO. Flusso netto: 0.46000000000000263, Demand: 0.46, percentage: 100.00000000000058
Sink 16 non è soddisfatto. Flusso netto: 2.83, Demand: 8.4, percentage: 33.69047619047619
Sink 19 non è soddisfatto. Flusso netto: 0.0, Demand: 0.54, percentage: 0.0
Sink 23 non è soddisfatto. Flusso netto: 0.0, Demand: 0.6, percentage: 0.0
Sink 24 non è soddisfatto. Flusso netto: 0.0, Demand: 0.8, percentage: 0.0
Sink 25 non è soddisfatto. Flusso netto: 0.0, Demand: 3.5, percentage: 0.0
Sink 26 non è soddisfatto. Flusso netto: 0.0, Demand: 6.0, percentage: 0.0
Sink 28 non è soddisfatto. Flusso netto: 0.0, Demand: 0.4, percentage: 0.0
Sink 30 non è soddisfatto. Flusso netto: 0.0, Demand: 0.98, percentage: 0.0
Sink 31 non è soddisfatto. Flusso netto: 0.0, Demand: 0.4, percentage: 0.0
Sink 32 SODDISFATTO. Flusso netto: 1.0, Demand: 1.0, percentage: 100.0
Sink 34 SODDISFATTO. Flusso netto: 1.7400000000000002, Demand: 1.74, percentage: 100.00000000000003
Sink 35 SODDISFATTO. Flusso netto: 1.3, Demand: 1.3, percentage: 100.0
Sink 37 SODDISFATTO. Flusso netto: 1.0, Demand: 1.0, percentage: 100.0
Sink 39 non è soddisfatto. Flusso netto: 0.0, Demand: 0.4, percentage: 0.0
Sink 40 non è soddisfatto. Flusso netto: 0.0, Demand: 0.5, percentage: 0.0
Sink 41 SODDISFATTO. Flusso netto: 1.0600000000000005, Demand: 1.06, percentage: 100.00000000000004
Sink 42 SODDISFATTO. Flusso netto: 2.8200000000000007, Demand: 2.82, percentage: 100.00000000000003
Sink 45 SODDISFATTO. Flusso netto: 0.6800000000000002, Demand: 0.68, percentage: 100.00000000000003
Sink 46 SODDISFATTO. Flusso netto: 1.17, Demand: 1.17, percentage: 100.0
Sink 49 non è soddisfatto. Flusso netto: 4.59, Demand: 7.0, percentage: 65.57142857142857
Flusso totale entrante nei SINK: 43.980000000000004
Flusso totale uscente nei SINK: 19.639999999999997
Flusso totale netto nei SINK: 24.340000000000007
Total DEMAND dei SINK: 46.44
Percentual di flusso ai SINK: 0.5241171403962104
Numero di Sink soddisfatti: 13.0, numero totale di sink: 25.0
Percentuale di Sink soddisfatti: 0.52

---------------------------------- DAY 349

Update Fixed Elements from Intrinsic Faults
Source NODO_19 fixed from Intrinsic Fault
Pipeline ARCO_35 fixed due to Source NODO_19 fixing from Intrinsic Fault
Pipeline ARCO_109 fixed due to Source NODO_19 fixing from Intrinsic Fault
Pipeline ARCO_110 fixed due to Source NODO_19 fixing from Intrinsic Fault
Pipeline V_EDGE_53_17 fixed due to Source NODO_19 fixing from Intrinsic Fault
Pipeline ARCO_39 fixed due to Source NODO_19 fixing from Intrinsic Fault
Pipeline ARCO_40 fixed due to Source NODO_19 fixing from Intrinsic Fault
Pipeline ARCO_105 fixed due to Source NODO_19 fixing from Intrinsic Fault
Update Fixed Elements from Heavy Faults
Update Fixed Elements from Attack
Propagate Intrinsic Fault
Propagate Heavy Faults
Propagate Attacks
Inject Intrinsic Failure To Source
Source NODO_11 is failing for an Intrinsic Fault in day: 349
pipeline ARCO_3 has reduced capacity due to NODO_11 Intrinsic fault
pipeline ARCO_90 has reduced capacity due to NODO_11 Intrinsic fault
pipeline ARCO_91 has reduced capacity due to NODO_11 Intrinsic fault
pipeline ARCO_92 has reduced capacity due to NODO_11 Intrinsic fault
pipeline V_EDGE_53_9 has reduced capacity due to NODO_11 Intrinsic fault
pipeline ARCO_20 has reduced capacity due to NODO_11 Intrinsic fault
pipeline ARCO_21 has reduced capacity due to NODO_11 Intrinsic fault
pipeline ARCO_22 has reduced capacity due to NODO_11 Intrinsic fault
pipeline ARCO_73 has reduced capacity due to NODO_11 Intrinsic fault
Inject Heavy Fault To Sources
Inject Attack Multiple To Source
Inject Intrinsic Fault To Pipeline
Inject Heavy Fault To Pipeline
Inject Attack To Pipeline
----------- Statistics ------------
	Sources Under Attack: 0
	Sources with Heavy Fault: 0
	Sources with Intrinsic Fault: 1
	Arcs with reduce capacity due to Attack: 0
	Arcs with reduce capacity due to Heavy Fault: 0
	Arcs with reduce capacity due to Intrinsic Fault: 9
	Arcs with Attacks: 0
	Arcs with Heavy Fault: 0
	Arcs with Intrinsic Fault: 0
--------- SOURCES STATISTICS ---------------
Demand del real Source[0]: -31.0, flusso erogato: 8.729999999999993, flusso entrante: 0.0, efficienza: 28.161290322580623 %
Demand del real Source[8]: -10.5, flusso erogato: 3.8600000000000003, flusso entrante: 0.0, efficienza: 36.76190476190476 %
Demand del real Source[9]: -7.1, flusso erogato: 13.409999999999997, flusso entrante: 7.73, efficienza: 188.87323943661968 %
Demand del real Source[17]: -25.0, flusso erogato: 25.000000000000007, flusso entrante: 0.0, efficienza: 100.00000000000003 %
Flusso totale entrante nei Real Source: 7.73
Flusso totale uscente dai Real Source: 51.0
Flusso netto sui real Source: -43.269999999999996
--- SINKS STATISTICS ---
Sink 3 SODDISFATTO. Flusso netto: 3.4299999999999997, Demand: 3.43, percentage: 99.99999999999999
Sink 4 SODDISFATTO. Flusso netto: 0.5700000000000003, Demand: 0.57, percentage: 100.00000000000007
Sink 5 SODDISFATTO. Flusso netto: 0.6600000000000001, Demand: 0.66, percentage: 100.00000000000003
Sink 11 SODDISFATTO. Flusso netto: 1.03, Demand: 1.03, percentage: 100.0
Sink 15 SODDISFATTO. Flusso netto: 0.4600000000000044, Demand: 0.46, percentage: 100.00000000000095
Sink 16 SODDISFATTO. Flusso netto: 8.399999999999993, Demand: 8.4, percentage: 99.99999999999991
Sink 19 SODDISFATTO. Flusso netto: 0.5399999999999938, Demand: 0.54, percentage: 99.99999999999885
Sink 23 SODDISFATTO. Flusso netto: 0.5999999999999996, Demand: 0.6, percentage: 99.99999999999994
Sink 24 SODDISFATTO. Flusso netto: 0.8000000000000007, Demand: 0.8, percentage: 100.00000000000009
Sink 25 SODDISFATTO. Flusso netto: 3.5, Demand: 3.5, percentage: 100.0
Sink 26 SODDISFATTO. Flusso netto: 6.000000000000007, Demand: 6.0, percentage: 100.00000000000011
Sink 28 SODDISFATTO. Flusso netto: 0.4, Demand: 0.4, percentage: 100.0
Sink 30 SODDISFATTO. Flusso netto: 0.9799999999999933, Demand: 0.98, percentage: 99.99999999999932
Sink 31 SODDISFATTO. Flusso netto: 0.3999999999999999, Demand: 0.4, percentage: 99.99999999999997
Sink 32 SODDISFATTO. Flusso netto: 0.9999999999999989, Demand: 1.0, percentage: 99.99999999999989
Sink 34 SODDISFATTO. Flusso netto: 1.7400000000000002, Demand: 1.74, percentage: 100.00000000000003
Sink 35 SODDISFATTO. Flusso netto: 1.3, Demand: 1.3, percentage: 100.0
Sink 37 SODDISFATTO. Flusso netto: 1.0, Demand: 1.0, percentage: 100.0
Sink 39 SODDISFATTO. Flusso netto: 0.40000000000000036, Demand: 0.4, percentage: 100.00000000000009
Sink 40 SODDISFATTO. Flusso netto: 0.5, Demand: 0.5, percentage: 100.0
Sink 41 SODDISFATTO. Flusso netto: 1.0600000000000005, Demand: 1.06, percentage: 100.00000000000004
Sink 42 SODDISFATTO. Flusso netto: 2.819999999999999, Demand: 2.82, percentage: 99.99999999999997
Sink 45 SODDISFATTO. Flusso netto: 0.6800000000000002, Demand: 0.68, percentage: 100.00000000000003
Sink 46 SODDISFATTO. Flusso netto: 1.17, Demand: 1.17, percentage: 100.0
Sink 49 non è soddisfatto. Flusso netto: 3.83, Demand: 7.0, percentage: 54.714285714285715
Flusso totale entrante nei SINK: 85.282
Flusso totale uscente nei SINK: 42.01200000000001
Flusso totale netto nei SINK: 43.26999999999999
Total DEMAND dei SINK: 46.44
Percentual di flusso ai SINK: 0.9317398794142978
Numero di Sink soddisfatti: 24.0, numero totale di sink: 25.0
Percentuale di Sink soddisfatti: 0.96

---------------------------------- DAY 350

Update Fixed Elements from Intrinsic Faults
Update Fixed Elements from Heavy Faults
Update Fixed Elements from Attack
Propagate Intrinsic Fault
Node NODO_11 has still failing due to Intrinsic Fault
pipeline ARCO_3 still has reduced capacity: 9.688 due to Intrinsic Fault
pipeline ARCO_90 still has reduced capacity: 1.6 due to Intrinsic Fault
pipeline ARCO_91 still has reduced capacity: 9.688 due to Intrinsic Fault
pipeline ARCO_92 still has reduced capacity: 39.328 due to Intrinsic Fault
pipeline V_EDGE_53_9 still has reduced capacity: 5.68 due to Intrinsic Fault
pipeline ARCO_20 still has reduced capacity: 1.6 due to Intrinsic Fault
pipeline ARCO_21 still has reduced capacity: 9.688 due to Intrinsic Fault
pipeline ARCO_22 still has reduced capacity: 39.328 due to Intrinsic Fault
pipeline ARCO_73 still has reduced capacity: 9.688 due to Intrinsic Fault
Propagate Heavy Faults
Propagate Attacks
Inject Intrinsic Failure To Source
Inject Heavy Fault To Sources
Inject Attack Multiple To Source
Inject Intrinsic Fault To Pipeline
Inject Heavy Fault To Pipeline
Inject Attack To Pipeline
----------- Statistics ------------
	Sources Under Attack: 0
	Sources with Heavy Fault: 0
	Sources with Intrinsic Fault: 1
	Arcs with reduce capacity due to Attack: 0
	Arcs with reduce capacity due to Heavy Fault: 0
	Arcs with reduce capacity due to Intrinsic Fault: 9
	Arcs with Attacks: 0
	Arcs with Heavy Fault: 0
	Arcs with Intrinsic Fault: 0
--------- SOURCES STATISTICS ---------------
Demand del real Source[0]: -31.0, flusso erogato: 8.729999999999993, flusso entrante: 0.0, efficienza: 28.161290322580623 %
Demand del real Source[8]: -10.5, flusso erogato: 3.8600000000000003, flusso entrante: 0.0, efficienza: 36.76190476190476 %
Demand del real Source[9]: -7.1, flusso erogato: 13.409999999999997, flusso entrante: 7.73, efficienza: 188.87323943661968 %
Demand del real Source[17]: -25.0, flusso erogato: 25.000000000000007, flusso entrante: 0.0, efficienza: 100.00000000000003 %
Flusso totale entrante nei Real Source: 7.73
Flusso totale uscente dai Real Source: 51.0
Flusso netto sui real Source: -43.269999999999996
--- SINKS STATISTICS ---
Sink 3 SODDISFATTO. Flusso netto: 3.4299999999999997, Demand: 3.43, percentage: 99.99999999999999
Sink 4 SODDISFATTO. Flusso netto: 0.5700000000000003, Demand: 0.57, percentage: 100.00000000000007
Sink 5 SODDISFATTO. Flusso netto: 0.6600000000000001, Demand: 0.66, percentage: 100.00000000000003
Sink 11 SODDISFATTO. Flusso netto: 1.03, Demand: 1.03, percentage: 100.0
Sink 15 SODDISFATTO. Flusso netto: 0.4600000000000044, Demand: 0.46, percentage: 100.00000000000095
Sink 16 SODDISFATTO. Flusso netto: 8.399999999999993, Demand: 8.4, percentage: 99.99999999999991
Sink 19 SODDISFATTO. Flusso netto: 0.5399999999999938, Demand: 0.54, percentage: 99.99999999999885
Sink 23 SODDISFATTO. Flusso netto: 0.5999999999999996, Demand: 0.6, percentage: 99.99999999999994
Sink 24 SODDISFATTO. Flusso netto: 0.8000000000000007, Demand: 0.8, percentage: 100.00000000000009
Sink 25 SODDISFATTO. Flusso netto: 3.5, Demand: 3.5, percentage: 100.0
Sink 26 SODDISFATTO. Flusso netto: 6.000000000000007, Demand: 6.0, percentage: 100.00000000000011
Sink 28 SODDISFATTO. Flusso netto: 0.4, Demand: 0.4, percentage: 100.0
Sink 30 SODDISFATTO. Flusso netto: 0.9799999999999933, Demand: 0.98, percentage: 99.99999999999932
Sink 31 SODDISFATTO. Flusso netto: 0.3999999999999999, Demand: 0.4, percentage: 99.99999999999997
Sink 32 SODDISFATTO. Flusso netto: 0.9999999999999989, Demand: 1.0, percentage: 99.99999999999989
Sink 34 SODDISFATTO. Flusso netto: 1.7400000000000002, Demand: 1.74, percentage: 100.00000000000003
Sink 35 SODDISFATTO. Flusso netto: 1.3, Demand: 1.3, percentage: 100.0
Sink 37 SODDISFATTO. Flusso netto: 1.0, Demand: 1.0, percentage: 100.0
Sink 39 SODDISFATTO. Flusso netto: 0.40000000000000036, Demand: 0.4, percentage: 100.00000000000009
Sink 40 SODDISFATTO. Flusso netto: 0.5, Demand: 0.5, percentage: 100.0
Sink 41 SODDISFATTO. Flusso netto: 1.0600000000000005, Demand: 1.06, percentage: 100.00000000000004
Sink 42 SODDISFATTO. Flusso netto: 2.819999999999999, Demand: 2.82, percentage: 99.99999999999997
Sink 45 SODDISFATTO. Flusso netto: 0.6800000000000002, Demand: 0.68, percentage: 100.00000000000003
Sink 46 SODDISFATTO. Flusso netto: 1.17, Demand: 1.17, percentage: 100.0
Sink 49 non è soddisfatto. Flusso netto: 3.83, Demand: 7.0, percentage: 54.714285714285715
Flusso totale entrante nei SINK: 85.282
Flusso totale uscente nei SINK: 42.01200000000001
Flusso totale netto nei SINK: 43.26999999999999
Total DEMAND dei SINK: 46.44
Percentual di flusso ai SINK: 0.9317398794142978
Numero di Sink soddisfatti: 24.0, numero totale di sink: 25.0
Percentuale di Sink soddisfatti: 0.96

---------------------------------- DAY 351

Update Fixed Elements from Intrinsic Faults
Update Fixed Elements from Heavy Faults
Update Fixed Elements from Attack
Propagate Intrinsic Fault
Node NODO_11 has still failing due to Intrinsic Fault
pipeline ARCO_3 still has reduced capacity: 9.688 due to Intrinsic Fault
pipeline ARCO_90 still has reduced capacity: 1.6 due to Intrinsic Fault
pipeline ARCO_91 still has reduced capacity: 9.688 due to Intrinsic Fault
pipeline ARCO_92 still has reduced capacity: 39.328 due to Intrinsic Fault
pipeline V_EDGE_53_9 still has reduced capacity: 5.68 due to Intrinsic Fault
pipeline ARCO_20 still has reduced capacity: 1.6 due to Intrinsic Fault
pipeline ARCO_21 still has reduced capacity: 9.688 due to Intrinsic Fault
pipeline ARCO_22 still has reduced capacity: 39.328 due to Intrinsic Fault
pipeline ARCO_73 still has reduced capacity: 9.688 due to Intrinsic Fault
Propagate Heavy Faults
Propagate Attacks
Inject Intrinsic Failure To Source
Inject Heavy Fault To Sources
Inject Attack Multiple To Source
Inject Intrinsic Fault To Pipeline
Inject Heavy Fault To Pipeline
Inject Attack To Pipeline
----------- Statistics ------------
	Sources Under Attack: 0
	Sources with Heavy Fault: 0
	Sources with Intrinsic Fault: 1
	Arcs with reduce capacity due to Attack: 0
	Arcs with reduce capacity due to Heavy Fault: 0
	Arcs with reduce capacity due to Intrinsic Fault: 9
	Arcs with Attacks: 0
	Arcs with Heavy Fault: 0
	Arcs with Intrinsic Fault: 0
--------- SOURCES STATISTICS ---------------
Demand del real Source[0]: -31.0, flusso erogato: 8.729999999999993, flusso entrante: 0.0, efficienza: 28.161290322580623 %
Demand del real Source[8]: -10.5, flusso erogato: 3.8600000000000003, flusso entrante: 0.0, efficienza: 36.76190476190476 %
Demand del real Source[9]: -7.1, flusso erogato: 13.409999999999997, flusso entrante: 7.73, efficienza: 188.87323943661968 %
Demand del real Source[17]: -25.0, flusso erogato: 25.000000000000007, flusso entrante: 0.0, efficienza: 100.00000000000003 %
Flusso totale entrante nei Real Source: 7.73
Flusso totale uscente dai Real Source: 51.0
Flusso netto sui real Source: -43.269999999999996
--- SINKS STATISTICS ---
Sink 3 SODDISFATTO. Flusso netto: 3.4299999999999997, Demand: 3.43, percentage: 99.99999999999999
Sink 4 SODDISFATTO. Flusso netto: 0.5700000000000003, Demand: 0.57, percentage: 100.00000000000007
Sink 5 SODDISFATTO. Flusso netto: 0.6600000000000001, Demand: 0.66, percentage: 100.00000000000003
Sink 11 SODDISFATTO. Flusso netto: 1.03, Demand: 1.03, percentage: 100.0
Sink 15 SODDISFATTO. Flusso netto: 0.4600000000000044, Demand: 0.46, percentage: 100.00000000000095
Sink 16 SODDISFATTO. Flusso netto: 8.399999999999993, Demand: 8.4, percentage: 99.99999999999991
Sink 19 SODDISFATTO. Flusso netto: 0.5399999999999938, Demand: 0.54, percentage: 99.99999999999885
Sink 23 SODDISFATTO. Flusso netto: 0.5999999999999996, Demand: 0.6, percentage: 99.99999999999994
Sink 24 SODDISFATTO. Flusso netto: 0.8000000000000007, Demand: 0.8, percentage: 100.00000000000009
Sink 25 SODDISFATTO. Flusso netto: 3.5, Demand: 3.5, percentage: 100.0
Sink 26 SODDISFATTO. Flusso netto: 6.000000000000007, Demand: 6.0, percentage: 100.00000000000011
Sink 28 SODDISFATTO. Flusso netto: 0.4, Demand: 0.4, percentage: 100.0
Sink 30 SODDISFATTO. Flusso netto: 0.9799999999999933, Demand: 0.98, percentage: 99.99999999999932
Sink 31 SODDISFATTO. Flusso netto: 0.3999999999999999, Demand: 0.4, percentage: 99.99999999999997
Sink 32 SODDISFATTO. Flusso netto: 0.9999999999999989, Demand: 1.0, percentage: 99.99999999999989
Sink 34 SODDISFATTO. Flusso netto: 1.7400000000000002, Demand: 1.74, percentage: 100.00000000000003
Sink 35 SODDISFATTO. Flusso netto: 1.3, Demand: 1.3, percentage: 100.0
Sink 37 SODDISFATTO. Flusso netto: 1.0, Demand: 1.0, percentage: 100.0
Sink 39 SODDISFATTO. Flusso netto: 0.40000000000000036, Demand: 0.4, percentage: 100.00000000000009
Sink 40 SODDISFATTO. Flusso netto: 0.5, Demand: 0.5, percentage: 100.0
Sink 41 SODDISFATTO. Flusso netto: 1.0600000000000005, Demand: 1.06, percentage: 100.00000000000004
Sink 42 SODDISFATTO. Flusso netto: 2.819999999999999, Demand: 2.82, percentage: 99.99999999999997
Sink 45 SODDISFATTO. Flusso netto: 0.6800000000000002, Demand: 0.68, percentage: 100.00000000000003
Sink 46 SODDISFATTO. Flusso netto: 1.17, Demand: 1.17, percentage: 100.0
Sink 49 non è soddisfatto. Flusso netto: 3.83, Demand: 7.0, percentage: 54.714285714285715
Flusso totale entrante nei SINK: 85.282
Flusso totale uscente nei SINK: 42.01200000000001
Flusso totale netto nei SINK: 43.26999999999999
Total DEMAND dei SINK: 46.44
Percentual di flusso ai SINK: 0.9317398794142978
Numero di Sink soddisfatti: 24.0, numero totale di sink: 25.0
Percentuale di Sink soddisfatti: 0.96

---------------------------------- DAY 352

Update Fixed Elements from Intrinsic Faults
Source NODO_11 fixed from Intrinsic Fault
Pipeline ARCO_3 fixed due to Source NODO_11 fixing from Intrinsic Fault
Pipeline ARCO_90 fixed due to Source NODO_11 fixing from Intrinsic Fault
Pipeline ARCO_91 fixed due to Source NODO_11 fixing from Intrinsic Fault
Pipeline ARCO_92 fixed due to Source NODO_11 fixing from Intrinsic Fault
Pipeline V_EDGE_53_9 fixed due to Source NODO_11 fixing from Intrinsic Fault
Pipeline ARCO_20 fixed due to Source NODO_11 fixing from Intrinsic Fault
Pipeline ARCO_21 fixed due to Source NODO_11 fixing from Intrinsic Fault
Pipeline ARCO_22 fixed due to Source NODO_11 fixing from Intrinsic Fault
Pipeline ARCO_73 fixed due to Source NODO_11 fixing from Intrinsic Fault
Update Fixed Elements from Heavy Faults
Update Fixed Elements from Attack
Propagate Intrinsic Fault
Propagate Heavy Faults
Propagate Attacks
Inject Intrinsic Failure To Source
Inject Heavy Fault To Sources
Inject Attack Multiple To Source
Inject Intrinsic Fault To Pipeline
Inject Heavy Fault To Pipeline
Inject Attack To Pipeline
----------- Statistics ------------
	Sources Under Attack: 0
	Sources with Heavy Fault: 0
	Sources with Intrinsic Fault: 0
	Arcs with reduce capacity due to Attack: 0
	Arcs with reduce capacity due to Heavy Fault: 0
	Arcs with reduce capacity due to Intrinsic Fault: 0
	Arcs with Attacks: 0
	Arcs with Heavy Fault: 0
	Arcs with Intrinsic Fault: 0
--------- SOURCES STATISTICS ---------------
Demand del real Source[0]: -31.0, flusso erogato: 8.069999999999997, flusso entrante: 0.0, efficienza: 26.032258064516117 %
Demand del real Source[8]: -10.5, flusso erogato: 3.8600000000000003, flusso entrante: 0.0, efficienza: 36.76190476190476 %
Demand del real Source[9]: -7.1, flusso erogato: 14.169999999999996, flusso entrante: 7.070000000000007, efficienza: 199.57746478873236 %
Demand del real Source[17]: -25.0, flusso erogato: 25.000000000000007, flusso entrante: 0.0, efficienza: 100.00000000000003 %
Flusso totale entrante nei Real Source: 7.070000000000007
Flusso totale uscente dai Real Source: 51.1
Flusso netto sui real Source: -44.029999999999994
--- SINKS STATISTICS ---
Sink 3 SODDISFATTO. Flusso netto: 3.4299999999999997, Demand: 3.43, percentage: 99.99999999999999
Sink 4 SODDISFATTO. Flusso netto: 0.5700000000000003, Demand: 0.57, percentage: 100.00000000000007
Sink 5 SODDISFATTO. Flusso netto: 0.6600000000000019, Demand: 0.66, percentage: 100.00000000000028
Sink 11 SODDISFATTO. Flusso netto: 1.03, Demand: 1.03, percentage: 100.0
Sink 15 SODDISFATTO. Flusso netto: 0.4600000000000044, Demand: 0.46, percentage: 100.00000000000095
Sink 16 SODDISFATTO. Flusso netto: 8.399999999999993, Demand: 8.4, percentage: 99.99999999999991
Sink 19 SODDISFATTO. Flusso netto: 0.5399999999999938, Demand: 0.54, percentage: 99.99999999999885
Sink 23 SODDISFATTO. Flusso netto: 0.5999999999999996, Demand: 0.6, percentage: 99.99999999999994
Sink 24 SODDISFATTO. Flusso netto: 0.8000000000000007, Demand: 0.8, percentage: 100.00000000000009
Sink 25 SODDISFATTO. Flusso netto: 3.5, Demand: 3.5, percentage: 100.0
Sink 26 SODDISFATTO. Flusso netto: 6.000000000000007, Demand: 6.0, percentage: 100.00000000000011
Sink 28 SODDISFATTO. Flusso netto: 0.4, Demand: 0.4, percentage: 100.0
Sink 30 SODDISFATTO. Flusso netto: 0.9799999999999933, Demand: 0.98, percentage: 99.99999999999932
Sink 31 SODDISFATTO. Flusso netto: 0.3999999999999999, Demand: 0.4, percentage: 99.99999999999997
Sink 32 SODDISFATTO. Flusso netto: 0.9999999999999989, Demand: 1.0, percentage: 99.99999999999989
Sink 34 SODDISFATTO. Flusso netto: 1.7400000000000002, Demand: 1.74, percentage: 100.00000000000003
Sink 35 SODDISFATTO. Flusso netto: 1.3, Demand: 1.3, percentage: 100.0
Sink 37 SODDISFATTO. Flusso netto: 1.0, Demand: 1.0, percentage: 100.0
Sink 39 SODDISFATTO. Flusso netto: 0.40000000000000036, Demand: 0.4, percentage: 100.00000000000009
Sink 40 SODDISFATTO. Flusso netto: 0.5, Demand: 0.5, percentage: 100.0
Sink 41 SODDISFATTO. Flusso netto: 1.0600000000000005, Demand: 1.06, percentage: 100.00000000000004
Sink 42 SODDISFATTO. Flusso netto: 2.8200000000000007, Demand: 2.82, percentage: 100.00000000000003
Sink 45 SODDISFATTO. Flusso netto: 0.6800000000000002, Demand: 0.68, percentage: 100.00000000000003
Sink 46 SODDISFATTO. Flusso netto: 1.17, Demand: 1.17, percentage: 100.0
Sink 49 non è soddisfatto. Flusso netto: 4.59, Demand: 7.0, percentage: 65.57142857142857
Flusso totale entrante nei SINK: 86.46000000000001
Flusso totale uscente nei SINK: 42.430000000000014
Flusso totale netto nei SINK: 44.029999999999994
Total DEMAND dei SINK: 46.44
Percentual di flusso ai SINK: 0.9481050818260119
Numero di Sink soddisfatti: 24.0, numero totale di sink: 25.0
Percentuale di Sink soddisfatti: 0.96

---------------------------------- DAY 353

Update Fixed Elements from Intrinsic Faults
Update Fixed Elements from Heavy Faults
Update Fixed Elements from Attack
Propagate Intrinsic Fault
Propagate Heavy Faults
Propagate Attacks
Inject Intrinsic Failure To Source
Inject Heavy Fault To Sources
Inject Attack Multiple To Source
Inject Intrinsic Fault To Pipeline
Inject Heavy Fault To Pipeline
Inject Attack To Pipeline
----------- Statistics ------------
	Sources Under Attack: 0
	Sources with Heavy Fault: 0
	Sources with Intrinsic Fault: 0
	Arcs with reduce capacity due to Attack: 0
	Arcs with reduce capacity due to Heavy Fault: 0
	Arcs with reduce capacity due to Intrinsic Fault: 0
	Arcs with Attacks: 0
	Arcs with Heavy Fault: 0
	Arcs with Intrinsic Fault: 0
--------- SOURCES STATISTICS ---------------
Demand del real Source[0]: -31.0, flusso erogato: 8.069999999999997, flusso entrante: 0.0, efficienza: 26.032258064516117 %
Demand del real Source[8]: -10.5, flusso erogato: 3.8600000000000003, flusso entrante: 0.0, efficienza: 36.76190476190476 %
Demand del real Source[9]: -7.1, flusso erogato: 14.169999999999996, flusso entrante: 7.070000000000007, efficienza: 199.57746478873236 %
Demand del real Source[17]: -25.0, flusso erogato: 25.000000000000007, flusso entrante: 0.0, efficienza: 100.00000000000003 %
Flusso totale entrante nei Real Source: 7.070000000000007
Flusso totale uscente dai Real Source: 51.1
Flusso netto sui real Source: -44.029999999999994
--- SINKS STATISTICS ---
Sink 3 SODDISFATTO. Flusso netto: 3.4299999999999997, Demand: 3.43, percentage: 99.99999999999999
Sink 4 SODDISFATTO. Flusso netto: 0.5700000000000003, Demand: 0.57, percentage: 100.00000000000007
Sink 5 SODDISFATTO. Flusso netto: 0.6600000000000019, Demand: 0.66, percentage: 100.00000000000028
Sink 11 SODDISFATTO. Flusso netto: 1.03, Demand: 1.03, percentage: 100.0
Sink 15 SODDISFATTO. Flusso netto: 0.4600000000000044, Demand: 0.46, percentage: 100.00000000000095
Sink 16 SODDISFATTO. Flusso netto: 8.399999999999993, Demand: 8.4, percentage: 99.99999999999991
Sink 19 SODDISFATTO. Flusso netto: 0.5399999999999938, Demand: 0.54, percentage: 99.99999999999885
Sink 23 SODDISFATTO. Flusso netto: 0.5999999999999996, Demand: 0.6, percentage: 99.99999999999994
Sink 24 SODDISFATTO. Flusso netto: 0.8000000000000007, Demand: 0.8, percentage: 100.00000000000009
Sink 25 SODDISFATTO. Flusso netto: 3.5, Demand: 3.5, percentage: 100.0
Sink 26 SODDISFATTO. Flusso netto: 6.000000000000007, Demand: 6.0, percentage: 100.00000000000011
Sink 28 SODDISFATTO. Flusso netto: 0.4, Demand: 0.4, percentage: 100.0
Sink 30 SODDISFATTO. Flusso netto: 0.9799999999999933, Demand: 0.98, percentage: 99.99999999999932
Sink 31 SODDISFATTO. Flusso netto: 0.3999999999999999, Demand: 0.4, percentage: 99.99999999999997
Sink 32 SODDISFATTO. Flusso netto: 0.9999999999999989, Demand: 1.0, percentage: 99.99999999999989
Sink 34 SODDISFATTO. Flusso netto: 1.7400000000000002, Demand: 1.74, percentage: 100.00000000000003
Sink 35 SODDISFATTO. Flusso netto: 1.3, Demand: 1.3, percentage: 100.0
Sink 37 SODDISFATTO. Flusso netto: 1.0, Demand: 1.0, percentage: 100.0
Sink 39 SODDISFATTO. Flusso netto: 0.40000000000000036, Demand: 0.4, percentage: 100.00000000000009
Sink 40 SODDISFATTO. Flusso netto: 0.5, Demand: 0.5, percentage: 100.0
Sink 41 SODDISFATTO. Flusso netto: 1.0600000000000005, Demand: 1.06, percentage: 100.00000000000004
Sink 42 SODDISFATTO. Flusso netto: 2.8200000000000007, Demand: 2.82, percentage: 100.00000000000003
Sink 45 SODDISFATTO. Flusso netto: 0.6800000000000002, Demand: 0.68, percentage: 100.00000000000003
Sink 46 SODDISFATTO. Flusso netto: 1.17, Demand: 1.17, percentage: 100.0
Sink 49 non è soddisfatto. Flusso netto: 4.59, Demand: 7.0, percentage: 65.57142857142857
Flusso totale entrante nei SINK: 86.46000000000001
Flusso totale uscente nei SINK: 42.430000000000014
Flusso totale netto nei SINK: 44.029999999999994
Total DEMAND dei SINK: 46.44
Percentual di flusso ai SINK: 0.9481050818260119
Numero di Sink soddisfatti: 24.0, numero totale di sink: 25.0
Percentuale di Sink soddisfatti: 0.96

---------------------------------- DAY 354

Update Fixed Elements from Intrinsic Faults
Update Fixed Elements from Heavy Faults
Update Fixed Elements from Attack
Propagate Intrinsic Fault
Propagate Heavy Faults
Propagate Attacks
Inject Intrinsic Failure To Source
Source NODO_10 is failing for an Intrinsic Fault in day: 354
pipeline ARCO_17 has reduced capacity due to NODO_10 Intrinsic fault
pipeline ARCO_88 has reduced capacity due to NODO_10 Intrinsic fault
pipeline ARCO_89 has reduced capacity due to NODO_10 Intrinsic fault
pipeline V_EDGE_53_8 has reduced capacity due to NODO_10 Intrinsic fault
pipeline ARCO_18 has reduced capacity due to NODO_10 Intrinsic fault
pipeline ARCO_19 has reduced capacity due to NODO_10 Intrinsic fault
pipeline ARCO_87 has reduced capacity due to NODO_10 Intrinsic fault
Inject Heavy Fault To Sources
Inject Attack Multiple To Source
Inject Intrinsic Fault To Pipeline
Inject Heavy Fault To Pipeline
Inject Attack To Pipeline
----------- Statistics ------------
	Sources Under Attack: 0
	Sources with Heavy Fault: 0
	Sources with Intrinsic Fault: 1
	Arcs with reduce capacity due to Attack: 0
	Arcs with reduce capacity due to Heavy Fault: 0
	Arcs with reduce capacity due to Intrinsic Fault: 7
	Arcs with Attacks: 0
	Arcs with Heavy Fault: 0
	Arcs with Intrinsic Fault: 0
--------- SOURCES STATISTICS ---------------
Demand del real Source[0]: -31.0, flusso erogato: 11.159999999999997, flusso entrante: 0.0, efficienza: 35.999999999999986 %
Demand del real Source[8]: -10.5, flusso erogato: 0.0, flusso entrante: 0.0, efficienza: 0.0 %
Demand del real Source[9]: -7.1, flusso erogato: 17.259999999999998, flusso entrante: 10.159999999999997, efficienza: 243.09859154929575 %
Demand del real Source[17]: -25.0, flusso erogato: 25.000000000000007, flusso entrante: 0.0, efficienza: 100.00000000000003 %
Flusso totale entrante nei Real Source: 10.159999999999997
Flusso totale uscente dai Real Source: 53.42
Flusso netto sui real Source: -43.260000000000005
--- SINKS STATISTICS ---
Sink 3 SODDISFATTO. Flusso netto: 3.429999999999999, Demand: 3.43, percentage: 99.99999999999997
Sink 4 SODDISFATTO. Flusso netto: 0.5700000000000003, Demand: 0.57, percentage: 100.00000000000007
Sink 5 SODDISFATTO. Flusso netto: 0.6599999999999993, Demand: 0.66, percentage: 99.99999999999987
Sink 11 SODDISFATTO. Flusso netto: 1.0300000000000011, Demand: 1.03, percentage: 100.00000000000011
Sink 15 SODDISFATTO. Flusso netto: 0.4600000000000044, Demand: 0.46, percentage: 100.00000000000095
Sink 16 SODDISFATTO. Flusso netto: 8.399999999999993, Demand: 8.4, percentage: 99.99999999999991
Sink 19 SODDISFATTO. Flusso netto: 0.5399999999999938, Demand: 0.54, percentage: 99.99999999999885
Sink 23 SODDISFATTO. Flusso netto: 0.5999999999999996, Demand: 0.6, percentage: 99.99999999999994
Sink 24 SODDISFATTO. Flusso netto: 0.8000000000000007, Demand: 0.8, percentage: 100.00000000000009
Sink 25 SODDISFATTO. Flusso netto: 3.5, Demand: 3.5, percentage: 100.0
Sink 26 SODDISFATTO. Flusso netto: 6.000000000000007, Demand: 6.0, percentage: 100.00000000000011
Sink 28 SODDISFATTO. Flusso netto: 0.4, Demand: 0.4, percentage: 100.0
Sink 30 SODDISFATTO. Flusso netto: 0.9799999999999933, Demand: 0.98, percentage: 99.99999999999932
Sink 31 SODDISFATTO. Flusso netto: 0.3999999999999999, Demand: 0.4, percentage: 99.99999999999997
Sink 32 SODDISFATTO. Flusso netto: 0.9999999999999989, Demand: 1.0, percentage: 99.99999999999989
Sink 34 SODDISFATTO. Flusso netto: 1.7400000000000002, Demand: 1.74, percentage: 100.00000000000003
Sink 35 SODDISFATTO. Flusso netto: 1.3, Demand: 1.3, percentage: 100.0
Sink 37 SODDISFATTO. Flusso netto: 1.0, Demand: 1.0, percentage: 100.0
Sink 39 SODDISFATTO. Flusso netto: 0.40000000000000036, Demand: 0.4, percentage: 100.00000000000009
Sink 40 SODDISFATTO. Flusso netto: 0.5, Demand: 0.5, percentage: 100.0
Sink 41 SODDISFATTO. Flusso netto: 1.0599999999999996, Demand: 1.06, percentage: 99.99999999999996
Sink 42 SODDISFATTO. Flusso netto: 2.820000000000001, Demand: 2.82, percentage: 100.00000000000004
Sink 45 SODDISFATTO. Flusso netto: 0.6800000000000002, Demand: 0.68, percentage: 100.00000000000003
Sink 46 SODDISFATTO. Flusso netto: 1.17, Demand: 1.17, percentage: 100.0
Sink 49 non è soddisfatto. Flusso netto: 3.8200000000000003, Demand: 7.0, percentage: 54.57142857142857
Flusso totale entrante nei SINK: 88.47
Flusso totale uscente nei SINK: 45.21000000000001
Flusso totale netto nei SINK: 43.25999999999999
Total DEMAND dei SINK: 46.44
Percentual di flusso ai SINK: 0.9315245478036174
Numero di Sink soddisfatti: 24.0, numero totale di sink: 25.0
Percentuale di Sink soddisfatti: 0.96

---------------------------------- DAY 355

Update Fixed Elements from Intrinsic Faults
Update Fixed Elements from Heavy Faults
Update Fixed Elements from Attack
Propagate Intrinsic Fault
Node NODO_10 has still failing due to Intrinsic Fault
pipeline ARCO_17 still has reduced capacity: 0.0 due to Intrinsic Fault
pipeline ARCO_88 still has reduced capacity: 0.0 due to Intrinsic Fault
pipeline ARCO_89 still has reduced capacity: 0.0 due to Intrinsic Fault
pipeline V_EDGE_53_8 still has reduced capacity: 0.0 due to Intrinsic Fault
pipeline ARCO_18 still has reduced capacity: 0.0 due to Intrinsic Fault
pipeline ARCO_19 still has reduced capacity: 0.0 due to Intrinsic Fault
pipeline ARCO_87 still has reduced capacity: 0.0 due to Intrinsic Fault
Propagate Heavy Faults
Propagate Attacks
Inject Intrinsic Failure To Source
Source NODO_11 is failing for an Intrinsic Fault in day: 355
pipeline ARCO_3 has reduced capacity due to NODO_11 Intrinsic fault
pipeline ARCO_90 has reduced capacity due to NODO_11 Intrinsic fault
pipeline ARCO_91 has reduced capacity due to NODO_11 Intrinsic fault
pipeline ARCO_92 has reduced capacity due to NODO_11 Intrinsic fault
pipeline V_EDGE_53_9 has reduced capacity due to NODO_11 Intrinsic fault
pipeline ARCO_20 has reduced capacity due to NODO_11 Intrinsic fault
pipeline ARCO_21 has reduced capacity due to NODO_11 Intrinsic fault
pipeline ARCO_22 has reduced capacity due to NODO_11 Intrinsic fault
pipeline ARCO_73 has reduced capacity due to NODO_11 Intrinsic fault
Inject Heavy Fault To Sources
Inject Attack Multiple To Source
Inject Intrinsic Fault To Pipeline
Inject Heavy Fault To Pipeline
Inject Attack To Pipeline
----------- Statistics ------------
	Sources Under Attack: 0
	Sources with Heavy Fault: 0
	Sources with Intrinsic Fault: 2
	Arcs with reduce capacity due to Attack: 0
	Arcs with reduce capacity due to Heavy Fault: 0
	Arcs with reduce capacity due to Intrinsic Fault: 16
	Arcs with Attacks: 0
	Arcs with Heavy Fault: 0
	Arcs with Intrinsic Fault: 0
--------- SOURCES STATISTICS ---------------
Demand del real Source[0]: -31.0, flusso erogato: 12.427999999999997, flusso entrante: 0.0, efficienza: 40.09032258064516 %
Demand del real Source[8]: -10.5, flusso erogato: 0.0, flusso entrante: 0.0, efficienza: 0.0 %
Demand del real Source[9]: -7.1, flusso erogato: 17.107999999999997, flusso entrante: 11.428000000000004, efficienza: 240.9577464788732 %
Demand del real Source[17]: -25.0, flusso erogato: 25.000000000000007, flusso entrante: 0.0, efficienza: 100.00000000000003 %
Flusso totale entrante nei Real Source: 11.428000000000004
Flusso totale uscente dai Real Source: 54.536
Flusso netto sui real Source: -43.108
--- SINKS STATISTICS ---
Sink 3 SODDISFATTO. Flusso netto: 3.4299999999999997, Demand: 3.43, percentage: 99.99999999999999
Sink 4 SODDISFATTO. Flusso netto: 0.5700000000000003, Demand: 0.57, percentage: 100.00000000000007
Sink 5 SODDISFATTO. Flusso netto: 0.660000000000001, Demand: 0.66, percentage: 100.00000000000016
Sink 11 SODDISFATTO. Flusso netto: 1.0300000000000011, Demand: 1.03, percentage: 100.00000000000011
Sink 15 SODDISFATTO. Flusso netto: 0.4600000000000044, Demand: 0.46, percentage: 100.00000000000095
Sink 16 SODDISFATTO. Flusso netto: 8.399999999999993, Demand: 8.4, percentage: 99.99999999999991
Sink 19 SODDISFATTO. Flusso netto: 0.5399999999999938, Demand: 0.54, percentage: 99.99999999999885
Sink 23 SODDISFATTO. Flusso netto: 0.5999999999999996, Demand: 0.6, percentage: 99.99999999999994
Sink 24 SODDISFATTO. Flusso netto: 0.8000000000000007, Demand: 0.8, percentage: 100.00000000000009
Sink 25 SODDISFATTO. Flusso netto: 3.5, Demand: 3.5, percentage: 100.0
Sink 26 SODDISFATTO. Flusso netto: 6.000000000000007, Demand: 6.0, percentage: 100.00000000000011
Sink 28 SODDISFATTO. Flusso netto: 0.4, Demand: 0.4, percentage: 100.0
Sink 30 SODDISFATTO. Flusso netto: 0.9799999999999933, Demand: 0.98, percentage: 99.99999999999932
Sink 31 SODDISFATTO. Flusso netto: 0.3999999999999999, Demand: 0.4, percentage: 99.99999999999997
Sink 32 SODDISFATTO. Flusso netto: 0.9999999999999989, Demand: 1.0, percentage: 99.99999999999989
Sink 34 SODDISFATTO. Flusso netto: 1.7400000000000002, Demand: 1.74, percentage: 100.00000000000003
Sink 35 SODDISFATTO. Flusso netto: 1.3, Demand: 1.3, percentage: 100.0
Sink 37 SODDISFATTO. Flusso netto: 1.0, Demand: 1.0, percentage: 100.0
Sink 39 SODDISFATTO. Flusso netto: 0.40000000000000036, Demand: 0.4, percentage: 100.00000000000009
Sink 40 SODDISFATTO. Flusso netto: 0.5, Demand: 0.5, percentage: 100.0
Sink 41 SODDISFATTO. Flusso netto: 1.0600000000000005, Demand: 1.06, percentage: 100.00000000000004
Sink 42 SODDISFATTO. Flusso netto: 2.8199999999999994, Demand: 2.82, percentage: 99.99999999999999
Sink 45 SODDISFATTO. Flusso netto: 0.6800000000000002, Demand: 0.68, percentage: 100.00000000000003
Sink 46 SODDISFATTO. Flusso netto: 1.17, Demand: 1.17, percentage: 100.0
Sink 49 non è soddisfatto. Flusso netto: 3.6679999999999993, Demand: 7.0, percentage: 52.39999999999999
Flusso totale entrante nei SINK: 91.75200000000001
Flusso totale uscente nei SINK: 48.64400000000001
Flusso totale netto nei SINK: 43.108
Total DEMAND dei SINK: 46.44
Percentual di flusso ai SINK: 0.9282515073212747
Numero di Sink soddisfatti: 24.0, numero totale di sink: 25.0
Percentuale di Sink soddisfatti: 0.96

---------------------------------- DAY 356

Update Fixed Elements from Intrinsic Faults
Update Fixed Elements from Heavy Faults
Update Fixed Elements from Attack
Propagate Intrinsic Fault
Node NODO_10 has still failing due to Intrinsic Fault
Node NODO_11 has still failing due to Intrinsic Fault
pipeline ARCO_17 still has reduced capacity: 0.0 due to Intrinsic Fault
pipeline ARCO_88 still has reduced capacity: 0.0 due to Intrinsic Fault
pipeline ARCO_89 still has reduced capacity: 0.0 due to Intrinsic Fault
pipeline V_EDGE_53_8 still has reduced capacity: 0.0 due to Intrinsic Fault
pipeline ARCO_18 still has reduced capacity: 0.0 due to Intrinsic Fault
pipeline ARCO_19 still has reduced capacity: 0.0 due to Intrinsic Fault
pipeline ARCO_87 still has reduced capacity: 0.0 due to Intrinsic Fault
pipeline ARCO_3 still has reduced capacity: 9.688 due to Intrinsic Fault
pipeline ARCO_90 still has reduced capacity: 1.6 due to Intrinsic Fault
pipeline ARCO_91 still has reduced capacity: 9.688 due to Intrinsic Fault
pipeline ARCO_92 still has reduced capacity: 39.328 due to Intrinsic Fault
pipeline V_EDGE_53_9 still has reduced capacity: 5.68 due to Intrinsic Fault
pipeline ARCO_20 still has reduced capacity: 1.6 due to Intrinsic Fault
pipeline ARCO_21 still has reduced capacity: 9.688 due to Intrinsic Fault
pipeline ARCO_22 still has reduced capacity: 39.328 due to Intrinsic Fault
pipeline ARCO_73 still has reduced capacity: 9.688 due to Intrinsic Fault
Propagate Heavy Faults
Propagate Attacks
Inject Intrinsic Failure To Source
Inject Heavy Fault To Sources
Inject Attack Multiple To Source
Inject Intrinsic Fault To Pipeline
Inject Heavy Fault To Pipeline
Inject Attack To Pipeline
----------- Statistics ------------
	Sources Under Attack: 0
	Sources with Heavy Fault: 0
	Sources with Intrinsic Fault: 2
	Arcs with reduce capacity due to Attack: 0
	Arcs with reduce capacity due to Heavy Fault: 0
	Arcs with reduce capacity due to Intrinsic Fault: 16
	Arcs with Attacks: 0
	Arcs with Heavy Fault: 0
	Arcs with Intrinsic Fault: 0
--------- SOURCES STATISTICS ---------------
Demand del real Source[0]: -31.0, flusso erogato: 12.427999999999997, flusso entrante: 0.0, efficienza: 40.09032258064516 %
Demand del real Source[8]: -10.5, flusso erogato: 0.0, flusso entrante: 0.0, efficienza: 0.0 %
Demand del real Source[9]: -7.1, flusso erogato: 17.107999999999997, flusso entrante: 11.428000000000004, efficienza: 240.9577464788732 %
Demand del real Source[17]: -25.0, flusso erogato: 25.000000000000007, flusso entrante: 0.0, efficienza: 100.00000000000003 %
Flusso totale entrante nei Real Source: 11.428000000000004
Flusso totale uscente dai Real Source: 54.536
Flusso netto sui real Source: -43.108
--- SINKS STATISTICS ---
Sink 3 SODDISFATTO. Flusso netto: 3.4299999999999997, Demand: 3.43, percentage: 99.99999999999999
Sink 4 SODDISFATTO. Flusso netto: 0.5700000000000003, Demand: 0.57, percentage: 100.00000000000007
Sink 5 SODDISFATTO. Flusso netto: 0.660000000000001, Demand: 0.66, percentage: 100.00000000000016
Sink 11 SODDISFATTO. Flusso netto: 1.0300000000000011, Demand: 1.03, percentage: 100.00000000000011
Sink 15 SODDISFATTO. Flusso netto: 0.4600000000000044, Demand: 0.46, percentage: 100.00000000000095
Sink 16 SODDISFATTO. Flusso netto: 8.399999999999993, Demand: 8.4, percentage: 99.99999999999991
Sink 19 SODDISFATTO. Flusso netto: 0.5399999999999938, Demand: 0.54, percentage: 99.99999999999885
Sink 23 SODDISFATTO. Flusso netto: 0.5999999999999996, Demand: 0.6, percentage: 99.99999999999994
Sink 24 SODDISFATTO. Flusso netto: 0.8000000000000007, Demand: 0.8, percentage: 100.00000000000009
Sink 25 SODDISFATTO. Flusso netto: 3.5, Demand: 3.5, percentage: 100.0
Sink 26 SODDISFATTO. Flusso netto: 6.000000000000007, Demand: 6.0, percentage: 100.00000000000011
Sink 28 SODDISFATTO. Flusso netto: 0.4, Demand: 0.4, percentage: 100.0
Sink 30 SODDISFATTO. Flusso netto: 0.9799999999999933, Demand: 0.98, percentage: 99.99999999999932
Sink 31 SODDISFATTO. Flusso netto: 0.3999999999999999, Demand: 0.4, percentage: 99.99999999999997
Sink 32 SODDISFATTO. Flusso netto: 0.9999999999999989, Demand: 1.0, percentage: 99.99999999999989
Sink 34 SODDISFATTO. Flusso netto: 1.7400000000000002, Demand: 1.74, percentage: 100.00000000000003
Sink 35 SODDISFATTO. Flusso netto: 1.3, Demand: 1.3, percentage: 100.0
Sink 37 SODDISFATTO. Flusso netto: 1.0, Demand: 1.0, percentage: 100.0
Sink 39 SODDISFATTO. Flusso netto: 0.40000000000000036, Demand: 0.4, percentage: 100.00000000000009
Sink 40 SODDISFATTO. Flusso netto: 0.5, Demand: 0.5, percentage: 100.0
Sink 41 SODDISFATTO. Flusso netto: 1.0600000000000005, Demand: 1.06, percentage: 100.00000000000004
Sink 42 SODDISFATTO. Flusso netto: 2.8199999999999994, Demand: 2.82, percentage: 99.99999999999999
Sink 45 SODDISFATTO. Flusso netto: 0.6800000000000002, Demand: 0.68, percentage: 100.00000000000003
Sink 46 SODDISFATTO. Flusso netto: 1.17, Demand: 1.17, percentage: 100.0
Sink 49 non è soddisfatto. Flusso netto: 3.6679999999999993, Demand: 7.0, percentage: 52.39999999999999
Flusso totale entrante nei SINK: 91.75200000000001
Flusso totale uscente nei SINK: 48.64400000000001
Flusso totale netto nei SINK: 43.108
Total DEMAND dei SINK: 46.44
Percentual di flusso ai SINK: 0.9282515073212747
Numero di Sink soddisfatti: 24.0, numero totale di sink: 25.0
Percentuale di Sink soddisfatti: 0.96

---------------------------------- DAY 357

Update Fixed Elements from Intrinsic Faults
Update Fixed Elements from Heavy Faults
Update Fixed Elements from Attack
Propagate Intrinsic Fault
Node NODO_10 has still failing due to Intrinsic Fault
Node NODO_11 has still failing due to Intrinsic Fault
pipeline ARCO_17 still has reduced capacity: 0.0 due to Intrinsic Fault
pipeline ARCO_88 still has reduced capacity: 0.0 due to Intrinsic Fault
pipeline ARCO_89 still has reduced capacity: 0.0 due to Intrinsic Fault
pipeline V_EDGE_53_8 still has reduced capacity: 0.0 due to Intrinsic Fault
pipeline ARCO_18 still has reduced capacity: 0.0 due to Intrinsic Fault
pipeline ARCO_19 still has reduced capacity: 0.0 due to Intrinsic Fault
pipeline ARCO_87 still has reduced capacity: 0.0 due to Intrinsic Fault
pipeline ARCO_3 still has reduced capacity: 9.688 due to Intrinsic Fault
pipeline ARCO_90 still has reduced capacity: 1.6 due to Intrinsic Fault
pipeline ARCO_91 still has reduced capacity: 9.688 due to Intrinsic Fault
pipeline ARCO_92 still has reduced capacity: 39.328 due to Intrinsic Fault
pipeline V_EDGE_53_9 still has reduced capacity: 5.68 due to Intrinsic Fault
pipeline ARCO_20 still has reduced capacity: 1.6 due to Intrinsic Fault
pipeline ARCO_21 still has reduced capacity: 9.688 due to Intrinsic Fault
pipeline ARCO_22 still has reduced capacity: 39.328 due to Intrinsic Fault
pipeline ARCO_73 still has reduced capacity: 9.688 due to Intrinsic Fault
Propagate Heavy Faults
Propagate Attacks
Inject Intrinsic Failure To Source
Inject Heavy Fault To Sources
Inject Attack Multiple To Source
Inject Intrinsic Fault To Pipeline
Inject Heavy Fault To Pipeline
Inject Attack To Pipeline
----------- Statistics ------------
	Sources Under Attack: 0
	Sources with Heavy Fault: 0
	Sources with Intrinsic Fault: 2
	Arcs with reduce capacity due to Attack: 0
	Arcs with reduce capacity due to Heavy Fault: 0
	Arcs with reduce capacity due to Intrinsic Fault: 16
	Arcs with Attacks: 0
	Arcs with Heavy Fault: 0
	Arcs with Intrinsic Fault: 0
--------- SOURCES STATISTICS ---------------
Demand del real Source[0]: -31.0, flusso erogato: 12.427999999999997, flusso entrante: 0.0, efficienza: 40.09032258064516 %
Demand del real Source[8]: -10.5, flusso erogato: 0.0, flusso entrante: 0.0, efficienza: 0.0 %
Demand del real Source[9]: -7.1, flusso erogato: 17.107999999999997, flusso entrante: 11.428000000000004, efficienza: 240.9577464788732 %
Demand del real Source[17]: -25.0, flusso erogato: 25.000000000000007, flusso entrante: 0.0, efficienza: 100.00000000000003 %
Flusso totale entrante nei Real Source: 11.428000000000004
Flusso totale uscente dai Real Source: 54.536
Flusso netto sui real Source: -43.108
--- SINKS STATISTICS ---
Sink 3 SODDISFATTO. Flusso netto: 3.4299999999999997, Demand: 3.43, percentage: 99.99999999999999
Sink 4 SODDISFATTO. Flusso netto: 0.5700000000000003, Demand: 0.57, percentage: 100.00000000000007
Sink 5 SODDISFATTO. Flusso netto: 0.660000000000001, Demand: 0.66, percentage: 100.00000000000016
Sink 11 SODDISFATTO. Flusso netto: 1.0300000000000011, Demand: 1.03, percentage: 100.00000000000011
Sink 15 SODDISFATTO. Flusso netto: 0.4600000000000044, Demand: 0.46, percentage: 100.00000000000095
Sink 16 SODDISFATTO. Flusso netto: 8.399999999999993, Demand: 8.4, percentage: 99.99999999999991
Sink 19 SODDISFATTO. Flusso netto: 0.5399999999999938, Demand: 0.54, percentage: 99.99999999999885
Sink 23 SODDISFATTO. Flusso netto: 0.5999999999999996, Demand: 0.6, percentage: 99.99999999999994
Sink 24 SODDISFATTO. Flusso netto: 0.8000000000000007, Demand: 0.8, percentage: 100.00000000000009
Sink 25 SODDISFATTO. Flusso netto: 3.5, Demand: 3.5, percentage: 100.0
Sink 26 SODDISFATTO. Flusso netto: 6.000000000000007, Demand: 6.0, percentage: 100.00000000000011
Sink 28 SODDISFATTO. Flusso netto: 0.4, Demand: 0.4, percentage: 100.0
Sink 30 SODDISFATTO. Flusso netto: 0.9799999999999933, Demand: 0.98, percentage: 99.99999999999932
Sink 31 SODDISFATTO. Flusso netto: 0.3999999999999999, Demand: 0.4, percentage: 99.99999999999997
Sink 32 SODDISFATTO. Flusso netto: 0.9999999999999989, Demand: 1.0, percentage: 99.99999999999989
Sink 34 SODDISFATTO. Flusso netto: 1.7400000000000002, Demand: 1.74, percentage: 100.00000000000003
Sink 35 SODDISFATTO. Flusso netto: 1.3, Demand: 1.3, percentage: 100.0
Sink 37 SODDISFATTO. Flusso netto: 1.0, Demand: 1.0, percentage: 100.0
Sink 39 SODDISFATTO. Flusso netto: 0.40000000000000036, Demand: 0.4, percentage: 100.00000000000009
Sink 40 SODDISFATTO. Flusso netto: 0.5, Demand: 0.5, percentage: 100.0
Sink 41 SODDISFATTO. Flusso netto: 1.0600000000000005, Demand: 1.06, percentage: 100.00000000000004
Sink 42 SODDISFATTO. Flusso netto: 2.8199999999999994, Demand: 2.82, percentage: 99.99999999999999
Sink 45 SODDISFATTO. Flusso netto: 0.6800000000000002, Demand: 0.68, percentage: 100.00000000000003
Sink 46 SODDISFATTO. Flusso netto: 1.17, Demand: 1.17, percentage: 100.0
Sink 49 non è soddisfatto. Flusso netto: 3.6679999999999993, Demand: 7.0, percentage: 52.39999999999999
Flusso totale entrante nei SINK: 91.75200000000001
Flusso totale uscente nei SINK: 48.64400000000001
Flusso totale netto nei SINK: 43.108
Total DEMAND dei SINK: 46.44
Percentual di flusso ai SINK: 0.9282515073212747
Numero di Sink soddisfatti: 24.0, numero totale di sink: 25.0
Percentuale di Sink soddisfatti: 0.96

---------------------------------- DAY 358

Update Fixed Elements from Intrinsic Faults
Source NODO_11 fixed from Intrinsic Fault
Pipeline ARCO_3 fixed due to Source NODO_11 fixing from Intrinsic Fault
Pipeline ARCO_90 fixed due to Source NODO_11 fixing from Intrinsic Fault
Pipeline ARCO_91 fixed due to Source NODO_11 fixing from Intrinsic Fault
Pipeline ARCO_92 fixed due to Source NODO_11 fixing from Intrinsic Fault
Pipeline V_EDGE_53_9 fixed due to Source NODO_11 fixing from Intrinsic Fault
Pipeline ARCO_20 fixed due to Source NODO_11 fixing from Intrinsic Fault
Pipeline ARCO_21 fixed due to Source NODO_11 fixing from Intrinsic Fault
Pipeline ARCO_22 fixed due to Source NODO_11 fixing from Intrinsic Fault
Pipeline ARCO_73 fixed due to Source NODO_11 fixing from Intrinsic Fault
Update Fixed Elements from Heavy Faults
Update Fixed Elements from Attack
Propagate Intrinsic Fault
Node NODO_10 has still failing due to Intrinsic Fault
pipeline ARCO_17 still has reduced capacity: 0.0 due to Intrinsic Fault
pipeline ARCO_88 still has reduced capacity: 0.0 due to Intrinsic Fault
pipeline ARCO_89 still has reduced capacity: 0.0 due to Intrinsic Fault
pipeline V_EDGE_53_8 still has reduced capacity: 0.0 due to Intrinsic Fault
pipeline ARCO_18 still has reduced capacity: 0.0 due to Intrinsic Fault
pipeline ARCO_19 still has reduced capacity: 0.0 due to Intrinsic Fault
pipeline ARCO_87 still has reduced capacity: 0.0 due to Intrinsic Fault
Propagate Heavy Faults
Propagate Attacks
Inject Intrinsic Failure To Source
Source NODO_2 is failing for an Intrinsic Fault in day: 358
pipeline ARCO_70 has reduced capacity due to NODO_2 Intrinsic fault
pipeline V_EDGE_53_0 has reduced capacity due to NODO_2 Intrinsic fault
pipeline ARCO_0 has reduced capacity due to NODO_2 Intrinsic fault
Inject Heavy Fault To Sources
Inject Attack Multiple To Source
Inject Intrinsic Fault To Pipeline
Inject Heavy Fault To Pipeline
Inject Attack To Pipeline
----------- Statistics ------------
	Sources Under Attack: 0
	Sources with Heavy Fault: 0
	Sources with Intrinsic Fault: 2
	Arcs with reduce capacity due to Attack: 0
	Arcs with reduce capacity due to Heavy Fault: 0
	Arcs with reduce capacity due to Intrinsic Fault: 10
	Arcs with Attacks: 0
	Arcs with Heavy Fault: 0
	Arcs with Intrinsic Fault: 0
--------- SOURCES STATISTICS ---------------
Demand del real Source[0]: -31.0, flusso erogato: 11.159999999999997, flusso entrante: 0.0, efficienza: 35.999999999999986 %
Demand del real Source[8]: -10.5, flusso erogato: 0.0, flusso entrante: 0.0, efficienza: 0.0 %
Demand del real Source[9]: -7.1, flusso erogato: 17.259999999999998, flusso entrante: 10.159999999999997, efficienza: 243.09859154929575 %
Demand del real Source[17]: -25.0, flusso erogato: 25.000000000000007, flusso entrante: 0.0, efficienza: 100.00000000000003 %
Flusso totale entrante nei Real Source: 10.159999999999997
Flusso totale uscente dai Real Source: 53.42
Flusso netto sui real Source: -43.260000000000005
--- SINKS STATISTICS ---
Sink 3 SODDISFATTO. Flusso netto: 3.429999999999999, Demand: 3.43, percentage: 99.99999999999997
Sink 4 SODDISFATTO. Flusso netto: 0.5700000000000003, Demand: 0.57, percentage: 100.00000000000007
Sink 5 SODDISFATTO. Flusso netto: 0.6599999999999993, Demand: 0.66, percentage: 99.99999999999987
Sink 11 SODDISFATTO. Flusso netto: 1.0300000000000011, Demand: 1.03, percentage: 100.00000000000011
Sink 15 SODDISFATTO. Flusso netto: 0.4600000000000044, Demand: 0.46, percentage: 100.00000000000095
Sink 16 SODDISFATTO. Flusso netto: 8.399999999999993, Demand: 8.4, percentage: 99.99999999999991
Sink 19 SODDISFATTO. Flusso netto: 0.5399999999999938, Demand: 0.54, percentage: 99.99999999999885
Sink 23 SODDISFATTO. Flusso netto: 0.5999999999999996, Demand: 0.6, percentage: 99.99999999999994
Sink 24 SODDISFATTO. Flusso netto: 0.8000000000000007, Demand: 0.8, percentage: 100.00000000000009
Sink 25 SODDISFATTO. Flusso netto: 3.5, Demand: 3.5, percentage: 100.0
Sink 26 SODDISFATTO. Flusso netto: 6.000000000000007, Demand: 6.0, percentage: 100.00000000000011
Sink 28 SODDISFATTO. Flusso netto: 0.4, Demand: 0.4, percentage: 100.0
Sink 30 SODDISFATTO. Flusso netto: 0.9799999999999933, Demand: 0.98, percentage: 99.99999999999932
Sink 31 SODDISFATTO. Flusso netto: 0.3999999999999999, Demand: 0.4, percentage: 99.99999999999997
Sink 32 SODDISFATTO. Flusso netto: 0.9999999999999989, Demand: 1.0, percentage: 99.99999999999989
Sink 34 SODDISFATTO. Flusso netto: 1.7400000000000002, Demand: 1.74, percentage: 100.00000000000003
Sink 35 SODDISFATTO. Flusso netto: 1.3, Demand: 1.3, percentage: 100.0
Sink 37 SODDISFATTO. Flusso netto: 1.0, Demand: 1.0, percentage: 100.0
Sink 39 SODDISFATTO. Flusso netto: 0.40000000000000036, Demand: 0.4, percentage: 100.00000000000009
Sink 40 SODDISFATTO. Flusso netto: 0.5, Demand: 0.5, percentage: 100.0
Sink 41 SODDISFATTO. Flusso netto: 1.0599999999999996, Demand: 1.06, percentage: 99.99999999999996
Sink 42 SODDISFATTO. Flusso netto: 2.820000000000001, Demand: 2.82, percentage: 100.00000000000004
Sink 45 SODDISFATTO. Flusso netto: 0.6800000000000002, Demand: 0.68, percentage: 100.00000000000003
Sink 46 SODDISFATTO. Flusso netto: 1.17, Demand: 1.17, percentage: 100.0
Sink 49 non è soddisfatto. Flusso netto: 3.8200000000000003, Demand: 7.0, percentage: 54.57142857142857
Flusso totale entrante nei SINK: 88.47
Flusso totale uscente nei SINK: 45.21000000000001
Flusso totale netto nei SINK: 43.25999999999999
Total DEMAND dei SINK: 46.44
Percentual di flusso ai SINK: 0.9315245478036174
Numero di Sink soddisfatti: 24.0, numero totale di sink: 25.0
Percentuale di Sink soddisfatti: 0.96

---------------------------------- DAY 359

Update Fixed Elements from Intrinsic Faults
Source NODO_10 fixed from Intrinsic Fault
Pipeline ARCO_17 fixed due to Source NODO_10 fixing from Intrinsic Fault
Pipeline ARCO_88 fixed due to Source NODO_10 fixing from Intrinsic Fault
Pipeline ARCO_89 fixed due to Source NODO_10 fixing from Intrinsic Fault
Pipeline V_EDGE_53_8 fixed due to Source NODO_10 fixing from Intrinsic Fault
Pipeline ARCO_18 fixed due to Source NODO_10 fixing from Intrinsic Fault
Pipeline ARCO_19 fixed due to Source NODO_10 fixing from Intrinsic Fault
Pipeline ARCO_87 fixed due to Source NODO_10 fixing from Intrinsic Fault
Update Fixed Elements from Heavy Faults
Update Fixed Elements from Attack
Propagate Intrinsic Fault
Node NODO_2 has still failing due to Intrinsic Fault
pipeline ARCO_70 still has reduced capacity: 24.8 due to Intrinsic Fault
pipeline V_EDGE_53_0 still has reduced capacity: 24.8 due to Intrinsic Fault
pipeline ARCO_0 still has reduced capacity: 24.8 due to Intrinsic Fault
Propagate Heavy Faults
Propagate Attacks
Inject Intrinsic Failure To Source
Inject Heavy Fault To Sources
Inject Attack Multiple To Source
Inject Intrinsic Fault To Pipeline
Inject Heavy Fault To Pipeline
Inject Attack To Pipeline
----------- Statistics ------------
	Sources Under Attack: 0
	Sources with Heavy Fault: 0
	Sources with Intrinsic Fault: 1
	Arcs with reduce capacity due to Attack: 0
	Arcs with reduce capacity due to Heavy Fault: 0
	Arcs with reduce capacity due to Intrinsic Fault: 3
	Arcs with Attacks: 0
	Arcs with Heavy Fault: 0
	Arcs with Intrinsic Fault: 0
--------- SOURCES STATISTICS ---------------
Demand del real Source[0]: -31.0, flusso erogato: 8.069999999999997, flusso entrante: 0.0, efficienza: 26.032258064516117 %
Demand del real Source[8]: -10.5, flusso erogato: 3.8600000000000003, flusso entrante: 0.0, efficienza: 36.76190476190476 %
Demand del real Source[9]: -7.1, flusso erogato: 14.169999999999996, flusso entrante: 7.070000000000007, efficienza: 199.57746478873236 %
Demand del real Source[17]: -25.0, flusso erogato: 25.000000000000007, flusso entrante: 0.0, efficienza: 100.00000000000003 %
Flusso totale entrante nei Real Source: 7.070000000000007
Flusso totale uscente dai Real Source: 51.1
Flusso netto sui real Source: -44.029999999999994
--- SINKS STATISTICS ---
Sink 3 SODDISFATTO. Flusso netto: 3.4299999999999997, Demand: 3.43, percentage: 99.99999999999999
Sink 4 SODDISFATTO. Flusso netto: 0.5700000000000003, Demand: 0.57, percentage: 100.00000000000007
Sink 5 SODDISFATTO. Flusso netto: 0.6600000000000019, Demand: 0.66, percentage: 100.00000000000028
Sink 11 SODDISFATTO. Flusso netto: 1.03, Demand: 1.03, percentage: 100.0
Sink 15 SODDISFATTO. Flusso netto: 0.4600000000000044, Demand: 0.46, percentage: 100.00000000000095
Sink 16 SODDISFATTO. Flusso netto: 8.399999999999993, Demand: 8.4, percentage: 99.99999999999991
Sink 19 SODDISFATTO. Flusso netto: 0.5399999999999938, Demand: 0.54, percentage: 99.99999999999885
Sink 23 SODDISFATTO. Flusso netto: 0.5999999999999996, Demand: 0.6, percentage: 99.99999999999994
Sink 24 SODDISFATTO. Flusso netto: 0.8000000000000007, Demand: 0.8, percentage: 100.00000000000009
Sink 25 SODDISFATTO. Flusso netto: 3.5, Demand: 3.5, percentage: 100.0
Sink 26 SODDISFATTO. Flusso netto: 6.000000000000007, Demand: 6.0, percentage: 100.00000000000011
Sink 28 SODDISFATTO. Flusso netto: 0.4, Demand: 0.4, percentage: 100.0
Sink 30 SODDISFATTO. Flusso netto: 0.9799999999999933, Demand: 0.98, percentage: 99.99999999999932
Sink 31 SODDISFATTO. Flusso netto: 0.3999999999999999, Demand: 0.4, percentage: 99.99999999999997
Sink 32 SODDISFATTO. Flusso netto: 0.9999999999999989, Demand: 1.0, percentage: 99.99999999999989
Sink 34 SODDISFATTO. Flusso netto: 1.7400000000000002, Demand: 1.74, percentage: 100.00000000000003
Sink 35 SODDISFATTO. Flusso netto: 1.3, Demand: 1.3, percentage: 100.0
Sink 37 SODDISFATTO. Flusso netto: 1.0, Demand: 1.0, percentage: 100.0
Sink 39 SODDISFATTO. Flusso netto: 0.40000000000000036, Demand: 0.4, percentage: 100.00000000000009
Sink 40 SODDISFATTO. Flusso netto: 0.5, Demand: 0.5, percentage: 100.0
Sink 41 SODDISFATTO. Flusso netto: 1.0600000000000005, Demand: 1.06, percentage: 100.00000000000004
Sink 42 SODDISFATTO. Flusso netto: 2.8200000000000007, Demand: 2.82, percentage: 100.00000000000003
Sink 45 SODDISFATTO. Flusso netto: 0.6800000000000002, Demand: 0.68, percentage: 100.00000000000003
Sink 46 SODDISFATTO. Flusso netto: 1.17, Demand: 1.17, percentage: 100.0
Sink 49 non è soddisfatto. Flusso netto: 4.59, Demand: 7.0, percentage: 65.57142857142857
Flusso totale entrante nei SINK: 86.46000000000001
Flusso totale uscente nei SINK: 42.430000000000014
Flusso totale netto nei SINK: 44.029999999999994
Total DEMAND dei SINK: 46.44
Percentual di flusso ai SINK: 0.9481050818260119
Numero di Sink soddisfatti: 24.0, numero totale di sink: 25.0
Percentuale di Sink soddisfatti: 0.96

---------------------------------- DAY 360

Update Fixed Elements from Intrinsic Faults
Update Fixed Elements from Heavy Faults
Update Fixed Elements from Attack
Propagate Intrinsic Fault
Node NODO_2 has still failing due to Intrinsic Fault
pipeline ARCO_70 still has reduced capacity: 24.8 due to Intrinsic Fault
pipeline V_EDGE_53_0 still has reduced capacity: 24.8 due to Intrinsic Fault
pipeline ARCO_0 still has reduced capacity: 24.8 due to Intrinsic Fault
Propagate Heavy Faults
Propagate Attacks
Inject Intrinsic Failure To Source
Inject Heavy Fault To Sources
Inject Attack Multiple To Source
Inject Intrinsic Fault To Pipeline
Inject Heavy Fault To Pipeline
Inject Attack To Pipeline
----------- Statistics ------------
	Sources Under Attack: 0
	Sources with Heavy Fault: 0
	Sources with Intrinsic Fault: 1
	Arcs with reduce capacity due to Attack: 0
	Arcs with reduce capacity due to Heavy Fault: 0
	Arcs with reduce capacity due to Intrinsic Fault: 3
	Arcs with Attacks: 0
	Arcs with Heavy Fault: 0
	Arcs with Intrinsic Fault: 0
--------- SOURCES STATISTICS ---------------
Demand del real Source[0]: -31.0, flusso erogato: 8.069999999999997, flusso entrante: 0.0, efficienza: 26.032258064516117 %
Demand del real Source[8]: -10.5, flusso erogato: 3.8600000000000003, flusso entrante: 0.0, efficienza: 36.76190476190476 %
Demand del real Source[9]: -7.1, flusso erogato: 14.169999999999996, flusso entrante: 7.070000000000007, efficienza: 199.57746478873236 %
Demand del real Source[17]: -25.0, flusso erogato: 25.000000000000007, flusso entrante: 0.0, efficienza: 100.00000000000003 %
Flusso totale entrante nei Real Source: 7.070000000000007
Flusso totale uscente dai Real Source: 51.1
Flusso netto sui real Source: -44.029999999999994
--- SINKS STATISTICS ---
Sink 3 SODDISFATTO. Flusso netto: 3.4299999999999997, Demand: 3.43, percentage: 99.99999999999999
Sink 4 SODDISFATTO. Flusso netto: 0.5700000000000003, Demand: 0.57, percentage: 100.00000000000007
Sink 5 SODDISFATTO. Flusso netto: 0.6600000000000019, Demand: 0.66, percentage: 100.00000000000028
Sink 11 SODDISFATTO. Flusso netto: 1.03, Demand: 1.03, percentage: 100.0
Sink 15 SODDISFATTO. Flusso netto: 0.4600000000000044, Demand: 0.46, percentage: 100.00000000000095
Sink 16 SODDISFATTO. Flusso netto: 8.399999999999993, Demand: 8.4, percentage: 99.99999999999991
Sink 19 SODDISFATTO. Flusso netto: 0.5399999999999938, Demand: 0.54, percentage: 99.99999999999885
Sink 23 SODDISFATTO. Flusso netto: 0.5999999999999996, Demand: 0.6, percentage: 99.99999999999994
Sink 24 SODDISFATTO. Flusso netto: 0.8000000000000007, Demand: 0.8, percentage: 100.00000000000009
Sink 25 SODDISFATTO. Flusso netto: 3.5, Demand: 3.5, percentage: 100.0
Sink 26 SODDISFATTO. Flusso netto: 6.000000000000007, Demand: 6.0, percentage: 100.00000000000011
Sink 28 SODDISFATTO. Flusso netto: 0.4, Demand: 0.4, percentage: 100.0
Sink 30 SODDISFATTO. Flusso netto: 0.9799999999999933, Demand: 0.98, percentage: 99.99999999999932
Sink 31 SODDISFATTO. Flusso netto: 0.3999999999999999, Demand: 0.4, percentage: 99.99999999999997
Sink 32 SODDISFATTO. Flusso netto: 0.9999999999999989, Demand: 1.0, percentage: 99.99999999999989
Sink 34 SODDISFATTO. Flusso netto: 1.7400000000000002, Demand: 1.74, percentage: 100.00000000000003
Sink 35 SODDISFATTO. Flusso netto: 1.3, Demand: 1.3, percentage: 100.0
Sink 37 SODDISFATTO. Flusso netto: 1.0, Demand: 1.0, percentage: 100.0
Sink 39 SODDISFATTO. Flusso netto: 0.40000000000000036, Demand: 0.4, percentage: 100.00000000000009
Sink 40 SODDISFATTO. Flusso netto: 0.5, Demand: 0.5, percentage: 100.0
Sink 41 SODDISFATTO. Flusso netto: 1.0600000000000005, Demand: 1.06, percentage: 100.00000000000004
Sink 42 SODDISFATTO. Flusso netto: 2.8200000000000007, Demand: 2.82, percentage: 100.00000000000003
Sink 45 SODDISFATTO. Flusso netto: 0.6800000000000002, Demand: 0.68, percentage: 100.00000000000003
Sink 46 SODDISFATTO. Flusso netto: 1.17, Demand: 1.17, percentage: 100.0
Sink 49 non è soddisfatto. Flusso netto: 4.59, Demand: 7.0, percentage: 65.57142857142857
Flusso totale entrante nei SINK: 86.46000000000001
Flusso totale uscente nei SINK: 42.430000000000014
Flusso totale netto nei SINK: 44.029999999999994
Total DEMAND dei SINK: 46.44
Percentual di flusso ai SINK: 0.9481050818260119
Numero di Sink soddisfatti: 24.0, numero totale di sink: 25.0
Percentuale di Sink soddisfatti: 0.96

---------------------------------- DAY 361

Update Fixed Elements from Intrinsic Faults
Source NODO_2 fixed from Intrinsic Fault
Pipeline ARCO_70 fixed due to Source NODO_2 fixing from Intrinsic Fault
Pipeline V_EDGE_53_0 fixed due to Source NODO_2 fixing from Intrinsic Fault
Pipeline ARCO_0 fixed due to Source NODO_2 fixing from Intrinsic Fault
Update Fixed Elements from Heavy Faults
Update Fixed Elements from Attack
Propagate Intrinsic Fault
Propagate Heavy Faults
Propagate Attacks
Inject Intrinsic Failure To Source
Source NODO_11 is failing for an Intrinsic Fault in day: 361
pipeline ARCO_3 has reduced capacity due to NODO_11 Intrinsic fault
pipeline ARCO_90 has reduced capacity due to NODO_11 Intrinsic fault
pipeline ARCO_91 has reduced capacity due to NODO_11 Intrinsic fault
pipeline ARCO_92 has reduced capacity due to NODO_11 Intrinsic fault
pipeline V_EDGE_53_9 has reduced capacity due to NODO_11 Intrinsic fault
pipeline ARCO_20 has reduced capacity due to NODO_11 Intrinsic fault
pipeline ARCO_21 has reduced capacity due to NODO_11 Intrinsic fault
pipeline ARCO_22 has reduced capacity due to NODO_11 Intrinsic fault
pipeline ARCO_73 has reduced capacity due to NODO_11 Intrinsic fault
Inject Heavy Fault To Sources
Inject Attack Multiple To Source
Inject Intrinsic Fault To Pipeline
Inject Heavy Fault To Pipeline
Inject Attack To Pipeline
----------- Statistics ------------
	Sources Under Attack: 0
	Sources with Heavy Fault: 0
	Sources with Intrinsic Fault: 1
	Arcs with reduce capacity due to Attack: 0
	Arcs with reduce capacity due to Heavy Fault: 0
	Arcs with reduce capacity due to Intrinsic Fault: 9
	Arcs with Attacks: 0
	Arcs with Heavy Fault: 0
	Arcs with Intrinsic Fault: 0
--------- SOURCES STATISTICS ---------------
Demand del real Source[0]: -31.0, flusso erogato: 8.729999999999993, flusso entrante: 0.0, efficienza: 28.161290322580623 %
Demand del real Source[8]: -10.5, flusso erogato: 3.8600000000000003, flusso entrante: 0.0, efficienza: 36.76190476190476 %
Demand del real Source[9]: -7.1, flusso erogato: 13.409999999999997, flusso entrante: 7.73, efficienza: 188.87323943661968 %
Demand del real Source[17]: -25.0, flusso erogato: 25.000000000000007, flusso entrante: 0.0, efficienza: 100.00000000000003 %
Flusso totale entrante nei Real Source: 7.73
Flusso totale uscente dai Real Source: 51.0
Flusso netto sui real Source: -43.269999999999996
--- SINKS STATISTICS ---
Sink 3 SODDISFATTO. Flusso netto: 3.4299999999999997, Demand: 3.43, percentage: 99.99999999999999
Sink 4 SODDISFATTO. Flusso netto: 0.5700000000000003, Demand: 0.57, percentage: 100.00000000000007
Sink 5 SODDISFATTO. Flusso netto: 0.6600000000000001, Demand: 0.66, percentage: 100.00000000000003
Sink 11 SODDISFATTO. Flusso netto: 1.03, Demand: 1.03, percentage: 100.0
Sink 15 SODDISFATTO. Flusso netto: 0.4600000000000044, Demand: 0.46, percentage: 100.00000000000095
Sink 16 SODDISFATTO. Flusso netto: 8.399999999999993, Demand: 8.4, percentage: 99.99999999999991
Sink 19 SODDISFATTO. Flusso netto: 0.5399999999999938, Demand: 0.54, percentage: 99.99999999999885
Sink 23 SODDISFATTO. Flusso netto: 0.5999999999999996, Demand: 0.6, percentage: 99.99999999999994
Sink 24 SODDISFATTO. Flusso netto: 0.8000000000000007, Demand: 0.8, percentage: 100.00000000000009
Sink 25 SODDISFATTO. Flusso netto: 3.5, Demand: 3.5, percentage: 100.0
Sink 26 SODDISFATTO. Flusso netto: 6.000000000000007, Demand: 6.0, percentage: 100.00000000000011
Sink 28 SODDISFATTO. Flusso netto: 0.4, Demand: 0.4, percentage: 100.0
Sink 30 SODDISFATTO. Flusso netto: 0.9799999999999933, Demand: 0.98, percentage: 99.99999999999932
Sink 31 SODDISFATTO. Flusso netto: 0.3999999999999999, Demand: 0.4, percentage: 99.99999999999997
Sink 32 SODDISFATTO. Flusso netto: 0.9999999999999989, Demand: 1.0, percentage: 99.99999999999989
Sink 34 SODDISFATTO. Flusso netto: 1.7400000000000002, Demand: 1.74, percentage: 100.00000000000003
Sink 35 SODDISFATTO. Flusso netto: 1.3, Demand: 1.3, percentage: 100.0
Sink 37 SODDISFATTO. Flusso netto: 1.0, Demand: 1.0, percentage: 100.0
Sink 39 SODDISFATTO. Flusso netto: 0.40000000000000036, Demand: 0.4, percentage: 100.00000000000009
Sink 40 SODDISFATTO. Flusso netto: 0.5, Demand: 0.5, percentage: 100.0
Sink 41 SODDISFATTO. Flusso netto: 1.0600000000000005, Demand: 1.06, percentage: 100.00000000000004
Sink 42 SODDISFATTO. Flusso netto: 2.819999999999999, Demand: 2.82, percentage: 99.99999999999997
Sink 45 SODDISFATTO. Flusso netto: 0.6800000000000002, Demand: 0.68, percentage: 100.00000000000003
Sink 46 SODDISFATTO. Flusso netto: 1.17, Demand: 1.17, percentage: 100.0
Sink 49 non è soddisfatto. Flusso netto: 3.83, Demand: 7.0, percentage: 54.714285714285715
Flusso totale entrante nei SINK: 85.282
Flusso totale uscente nei SINK: 42.01200000000001
Flusso totale netto nei SINK: 43.26999999999999
Total DEMAND dei SINK: 46.44
Percentual di flusso ai SINK: 0.9317398794142978
Numero di Sink soddisfatti: 24.0, numero totale di sink: 25.0
Percentuale di Sink soddisfatti: 0.96

---------------------------------- DAY 362

Update Fixed Elements from Intrinsic Faults
Update Fixed Elements from Heavy Faults
Update Fixed Elements from Attack
Propagate Intrinsic Fault
Node NODO_11 has still failing due to Intrinsic Fault
pipeline ARCO_3 still has reduced capacity: 9.688 due to Intrinsic Fault
pipeline ARCO_90 still has reduced capacity: 1.6 due to Intrinsic Fault
pipeline ARCO_91 still has reduced capacity: 9.688 due to Intrinsic Fault
pipeline ARCO_92 still has reduced capacity: 39.328 due to Intrinsic Fault
pipeline V_EDGE_53_9 still has reduced capacity: 5.68 due to Intrinsic Fault
pipeline ARCO_20 still has reduced capacity: 1.6 due to Intrinsic Fault
pipeline ARCO_21 still has reduced capacity: 9.688 due to Intrinsic Fault
pipeline ARCO_22 still has reduced capacity: 39.328 due to Intrinsic Fault
pipeline ARCO_73 still has reduced capacity: 9.688 due to Intrinsic Fault
Propagate Heavy Faults
Propagate Attacks
Inject Intrinsic Failure To Source
Source NODO_19 is failing for an Intrinsic Fault in day: 362
pipeline ARCO_35 has reduced capacity due to NODO_19 Intrinsic fault
pipeline ARCO_109 has reduced capacity due to NODO_19 Intrinsic fault
pipeline ARCO_110 has reduced capacity due to NODO_19 Intrinsic fault
pipeline V_EDGE_53_17 has reduced capacity due to NODO_19 Intrinsic fault
pipeline ARCO_39 has reduced capacity due to NODO_19 Intrinsic fault
pipeline ARCO_40 has reduced capacity due to NODO_19 Intrinsic fault
pipeline ARCO_105 has reduced capacity due to NODO_19 Intrinsic fault
Inject Heavy Fault To Sources
Inject Attack Multiple To Source
Inject Intrinsic Fault To Pipeline
Inject Heavy Fault To Pipeline
Inject Attack To Pipeline
----------- Statistics ------------
	Sources Under Attack: 0
	Sources with Heavy Fault: 0
	Sources with Intrinsic Fault: 2
	Arcs with reduce capacity due to Attack: 0
	Arcs with reduce capacity due to Heavy Fault: 0
	Arcs with reduce capacity due to Intrinsic Fault: 16
	Arcs with Attacks: 0
	Arcs with Heavy Fault: 0
	Arcs with Intrinsic Fault: 0
--------- SOURCES STATISTICS ---------------
Demand del real Source[0]: -31.0, flusso erogato: 10.049999999999997, flusso entrante: 0.0, efficienza: 32.419354838709666 %
Demand del real Source[8]: -10.5, flusso erogato: 7.85, flusso entrante: 0.0, efficienza: 74.76190476190476 %
Demand del real Source[9]: -7.1, flusso erogato: 14.729999999999999, flusso entrante: 9.050000000000004, efficienza: 207.46478873239437 %
Demand del real Source[17]: -25.0, flusso erogato: 0.0, flusso entrante: 0.0, efficienza: 0.0 %
Flusso totale entrante nei Real Source: 9.050000000000004
Flusso totale uscente dai Real Source: 32.63
Flusso netto sui real Source: -23.58
--- SINKS STATISTICS ---
Sink 3 SODDISFATTO. Flusso netto: 3.4299999999999997, Demand: 3.43, percentage: 99.99999999999999
Sink 4 SODDISFATTO. Flusso netto: 0.5700000000000003, Demand: 0.57, percentage: 100.00000000000007
Sink 5 SODDISFATTO. Flusso netto: 0.6600000000000001, Demand: 0.66, percentage: 100.00000000000003
Sink 11 SODDISFATTO. Flusso netto: 1.0299999999999978, Demand: 1.03, percentage: 99.99999999999979
Sink 15 SODDISFATTO. Flusso netto: 0.46000000000000263, Demand: 0.46, percentage: 100.00000000000058
Sink 16 non è soddisfatto. Flusso netto: 2.83, Demand: 8.4, percentage: 33.69047619047619
Sink 19 non è soddisfatto. Flusso netto: 0.0, Demand: 0.54, percentage: 0.0
Sink 23 non è soddisfatto. Flusso netto: 0.0, Demand: 0.6, percentage: 0.0
Sink 24 non è soddisfatto. Flusso netto: 0.0, Demand: 0.8, percentage: 0.0
Sink 25 non è soddisfatto. Flusso netto: 0.0, Demand: 3.5, percentage: 0.0
Sink 26 non è soddisfatto. Flusso netto: 0.0, Demand: 6.0, percentage: 0.0
Sink 28 non è soddisfatto. Flusso netto: 0.0, Demand: 0.4, percentage: 0.0
Sink 30 non è soddisfatto. Flusso netto: 0.0, Demand: 0.98, percentage: 0.0
Sink 31 non è soddisfatto. Flusso netto: 0.0, Demand: 0.4, percentage: 0.0
Sink 32 SODDISFATTO. Flusso netto: 1.0000000000000009, Demand: 1.0, percentage: 100.00000000000009
Sink 34 SODDISFATTO. Flusso netto: 1.7400000000000002, Demand: 1.74, percentage: 100.00000000000003
Sink 35 SODDISFATTO. Flusso netto: 1.3, Demand: 1.3, percentage: 100.0
Sink 37 SODDISFATTO. Flusso netto: 1.0, Demand: 1.0, percentage: 100.0
Sink 39 non è soddisfatto. Flusso netto: 0.0, Demand: 0.4, percentage: 0.0
Sink 40 non è soddisfatto. Flusso netto: 0.0, Demand: 0.5, percentage: 0.0
Sink 41 SODDISFATTO. Flusso netto: 1.0600000000000005, Demand: 1.06, percentage: 100.00000000000004
Sink 42 SODDISFATTO. Flusso netto: 2.819999999999999, Demand: 2.82, percentage: 99.99999999999997
Sink 45 SODDISFATTO. Flusso netto: 0.6800000000000002, Demand: 0.68, percentage: 100.00000000000003
Sink 46 SODDISFATTO. Flusso netto: 1.17, Demand: 1.17, percentage: 100.0
Sink 49 non è soddisfatto. Flusso netto: 3.83, Demand: 7.0, percentage: 54.714285714285715
Flusso totale entrante nei SINK: 42.402
Flusso totale uscente nei SINK: 18.822000000000003
Flusso totale netto nei SINK: 23.58
Total DEMAND dei SINK: 46.44
Percentual di flusso ai SINK: 0.5077519379844961
Numero di Sink soddisfatti: 13.0, numero totale di sink: 25.0
Percentuale di Sink soddisfatti: 0.52

---------------------------------- DAY 363

Update Fixed Elements from Intrinsic Faults
Update Fixed Elements from Heavy Faults
Update Fixed Elements from Attack
Propagate Intrinsic Fault
Node NODO_11 has still failing due to Intrinsic Fault
Node NODO_19 has still failing due to Intrinsic Fault
pipeline ARCO_3 still has reduced capacity: 9.688 due to Intrinsic Fault
pipeline ARCO_90 still has reduced capacity: 1.6 due to Intrinsic Fault
pipeline ARCO_91 still has reduced capacity: 9.688 due to Intrinsic Fault
pipeline ARCO_92 still has reduced capacity: 39.328 due to Intrinsic Fault
pipeline V_EDGE_53_9 still has reduced capacity: 5.68 due to Intrinsic Fault
pipeline ARCO_20 still has reduced capacity: 1.6 due to Intrinsic Fault
pipeline ARCO_21 still has reduced capacity: 9.688 due to Intrinsic Fault
pipeline ARCO_22 still has reduced capacity: 39.328 due to Intrinsic Fault
pipeline ARCO_73 still has reduced capacity: 9.688 due to Intrinsic Fault
pipeline ARCO_35 still has reduced capacity: 0.0 due to Intrinsic Fault
pipeline ARCO_109 still has reduced capacity: 0.0 due to Intrinsic Fault
pipeline ARCO_110 still has reduced capacity: 0.0 due to Intrinsic Fault
pipeline V_EDGE_53_17 still has reduced capacity: 0.0 due to Intrinsic Fault
pipeline ARCO_39 still has reduced capacity: 0.0 due to Intrinsic Fault
pipeline ARCO_40 still has reduced capacity: 0.0 due to Intrinsic Fault
pipeline ARCO_105 still has reduced capacity: 0.0 due to Intrinsic Fault
Propagate Heavy Faults
Propagate Attacks
Inject Intrinsic Failure To Source
Inject Heavy Fault To Sources
Inject Attack Multiple To Source
Inject Intrinsic Fault To Pipeline
Inject Heavy Fault To Pipeline
Inject Attack To Pipeline
----------- Statistics ------------
	Sources Under Attack: 0
	Sources with Heavy Fault: 0
	Sources with Intrinsic Fault: 2
	Arcs with reduce capacity due to Attack: 0
	Arcs with reduce capacity due to Heavy Fault: 0
	Arcs with reduce capacity due to Intrinsic Fault: 16
	Arcs with Attacks: 0
	Arcs with Heavy Fault: 0
	Arcs with Intrinsic Fault: 0
--------- SOURCES STATISTICS ---------------
Demand del real Source[0]: -31.0, flusso erogato: 10.049999999999997, flusso entrante: 0.0, efficienza: 32.419354838709666 %
Demand del real Source[8]: -10.5, flusso erogato: 7.85, flusso entrante: 0.0, efficienza: 74.76190476190476 %
Demand del real Source[9]: -7.1, flusso erogato: 14.729999999999999, flusso entrante: 9.050000000000004, efficienza: 207.46478873239437 %
Demand del real Source[17]: -25.0, flusso erogato: 0.0, flusso entrante: 0.0, efficienza: 0.0 %
Flusso totale entrante nei Real Source: 9.050000000000004
Flusso totale uscente dai Real Source: 32.63
Flusso netto sui real Source: -23.58
--- SINKS STATISTICS ---
Sink 3 SODDISFATTO. Flusso netto: 3.4299999999999997, Demand: 3.43, percentage: 99.99999999999999
Sink 4 SODDISFATTO. Flusso netto: 0.5700000000000003, Demand: 0.57, percentage: 100.00000000000007
Sink 5 SODDISFATTO. Flusso netto: 0.6600000000000001, Demand: 0.66, percentage: 100.00000000000003
Sink 11 SODDISFATTO. Flusso netto: 1.0299999999999978, Demand: 1.03, percentage: 99.99999999999979
Sink 15 SODDISFATTO. Flusso netto: 0.46000000000000263, Demand: 0.46, percentage: 100.00000000000058
Sink 16 non è soddisfatto. Flusso netto: 2.83, Demand: 8.4, percentage: 33.69047619047619
Sink 19 non è soddisfatto. Flusso netto: 0.0, Demand: 0.54, percentage: 0.0
Sink 23 non è soddisfatto. Flusso netto: 0.0, Demand: 0.6, percentage: 0.0
Sink 24 non è soddisfatto. Flusso netto: 0.0, Demand: 0.8, percentage: 0.0
Sink 25 non è soddisfatto. Flusso netto: 0.0, Demand: 3.5, percentage: 0.0
Sink 26 non è soddisfatto. Flusso netto: 0.0, Demand: 6.0, percentage: 0.0
Sink 28 non è soddisfatto. Flusso netto: 0.0, Demand: 0.4, percentage: 0.0
Sink 30 non è soddisfatto. Flusso netto: 0.0, Demand: 0.98, percentage: 0.0
Sink 31 non è soddisfatto. Flusso netto: 0.0, Demand: 0.4, percentage: 0.0
Sink 32 SODDISFATTO. Flusso netto: 1.0000000000000009, Demand: 1.0, percentage: 100.00000000000009
Sink 34 SODDISFATTO. Flusso netto: 1.7400000000000002, Demand: 1.74, percentage: 100.00000000000003
Sink 35 SODDISFATTO. Flusso netto: 1.3, Demand: 1.3, percentage: 100.0
Sink 37 SODDISFATTO. Flusso netto: 1.0, Demand: 1.0, percentage: 100.0
Sink 39 non è soddisfatto. Flusso netto: 0.0, Demand: 0.4, percentage: 0.0
Sink 40 non è soddisfatto. Flusso netto: 0.0, Demand: 0.5, percentage: 0.0
Sink 41 SODDISFATTO. Flusso netto: 1.0600000000000005, Demand: 1.06, percentage: 100.00000000000004
Sink 42 SODDISFATTO. Flusso netto: 2.819999999999999, Demand: 2.82, percentage: 99.99999999999997
Sink 45 SODDISFATTO. Flusso netto: 0.6800000000000002, Demand: 0.68, percentage: 100.00000000000003
Sink 46 SODDISFATTO. Flusso netto: 1.17, Demand: 1.17, percentage: 100.0
Sink 49 non è soddisfatto. Flusso netto: 3.83, Demand: 7.0, percentage: 54.714285714285715
Flusso totale entrante nei SINK: 42.402
Flusso totale uscente nei SINK: 18.822000000000003
Flusso totale netto nei SINK: 23.58
Total DEMAND dei SINK: 46.44
Percentual di flusso ai SINK: 0.5077519379844961
Numero di Sink soddisfatti: 13.0, numero totale di sink: 25.0
Percentuale di Sink soddisfatti: 0.52

---------------------------------- DAY 364

Update Fixed Elements from Intrinsic Faults
Source NODO_11 fixed from Intrinsic Fault
Pipeline ARCO_3 fixed due to Source NODO_11 fixing from Intrinsic Fault
Pipeline ARCO_90 fixed due to Source NODO_11 fixing from Intrinsic Fault
Pipeline ARCO_91 fixed due to Source NODO_11 fixing from Intrinsic Fault
Pipeline ARCO_92 fixed due to Source NODO_11 fixing from Intrinsic Fault
Pipeline V_EDGE_53_9 fixed due to Source NODO_11 fixing from Intrinsic Fault
Pipeline ARCO_20 fixed due to Source NODO_11 fixing from Intrinsic Fault
Pipeline ARCO_21 fixed due to Source NODO_11 fixing from Intrinsic Fault
Pipeline ARCO_22 fixed due to Source NODO_11 fixing from Intrinsic Fault
Pipeline ARCO_73 fixed due to Source NODO_11 fixing from Intrinsic Fault
Update Fixed Elements from Heavy Faults
Update Fixed Elements from Attack
Propagate Intrinsic Fault
Node NODO_19 has still failing due to Intrinsic Fault
pipeline ARCO_35 still has reduced capacity: 0.0 due to Intrinsic Fault
pipeline ARCO_109 still has reduced capacity: 0.0 due to Intrinsic Fault
pipeline ARCO_110 still has reduced capacity: 0.0 due to Intrinsic Fault
pipeline V_EDGE_53_17 still has reduced capacity: 0.0 due to Intrinsic Fault
pipeline ARCO_39 still has reduced capacity: 0.0 due to Intrinsic Fault
pipeline ARCO_40 still has reduced capacity: 0.0 due to Intrinsic Fault
pipeline ARCO_105 still has reduced capacity: 0.0 due to Intrinsic Fault
Propagate Heavy Faults
Propagate Attacks
Inject Intrinsic Failure To Source
Inject Heavy Fault To Sources
Inject Attack Multiple To Source
Inject Intrinsic Fault To Pipeline
Inject Heavy Fault To Pipeline
Inject Attack To Pipeline
----------- Statistics ------------
	Sources Under Attack: 0
	Sources with Heavy Fault: 0
	Sources with Intrinsic Fault: 1
	Arcs with reduce capacity due to Attack: 0
	Arcs with reduce capacity due to Heavy Fault: 0
	Arcs with reduce capacity due to Intrinsic Fault: 7
	Arcs with Attacks: 0
	Arcs with Heavy Fault: 0
	Arcs with Intrinsic Fault: 0
--------- SOURCES STATISTICS ---------------
Demand del real Source[0]: -31.0, flusso erogato: 9.79, flusso entrante: 0.0, efficienza: 31.58064516129032 %
Demand del real Source[8]: -10.5, flusso erogato: 7.45, flusso entrante: 0.0, efficienza: 70.95238095238095 %
Demand del real Source[9]: -7.1, flusso erogato: 15.889999999999999, flusso entrante: 8.790000000000006, efficienza: 223.80281690140845 %
Demand del real Source[17]: -25.0, flusso erogato: 0.0, flusso entrante: 0.0, efficienza: 0.0 %
Flusso totale entrante nei Real Source: 8.790000000000006
Flusso totale uscente dai Real Source: 33.13
Flusso netto sui real Source: -24.339999999999996
--- SINKS STATISTICS ---
Sink 3 SODDISFATTO. Flusso netto: 3.4299999999999997, Demand: 3.43, percentage: 99.99999999999999
Sink 4 SODDISFATTO. Flusso netto: 0.5700000000000003, Demand: 0.57, percentage: 100.00000000000007
Sink 5 SODDISFATTO. Flusso netto: 0.6600000000000019, Demand: 0.66, percentage: 100.00000000000028
Sink 11 SODDISFATTO. Flusso netto: 1.0299999999999978, Demand: 1.03, percentage: 99.99999999999979
Sink 15 SODDISFATTO. Flusso netto: 0.46000000000000263, Demand: 0.46, percentage: 100.00000000000058
Sink 16 non è soddisfatto. Flusso netto: 2.83, Demand: 8.4, percentage: 33.69047619047619
Sink 19 non è soddisfatto. Flusso netto: 0.0, Demand: 0.54, percentage: 0.0
Sink 23 non è soddisfatto. Flusso netto: 0.0, Demand: 0.6, percentage: 0.0
Sink 24 non è soddisfatto. Flusso netto: 0.0, Demand: 0.8, percentage: 0.0
Sink 25 non è soddisfatto. Flusso netto: 0.0, Demand: 3.5, percentage: 0.0
Sink 26 non è soddisfatto. Flusso netto: 0.0, Demand: 6.0, percentage: 0.0
Sink 28 non è soddisfatto. Flusso netto: 0.0, Demand: 0.4, percentage: 0.0
Sink 30 non è soddisfatto. Flusso netto: 0.0, Demand: 0.98, percentage: 0.0
Sink 31 non è soddisfatto. Flusso netto: 0.0, Demand: 0.4, percentage: 0.0
Sink 32 SODDISFATTO. Flusso netto: 1.0, Demand: 1.0, percentage: 100.0
Sink 34 SODDISFATTO. Flusso netto: 1.7400000000000002, Demand: 1.74, percentage: 100.00000000000003
Sink 35 SODDISFATTO. Flusso netto: 1.3, Demand: 1.3, percentage: 100.0
Sink 37 SODDISFATTO. Flusso netto: 1.0, Demand: 1.0, percentage: 100.0
Sink 39 non è soddisfatto. Flusso netto: 0.0, Demand: 0.4, percentage: 0.0
Sink 40 non è soddisfatto. Flusso netto: 0.0, Demand: 0.5, percentage: 0.0
Sink 41 SODDISFATTO. Flusso netto: 1.0600000000000005, Demand: 1.06, percentage: 100.00000000000004
Sink 42 SODDISFATTO. Flusso netto: 2.8200000000000007, Demand: 2.82, percentage: 100.00000000000003
Sink 45 SODDISFATTO. Flusso netto: 0.6800000000000002, Demand: 0.68, percentage: 100.00000000000003
Sink 46 SODDISFATTO. Flusso netto: 1.17, Demand: 1.17, percentage: 100.0
Sink 49 non è soddisfatto. Flusso netto: 4.59, Demand: 7.0, percentage: 65.57142857142857
Flusso totale entrante nei SINK: 43.980000000000004
Flusso totale uscente nei SINK: 19.639999999999997
Flusso totale netto nei SINK: 24.340000000000007
Total DEMAND dei SINK: 46.44
Percentual di flusso ai SINK: 0.5241171403962104
Numero di Sink soddisfatti: 13.0, numero totale di sink: 25.0
Percentuale di Sink soddisfatti: 0.52
